eval_f = 0.47916666
eval_precision = 0.46
eval_recall = 0.5
global_step = 6143
loss = 0.07376168
