eval_f = 0.93621564
eval_precision = 0.91338336
eval_recall = 0.96052635
global_step = 6143
loss = 0.2157627
