eval_f = 0.990566
eval_precision = 0.9875
eval_recall = 0.9936709
global_step = 6152
loss = 0.37817812
