eval_f = 0.4347826
eval_precision = 0.41666666
eval_recall = 0.45454547
global_step = 6158
loss = 8.126568
