eval_f = 0.9504565
eval_precision = 0.931318
eval_recall = 0.970425
global_step = 6143
loss = 1.145636
