eval_f = 0.9319203
eval_precision = 0.9251337
eval_recall = 0.9413389
global_step = 6147
loss = 1.0759094
