eval_f = 0.9420041
eval_precision = 0.9216117
eval_recall = 0.963742
global_step = 6143
loss = 0.34657127
