eval_f = 0.9508772
eval_precision = 0.93605447
eval_recall = 0.9666667
global_step = 6143
loss = 0.07236051
