eval_f = 0.9593408
eval_precision = 0.9557316
eval_recall = 0.96382576
global_step = 6143
loss = 0.34516355
