	PMCID	SENTENCE_NUM	SENTENCE_START	SENTENCE_END	WORD	POS_TAG	WORD_START	WORD_END	BIO_TAG	PMC_MENTION_ID	ONTOLOGY_CONCEPT_ID	ONTOLOGY_LABEL
0	PMC5539754.nxml.gz	PMC5539754.nxml.gz_0	0	280	Season	NNP	0	6	O	None	None	None
1	PMC5539754.nxml.gz	PMC5539754.nxml.gz_0	0	280	and	CC	7	10	O	None	None	None
2	PMC5539754.nxml.gz	PMC5539754.nxml.gz_0	0	280	vitamin	NNP	11	18	O	None	None	None
3	PMC5539754.nxml.gz	PMC5539754.nxml.gz_0	0	280	D	NNP	19	20	O	None	None	None
4	PMC5539754.nxml.gz	PMC5539754.nxml.gz_0	0	280	status	NN	21	27	O	None	None	None
5	PMC5539754.nxml.gz	PMC5539754.nxml.gz_0	0	280	are	VBP	28	31	O	None	None	None
6	PMC5539754.nxml.gz	PMC5539754.nxml.gz_0	0	280	independently	RB	32	45	O	None	None	None
7	PMC5539754.nxml.gz	PMC5539754.nxml.gz_0	0	280	associated	VBN	46	56	O	None	None	None
8	PMC5539754.nxml.gz	PMC5539754.nxml.gz_0	0	280	with	IN	57	61	O	None	None	None
9	PMC5539754.nxml.gz	PMC5539754.nxml.gz_0	0	280	glucose	JJ	62	69	O	None	None	None
10	PMC5539754.nxml.gz	PMC5539754.nxml.gz_0	0	280	homeostasis	NN	70	81	O	None	None	None
11	PMC5539754.nxml.gz	PMC5539754.nxml.gz_0	0	280	in	IN	82	84	O	None	None	None
12	PMC5539754.nxml.gz	PMC5539754.nxml.gz_0	0	280	pregnancy	NN	85	94	O	None	None	None
13	PMC5539754.nxml.gz	PMC5539754.nxml.gz_0	0	280	Abstract	NNP	96	104	O	None	None	None
14	PMC5539754.nxml.gz	PMC5539754.nxml.gz_0	0	280	Background	NNP	106	116	O	None	None	None
15	PMC5539754.nxml.gz	PMC5539754.nxml.gz_0	0	280	Vitamin	NNP	117	124	O	None	None	None
16	PMC5539754.nxml.gz	PMC5539754.nxml.gz_0	0	280	D	NNP	125	126	O	None	None	None
17	PMC5539754.nxml.gz	PMC5539754.nxml.gz_0	0	280	status	NN	127	133	O	None	None	None
18	PMC5539754.nxml.gz	PMC5539754.nxml.gz_0	0	280	and	CC	134	137	O	None	None	None
19	PMC5539754.nxml.gz	PMC5539754.nxml.gz_0	0	280	season	NN	138	144	O	None	None	None
20	PMC5539754.nxml.gz	PMC5539754.nxml.gz_0	0	280	are	VBP	145	148	O	None	None	None
21	PMC5539754.nxml.gz	PMC5539754.nxml.gz_0	0	280	intrinsically	RB	149	162	O	None	None	None
22	PMC5539754.nxml.gz	PMC5539754.nxml.gz_0	0	280	linked	VBN	163	169	O	None	None	None
23	PMC5539754.nxml.gz	PMC5539754.nxml.gz_0	0	280	,	,	169	170	O	None	None	None
24	PMC5539754.nxml.gz	PMC5539754.nxml.gz_0	0	280	and	CC	171	174	O	None	None	None
25	PMC5539754.nxml.gz	PMC5539754.nxml.gz_0	0	280	both	DT	175	179	O	None	None	None
26	PMC5539754.nxml.gz	PMC5539754.nxml.gz_0	0	280	have	VBP	180	184	O	None	None	None
27	PMC5539754.nxml.gz	PMC5539754.nxml.gz_0	0	280	been	VBN	185	189	O	None	None	None
28	PMC5539754.nxml.gz	PMC5539754.nxml.gz_0	0	280	proposed	VBN	190	198	O	None	None	None
29	PMC5539754.nxml.gz	PMC5539754.nxml.gz_0	0	280	to	TO	199	201	O	None	None	None
30	PMC5539754.nxml.gz	PMC5539754.nxml.gz_0	0	280	be	VB	202	204	O	None	None	None
31	PMC5539754.nxml.gz	PMC5539754.nxml.gz_0	0	280	associated	VBN	205	215	O	None	None	None
32	PMC5539754.nxml.gz	PMC5539754.nxml.gz_0	0	280	with	IN	216	220	O	None	None	None
33	PMC5539754.nxml.gz	PMC5539754.nxml.gz_0	0	280	glucose	JJ	221	228	O	None	None	None
34	PMC5539754.nxml.gz	PMC5539754.nxml.gz_0	0	280	homeostasis	NN	229	240	O	None	None	None
35	PMC5539754.nxml.gz	PMC5539754.nxml.gz_0	0	280	in	IN	241	243	O	None	None	None
36	PMC5539754.nxml.gz	PMC5539754.nxml.gz_0	0	280	pregnancy	NN	244	253	O	None	None	None
37	PMC5539754.nxml.gz	PMC5539754.nxml.gz_0	0	280	,	,	253	254	O	None	None	None
38	PMC5539754.nxml.gz	PMC5539754.nxml.gz_0	0	280	with	IN	255	259	O	None	None	None
39	PMC5539754.nxml.gz	PMC5539754.nxml.gz_0	0	280	conflicting	VBG	260	271	O	None	None	None
40	PMC5539754.nxml.gz	PMC5539754.nxml.gz_0	0	280	results	NNS	272	279	O	None	None	None
41	PMC5539754.nxml.gz	PMC5539754.nxml.gz_0	0	280	.	.	279	280	O	None	None	None
42	PMC5539754.nxml.gz	PMC5539754.nxml.gz_1	281	438	We	PRP	281	283	O	None	None	None
43	PMC5539754.nxml.gz	PMC5539754.nxml.gz_1	281	438	aimed	VBD	284	289	O	None	None	None
44	PMC5539754.nxml.gz	PMC5539754.nxml.gz_1	281	438	to	TO	290	292	O	None	None	None
45	PMC5539754.nxml.gz	PMC5539754.nxml.gz_1	281	438	determine	VB	293	302	O	None	None	None
46	PMC5539754.nxml.gz	PMC5539754.nxml.gz_1	281	438	if	IN	303	305	O	None	None	None
47	PMC5539754.nxml.gz	PMC5539754.nxml.gz_1	281	438	exposure	NN	306	314	O	None	None	None
48	PMC5539754.nxml.gz	PMC5539754.nxml.gz_1	281	438	to	TO	315	317	O	None	None	None
49	PMC5539754.nxml.gz	PMC5539754.nxml.gz_1	281	438	winter	NN	318	324	O	None	None	None
50	PMC5539754.nxml.gz	PMC5539754.nxml.gz_1	281	438	and	CC	325	328	O	None	None	None
51	PMC5539754.nxml.gz	PMC5539754.nxml.gz_1	281	438	low	JJ	329	332	O	None	None	None
52	PMC5539754.nxml.gz	PMC5539754.nxml.gz_1	281	438	maternal	JJ	333	341	O	None	None	None
53	PMC5539754.nxml.gz	PMC5539754.nxml.gz_1	281	438	25	CD	342	344	O	None	None	None
54	PMC5539754.nxml.gz	PMC5539754.nxml.gz_1	281	438	hydroxyvitamin	NN	345	359	O	None	None	None
55	PMC5539754.nxml.gz	PMC5539754.nxml.gz_1	281	438	D	NNP	360	361	O	None	None	None
56	PMC5539754.nxml.gz	PMC5539754.nxml.gz_1	281	438	(	(	362	363	O	None	None	None
57	PMC5539754.nxml.gz	PMC5539754.nxml.gz_1	281	438	25OHD	CD	363	368	O	None	None	None
58	PMC5539754.nxml.gz	PMC5539754.nxml.gz_1	281	438	)	)	368	369	O	None	None	None
59	PMC5539754.nxml.gz	PMC5539754.nxml.gz_1	281	438	in	IN	370	372	O	None	None	None
60	PMC5539754.nxml.gz	PMC5539754.nxml.gz_1	281	438	early	JJ	373	378	O	None	None	None
61	PMC5539754.nxml.gz	PMC5539754.nxml.gz_1	281	438	pregnancy	NN	379	388	O	None	None	None
62	PMC5539754.nxml.gz	PMC5539754.nxml.gz_1	281	438	were	VBD	389	393	O	None	None	None
63	PMC5539754.nxml.gz	PMC5539754.nxml.gz_1	281	438	associated	VBN	394	404	O	None	None	None
64	PMC5539754.nxml.gz	PMC5539754.nxml.gz_1	281	438	with	IN	405	409	O	None	None	None
65	PMC5539754.nxml.gz	PMC5539754.nxml.gz_1	281	438	maternal	JJ	410	418	O	None	None	None
66	PMC5539754.nxml.gz	PMC5539754.nxml.gz_1	281	438	glucose	JJ	419	426	O	None	None	None
67	PMC5539754.nxml.gz	PMC5539754.nxml.gz_1	281	438	metabolism	NN	427	437	O	None	None	None
68	PMC5539754.nxml.gz	PMC5539754.nxml.gz_1	281	438	.	.	437	438	O	None	None	None
69	PMC5539754.nxml.gz	PMC5539754.nxml.gz_2	440	539	Methods	NNS	440	447	O	None	None	None
70	PMC5539754.nxml.gz	PMC5539754.nxml.gz_2	440	539	This	DT	448	452	O	None	None	None
71	PMC5539754.nxml.gz	PMC5539754.nxml.gz_2	440	539	is	VBZ	453	455	O	None	None	None
72	PMC5539754.nxml.gz	PMC5539754.nxml.gz_2	440	539	a	DT	456	457	O	None	None	None
73	PMC5539754.nxml.gz	PMC5539754.nxml.gz_2	440	539	secondary	JJ	458	467	O	None	None	None
74	PMC5539754.nxml.gz	PMC5539754.nxml.gz_2	440	539	data	NN	468	472	O	None	None	None
75	PMC5539754.nxml.gz	PMC5539754.nxml.gz_2	440	539	analysis	NN	473	481	O	None	None	None
76	PMC5539754.nxml.gz	PMC5539754.nxml.gz_2	440	539	of	IN	482	484	O	None	None	None
77	PMC5539754.nxml.gz	PMC5539754.nxml.gz_2	440	539	334	CD	485	488	O	None	None	None
78	PMC5539754.nxml.gz	PMC5539754.nxml.gz_2	440	539	pregnant	JJ	489	497	O	None	None	None
79	PMC5539754.nxml.gz	PMC5539754.nxml.gz_2	440	539	women	NNS	498	503	B	NCBITaxon_EXT_2021_10_26_Instance_3627	None	None
80	PMC5539754.nxml.gz	PMC5539754.nxml.gz_2	440	539	enrolled	VBN	504	512	O	None	None	None
81	PMC5539754.nxml.gz	PMC5539754.nxml.gz_2	440	539	in	IN	513	515	O	None	None	None
82	PMC5539754.nxml.gz	PMC5539754.nxml.gz_2	440	539	the	DT	516	519	O	None	None	None
83	PMC5539754.nxml.gz	PMC5539754.nxml.gz_2	440	539	ROLO	NNP	520	524	O	None	None	None
84	PMC5539754.nxml.gz	PMC5539754.nxml.gz_2	440	539	study	NN	525	530	O	None	None	None
85	PMC5539754.nxml.gz	PMC5539754.nxml.gz_2	440	539	,	,	530	531	O	None	None	None
86	PMC5539754.nxml.gz	PMC5539754.nxml.gz_2	440	539	Dublin	NNP	532	538	O	None	None	None
87	PMC5539754.nxml.gz	PMC5539754.nxml.gz_2	440	539	.	.	538	539	O	None	None	None
88	PMC5539754.nxml.gz	PMC5539754.nxml.gz_3	540	697	Serum	NNP	540	545	O	None	None	None
89	PMC5539754.nxml.gz	PMC5539754.nxml.gz_3	540	697	25OHD	CD	546	551	O	None	None	None
90	PMC5539754.nxml.gz	PMC5539754.nxml.gz_3	540	697	,	,	551	552	O	None	None	None
91	PMC5539754.nxml.gz	PMC5539754.nxml.gz_3	540	697	fasting	VBG	553	560	O	None	None	None
92	PMC5539754.nxml.gz	PMC5539754.nxml.gz_3	540	697	glucose	NN	561	568	O	None	None	None
93	PMC5539754.nxml.gz	PMC5539754.nxml.gz_3	540	697	,	,	568	569	O	None	None	None
94	PMC5539754.nxml.gz	PMC5539754.nxml.gz_3	540	697	insulin	NN	570	577	O	None	None	None
95	PMC5539754.nxml.gz	PMC5539754.nxml.gz_3	540	697	and	CC	578	581	O	None	None	None
96	PMC5539754.nxml.gz	PMC5539754.nxml.gz_3	540	697	insulin	NN	582	589	O	None	None	None
97	PMC5539754.nxml.gz	PMC5539754.nxml.gz_3	540	697	resistance	NN	590	600	O	None	None	None
98	PMC5539754.nxml.gz	PMC5539754.nxml.gz_3	540	697	(	(	601	602	O	None	None	None
99	PMC5539754.nxml.gz	PMC5539754.nxml.gz_3	540	697	HOMA	NNP	602	606	O	None	None	None
100	PMC5539754.nxml.gz	PMC5539754.nxml.gz_3	540	697	-	:	606	607	O	None	None	None
101	PMC5539754.nxml.gz	PMC5539754.nxml.gz_3	540	697	IR	NN	607	609	O	None	None	None
102	PMC5539754.nxml.gz	PMC5539754.nxml.gz_3	540	697	)	)	609	610	O	None	None	None
103	PMC5539754.nxml.gz	PMC5539754.nxml.gz_3	540	697	were	VBD	611	615	O	None	None	None
104	PMC5539754.nxml.gz	PMC5539754.nxml.gz_3	540	697	measured	VBN	616	624	O	None	None	None
105	PMC5539754.nxml.gz	PMC5539754.nxml.gz_3	540	697	in	IN	625	627	O	None	None	None
106	PMC5539754.nxml.gz	PMC5539754.nxml.gz_3	540	697	early	JJ	628	633	O	None	None	None
107	PMC5539754.nxml.gz	PMC5539754.nxml.gz_3	540	697	(	(	634	635	O	None	None	None
108	PMC5539754.nxml.gz	PMC5539754.nxml.gz_3	540	697	12	CD	635	637	O	None	None	None
109	PMC5539754.nxml.gz	PMC5539754.nxml.gz_3	540	697	weeks	NNS	638	643	O	None	None	None
110	PMC5539754.nxml.gz	PMC5539754.nxml.gz_3	540	697	’	JJ	643	644	O	None	None	None
111	PMC5539754.nxml.gz	PMC5539754.nxml.gz_3	540	697	gestation	NN	645	654	O	None	None	None
112	PMC5539754.nxml.gz	PMC5539754.nxml.gz_3	540	697	)	)	654	655	O	None	None	None
113	PMC5539754.nxml.gz	PMC5539754.nxml.gz_3	540	697	and	CC	656	659	O	None	None	None
114	PMC5539754.nxml.gz	PMC5539754.nxml.gz_3	540	697	late	JJ	660	664	O	None	None	None
115	PMC5539754.nxml.gz	PMC5539754.nxml.gz_3	540	697	pregnancy	NN	665	674	O	None	None	None
116	PMC5539754.nxml.gz	PMC5539754.nxml.gz_3	540	697	(	(	675	676	O	None	None	None
117	PMC5539754.nxml.gz	PMC5539754.nxml.gz_3	540	697	28	CD	676	678	O	None	None	None
118	PMC5539754.nxml.gz	PMC5539754.nxml.gz_3	540	697	weeks	NNS	679	684	O	None	None	None
119	PMC5539754.nxml.gz	PMC5539754.nxml.gz_3	540	697	’	JJ	684	685	O	None	None	None
120	PMC5539754.nxml.gz	PMC5539754.nxml.gz_3	540	697	gestation	NN	686	695	O	None	None	None
121	PMC5539754.nxml.gz	PMC5539754.nxml.gz_3	540	697	).	NN	695	697	O	None	None	None
122	PMC5539754.nxml.gz	PMC5539754.nxml.gz_4	698	815	Season	NNP	698	704	O	None	None	None
123	PMC5539754.nxml.gz	PMC5539754.nxml.gz_4	698	815	of	IN	705	707	O	None	None	None
124	PMC5539754.nxml.gz	PMC5539754.nxml.gz_4	698	815	first	JJ	708	713	O	None	None	None
125	PMC5539754.nxml.gz	PMC5539754.nxml.gz_4	698	815	antenatal	JJ	714	723	O	None	None	None
126	PMC5539754.nxml.gz	PMC5539754.nxml.gz_4	698	815	visit	NN	724	729	O	None	None	None
127	PMC5539754.nxml.gz	PMC5539754.nxml.gz_4	698	815	was	VBD	730	733	O	None	None	None
128	PMC5539754.nxml.gz	PMC5539754.nxml.gz_4	698	815	categorised	VBN	734	745	O	None	None	None
129	PMC5539754.nxml.gz	PMC5539754.nxml.gz_4	698	815	as	IN	746	748	O	None	None	None
130	PMC5539754.nxml.gz	PMC5539754.nxml.gz_4	698	815	extended	JJ	749	757	O	None	None	None
131	PMC5539754.nxml.gz	PMC5539754.nxml.gz_4	698	815	winter	NN	758	764	O	None	None	None
132	PMC5539754.nxml.gz	PMC5539754.nxml.gz_4	698	815	(	(	765	766	O	None	None	None
133	PMC5539754.nxml.gz	PMC5539754.nxml.gz_4	698	815	November	NNP	766	774	O	None	None	None
134	PMC5539754.nxml.gz	PMC5539754.nxml.gz_4	698	815	–	NNP	774	775	O	None	None	None
135	PMC5539754.nxml.gz	PMC5539754.nxml.gz_4	698	815	April	NNP	775	780	O	None	None	None
136	PMC5539754.nxml.gz	PMC5539754.nxml.gz_4	698	815	)	)	780	781	O	None	None	None
137	PMC5539754.nxml.gz	PMC5539754.nxml.gz_4	698	815	or	CC	782	784	O	None	None	None
138	PMC5539754.nxml.gz	PMC5539754.nxml.gz_4	698	815	extended	VBN	785	793	O	None	None	None
139	PMC5539754.nxml.gz	PMC5539754.nxml.gz_4	698	815	summer	NN	794	800	O	None	None	None
140	PMC5539754.nxml.gz	PMC5539754.nxml.gz_4	698	815	(	(	801	802	O	None	None	None
141	PMC5539754.nxml.gz	PMC5539754.nxml.gz_4	698	815	May	NNP	802	805	O	None	None	None
142	PMC5539754.nxml.gz	PMC5539754.nxml.gz_4	698	815	–	NNP	805	806	O	None	None	None
143	PMC5539754.nxml.gz	PMC5539754.nxml.gz_4	698	815	October	NNP	806	813	O	None	None	None
144	PMC5539754.nxml.gz	PMC5539754.nxml.gz_4	698	815	).	NNP	813	815	O	None	None	None
145	PMC5539754.nxml.gz	PMC5539754.nxml.gz_5	816	900	Multiple	JJ	816	824	O	None	None	None
146	PMC5539754.nxml.gz	PMC5539754.nxml.gz_5	816	900	linear	JJ	825	831	O	None	None	None
147	PMC5539754.nxml.gz	PMC5539754.nxml.gz_5	816	900	regression	NN	832	842	O	None	None	None
148	PMC5539754.nxml.gz	PMC5539754.nxml.gz_5	816	900	models	NNS	843	849	O	None	None	None
149	PMC5539754.nxml.gz	PMC5539754.nxml.gz_5	816	900	,	,	849	850	O	None	None	None
150	PMC5539754.nxml.gz	PMC5539754.nxml.gz_5	816	900	adjusted	VBN	851	859	O	None	None	None
151	PMC5539754.nxml.gz	PMC5539754.nxml.gz_5	816	900	for	IN	860	863	O	None	None	None
152	PMC5539754.nxml.gz	PMC5539754.nxml.gz_5	816	900	confounders	NNS	864	875	O	None	None	None
153	PMC5539754.nxml.gz	PMC5539754.nxml.gz_5	816	900	,	,	875	876	O	None	None	None
154	PMC5539754.nxml.gz	PMC5539754.nxml.gz_5	816	900	were	VBD	877	881	O	None	None	None
155	PMC5539754.nxml.gz	PMC5539754.nxml.gz_5	816	900	used	VBN	882	886	O	None	None	None
156	PMC5539754.nxml.gz	PMC5539754.nxml.gz_5	816	900	for	IN	887	890	O	None	None	None
157	PMC5539754.nxml.gz	PMC5539754.nxml.gz_5	816	900	analysis	NN	891	899	O	None	None	None
158	PMC5539754.nxml.gz	PMC5539754.nxml.gz_5	816	900	.	.	899	900	O	None	None	None
159	PMC5539754.nxml.gz	PMC5539754.nxml.gz_6	902	1062	Results	NNS	902	909	O	None	None	None
160	PMC5539754.nxml.gz	PMC5539754.nxml.gz_6	902	1062	Those	DT	910	915	O	None	None	None
161	PMC5539754.nxml.gz	PMC5539754.nxml.gz_6	902	1062	who	WP	916	919	O	None	None	None
162	PMC5539754.nxml.gz	PMC5539754.nxml.gz_6	902	1062	attended	VBD	920	928	O	None	None	None
163	PMC5539754.nxml.gz	PMC5539754.nxml.gz_6	902	1062	their	PRP$	929	934	O	None	None	None
164	PMC5539754.nxml.gz	PMC5539754.nxml.gz_6	902	1062	first	JJ	935	940	O	None	None	None
165	PMC5539754.nxml.gz	PMC5539754.nxml.gz_6	902	1062	antenatal	JJ	941	950	O	None	None	None
166	PMC5539754.nxml.gz	PMC5539754.nxml.gz_6	902	1062	visit	NN	951	956	O	None	None	None
167	PMC5539754.nxml.gz	PMC5539754.nxml.gz_6	902	1062	in	IN	957	959	O	None	None	None
168	PMC5539754.nxml.gz	PMC5539754.nxml.gz_6	902	1062	extended	JJ	960	968	O	None	None	None
169	PMC5539754.nxml.gz	PMC5539754.nxml.gz_6	902	1062	winter	NN	969	975	O	None	None	None
170	PMC5539754.nxml.gz	PMC5539754.nxml.gz_6	902	1062	had	VBD	976	979	O	None	None	None
171	PMC5539754.nxml.gz	PMC5539754.nxml.gz_6	902	1062	lower	JJR	980	985	O	None	None	None
172	PMC5539754.nxml.gz	PMC5539754.nxml.gz_6	902	1062	25OHD	CD	986	991	O	None	None	None
173	PMC5539754.nxml.gz	PMC5539754.nxml.gz_6	902	1062	compared	VBN	992	1000	O	None	None	None
174	PMC5539754.nxml.gz	PMC5539754.nxml.gz_6	902	1062	to	TO	1001	1003	O	None	None	None
175	PMC5539754.nxml.gz	PMC5539754.nxml.gz_6	902	1062	extended	VB	1004	1012	O	None	None	None
176	PMC5539754.nxml.gz	PMC5539754.nxml.gz_6	902	1062	summer	NN	1013	1019	O	None	None	None
177	PMC5539754.nxml.gz	PMC5539754.nxml.gz_6	902	1062	(	(	1020	1021	O	None	None	None
178	PMC5539754.nxml.gz	PMC5539754.nxml.gz_6	902	1062	32	CD	1021	1023	O	None	None	None
179	PMC5539754.nxml.gz	PMC5539754.nxml.gz_6	902	1062	.	.	1023	1024	O	None	None	None
180	PMC5539754.nxml.gz	PMC5539754.nxml.gz_6	902	1062	9	CD	1024	1025	O	None	None	None
181	PMC5539754.nxml.gz	PMC5539754.nxml.gz_6	902	1062	nmol	JJ	1026	1030	O	None	None	None
182	PMC5539754.nxml.gz	PMC5539754.nxml.gz_6	902	1062	/	NNP	1030	1031	O	None	None	None
183	PMC5539754.nxml.gz	PMC5539754.nxml.gz_6	902	1062	L	NNP	1031	1032	O	None	None	None
184	PMC5539754.nxml.gz	PMC5539754.nxml.gz_6	902	1062	vs	NN	1033	1035	O	None	None	None
185	PMC5539754.nxml.gz	PMC5539754.nxml.gz_6	902	1062	.	.	1035	1036	O	None	None	None
186	PMC5539754.nxml.gz	PMC5539754.nxml.gz_6	902	1062	44	CD	1037	1039	O	None	None	None
187	PMC5539754.nxml.gz	PMC5539754.nxml.gz_6	902	1062	.	.	1039	1040	O	None	None	None
188	PMC5539754.nxml.gz	PMC5539754.nxml.gz_6	902	1062	1	CD	1040	1041	O	None	None	None
189	PMC5539754.nxml.gz	PMC5539754.nxml.gz_6	902	1062	nmol	JJ	1042	1046	O	None	None	None
190	PMC5539754.nxml.gz	PMC5539754.nxml.gz_6	902	1062	/	NNP	1046	1047	O	None	None	None
191	PMC5539754.nxml.gz	PMC5539754.nxml.gz_6	902	1062	L	NNP	1047	1048	O	None	None	None
192	PMC5539754.nxml.gz	PMC5539754.nxml.gz_6	902	1062	,	,	1048	1049	O	None	None	None
193	PMC5539754.nxml.gz	PMC5539754.nxml.gz_6	902	1062	P	NNP	1050	1051	O	None	None	None
194	PMC5539754.nxml.gz	PMC5539754.nxml.gz_6	902	1062	<	VBZ	1053	1054	O	None	None	None
195	PMC5539754.nxml.gz	PMC5539754.nxml.gz_6	902	1062	0	CD	1055	1056	O	None	None	None
196	PMC5539754.nxml.gz	PMC5539754.nxml.gz_6	902	1062	.	.	1056	1057	O	None	None	None
197	PMC5539754.nxml.gz	PMC5539754.nxml.gz_6	902	1062	001	CD	1057	1060	O	None	None	None
198	PMC5539754.nxml.gz	PMC5539754.nxml.gz_6	902	1062	).	NN	1060	1062	O	None	None	None
199	PMC5539754.nxml.gz	PMC5539754.nxml.gz_7	1063	1303	Compared	VBN	1063	1071	O	None	None	None
200	PMC5539754.nxml.gz	PMC5539754.nxml.gz_7	1063	1303	to	TO	1072	1074	O	None	None	None
201	PMC5539754.nxml.gz	PMC5539754.nxml.gz_7	1063	1303	those	DT	1075	1080	O	None	None	None
202	PMC5539754.nxml.gz	PMC5539754.nxml.gz_7	1063	1303	who	WP	1081	1084	O	None	None	None
203	PMC5539754.nxml.gz	PMC5539754.nxml.gz_7	1063	1303	attended	VBD	1085	1093	O	None	None	None
204	PMC5539754.nxml.gz	PMC5539754.nxml.gz_7	1063	1303	their	PRP$	1094	1099	O	None	None	None
205	PMC5539754.nxml.gz	PMC5539754.nxml.gz_7	1063	1303	first	JJ	1100	1105	O	None	None	None
206	PMC5539754.nxml.gz	PMC5539754.nxml.gz_7	1063	1303	antenatal	JJ	1106	1115	O	None	None	None
207	PMC5539754.nxml.gz	PMC5539754.nxml.gz_7	1063	1303	visit	NN	1116	1121	O	None	None	None
208	PMC5539754.nxml.gz	PMC5539754.nxml.gz_7	1063	1303	during	IN	1122	1128	O	None	None	None
209	PMC5539754.nxml.gz	PMC5539754.nxml.gz_7	1063	1303	extended	JJ	1129	1137	O	None	None	None
210	PMC5539754.nxml.gz	PMC5539754.nxml.gz_7	1063	1303	summer	NN	1138	1144	O	None	None	None
211	PMC5539754.nxml.gz	PMC5539754.nxml.gz_7	1063	1303	,	,	1144	1145	O	None	None	None
212	PMC5539754.nxml.gz	PMC5539754.nxml.gz_7	1063	1303	extended	VBD	1146	1154	O	None	None	None
213	PMC5539754.nxml.gz	PMC5539754.nxml.gz_7	1063	1303	winter	NN	1155	1161	O	None	None	None
214	PMC5539754.nxml.gz	PMC5539754.nxml.gz_7	1063	1303	was	VBD	1162	1165	O	None	None	None
215	PMC5539754.nxml.gz	PMC5539754.nxml.gz_7	1063	1303	associated	VBN	1166	1176	O	None	None	None
216	PMC5539754.nxml.gz	PMC5539754.nxml.gz_7	1063	1303	with	IN	1177	1181	O	None	None	None
217	PMC5539754.nxml.gz	PMC5539754.nxml.gz_7	1063	1303	increased	JJ	1182	1191	O	None	None	None
218	PMC5539754.nxml.gz	PMC5539754.nxml.gz_7	1063	1303	HOMA	NNP	1192	1196	O	None	None	None
219	PMC5539754.nxml.gz	PMC5539754.nxml.gz_7	1063	1303	-	:	1196	1197	O	None	None	None
220	PMC5539754.nxml.gz	PMC5539754.nxml.gz_7	1063	1303	IR	NN	1197	1199	O	None	None	None
221	PMC5539754.nxml.gz	PMC5539754.nxml.gz_7	1063	1303	in	IN	1200	1202	O	None	None	None
222	PMC5539754.nxml.gz	PMC5539754.nxml.gz_7	1063	1303	early	JJ	1203	1208	O	None	None	None
223	PMC5539754.nxml.gz	PMC5539754.nxml.gz_7	1063	1303	-	:	1208	1209	O	None	None	None
224	PMC5539754.nxml.gz	PMC5539754.nxml.gz_7	1063	1303	pregnancy	NN	1209	1218	O	None	None	None
225	PMC5539754.nxml.gz	PMC5539754.nxml.gz_7	1063	1303	(	(	1219	1220	O	None	None	None
226	PMC5539754.nxml.gz	PMC5539754.nxml.gz_7	1063	1303	46	CD	1220	1222	O	None	None	None
227	PMC5539754.nxml.gz	PMC5539754.nxml.gz_7	1063	1303	.	.	1222	1223	O	None	None	None
228	PMC5539754.nxml.gz	PMC5539754.nxml.gz_7	1063	1303	7	CD	1223	1224	O	None	None	None
229	PMC5539754.nxml.gz	PMC5539754.nxml.gz_7	1063	1303	%)	JJ	1224	1226	O	None	None	None
230	PMC5539754.nxml.gz	PMC5539754.nxml.gz_7	1063	1303	and	CC	1227	1230	O	None	None	None
231	PMC5539754.nxml.gz	PMC5539754.nxml.gz_7	1063	1303	late	JJ	1231	1235	O	None	None	None
232	PMC5539754.nxml.gz	PMC5539754.nxml.gz_7	1063	1303	pregnancy	NN	1236	1245	O	None	None	None
233	PMC5539754.nxml.gz	PMC5539754.nxml.gz_7	1063	1303	(	(	1246	1247	O	None	None	None
234	PMC5539754.nxml.gz	PMC5539754.nxml.gz_7	1063	1303	53	CD	1247	1249	O	None	None	None
235	PMC5539754.nxml.gz	PMC5539754.nxml.gz_7	1063	1303	.	.	1249	1250	O	None	None	None
236	PMC5539754.nxml.gz	PMC5539754.nxml.gz_7	1063	1303	7	CD	1250	1251	O	None	None	None
237	PMC5539754.nxml.gz	PMC5539754.nxml.gz_7	1063	1303	%),	JJ	1251	1254	O	None	None	None
238	PMC5539754.nxml.gz	PMC5539754.nxml.gz_7	1063	1303	independent	JJ	1255	1266	O	None	None	None
239	PMC5539754.nxml.gz	PMC5539754.nxml.gz_7	1063	1303	of	IN	1267	1269	O	None	None	None
240	PMC5539754.nxml.gz	PMC5539754.nxml.gz_7	1063	1303	25OHD	CD	1270	1275	O	None	None	None
241	PMC5539754.nxml.gz	PMC5539754.nxml.gz_7	1063	1303	<	JJ	1276	1277	O	None	None	None
242	PMC5539754.nxml.gz	PMC5539754.nxml.gz_7	1063	1303	30	CD	1277	1279	O	None	None	None
243	PMC5539754.nxml.gz	PMC5539754.nxml.gz_7	1063	1303	nmol	JJ	1280	1284	O	None	None	None
244	PMC5539754.nxml.gz	PMC5539754.nxml.gz_7	1063	1303	/	NNP	1284	1285	O	None	None	None
245	PMC5539754.nxml.gz	PMC5539754.nxml.gz_7	1063	1303	L	NNP	1285	1286	O	None	None	None
246	PMC5539754.nxml.gz	PMC5539754.nxml.gz_7	1063	1303	and	CC	1287	1290	O	None	None	None
247	PMC5539754.nxml.gz	PMC5539754.nxml.gz_7	1063	1303	confounders	NNS	1291	1302	O	None	None	None
248	PMC5539754.nxml.gz	PMC5539754.nxml.gz_7	1063	1303	.	.	1302	1303	O	None	None	None
249	PMC5539754.nxml.gz	PMC5539754.nxml.gz_8	1304	1481	Early	JJ	1304	1309	O	None	None	None
250	PMC5539754.nxml.gz	PMC5539754.nxml.gz_8	1304	1481	pregnancy	NN	1310	1319	O	None	None	None
251	PMC5539754.nxml.gz	PMC5539754.nxml.gz_8	1304	1481	25OHD	CD	1320	1325	O	None	None	None
252	PMC5539754.nxml.gz	PMC5539754.nxml.gz_8	1304	1481	<	NN	1326	1327	O	None	None	None
253	PMC5539754.nxml.gz	PMC5539754.nxml.gz_8	1304	1481	30	CD	1327	1329	O	None	None	None
254	PMC5539754.nxml.gz	PMC5539754.nxml.gz_8	1304	1481	nmol	JJ	1330	1334	O	None	None	None
255	PMC5539754.nxml.gz	PMC5539754.nxml.gz_8	1304	1481	/	NNP	1334	1335	O	None	None	None
256	PMC5539754.nxml.gz	PMC5539754.nxml.gz_8	1304	1481	L	NNP	1335	1336	O	None	None	None
257	PMC5539754.nxml.gz	PMC5539754.nxml.gz_8	1304	1481	and	CC	1337	1340	O	None	None	None
258	PMC5539754.nxml.gz	PMC5539754.nxml.gz_8	1304	1481	extended	VBN	1341	1349	O	None	None	None
259	PMC5539754.nxml.gz	PMC5539754.nxml.gz_8	1304	1481	winter	NN	1350	1356	O	None	None	None
260	PMC5539754.nxml.gz	PMC5539754.nxml.gz_8	1304	1481	were	VBD	1357	1361	O	None	None	None
261	PMC5539754.nxml.gz	PMC5539754.nxml.gz_8	1304	1481	independently	RB	1362	1375	O	None	None	None
262	PMC5539754.nxml.gz	PMC5539754.nxml.gz_8	1304	1481	associated	VBN	1376	1386	O	None	None	None
263	PMC5539754.nxml.gz	PMC5539754.nxml.gz_8	1304	1481	with	IN	1387	1391	O	None	None	None
264	PMC5539754.nxml.gz	PMC5539754.nxml.gz_8	1304	1481	significantly	RB	1392	1405	O	None	None	None
265	PMC5539754.nxml.gz	PMC5539754.nxml.gz_8	1304	1481	higher	JJR	1406	1412	O	None	None	None
266	PMC5539754.nxml.gz	PMC5539754.nxml.gz_8	1304	1481	fasting	VBG	1413	1420	O	None	None	None
267	PMC5539754.nxml.gz	PMC5539754.nxml.gz_8	1304	1481	glucose	JJ	1421	1428	O	None	None	None
268	PMC5539754.nxml.gz	PMC5539754.nxml.gz_8	1304	1481	in	IN	1429	1431	O	None	None	None
269	PMC5539754.nxml.gz	PMC5539754.nxml.gz_8	1304	1481	late	JJ	1432	1436	O	None	None	None
270	PMC5539754.nxml.gz	PMC5539754.nxml.gz_8	1304	1481	pregnancy	NN	1437	1446	O	None	None	None
271	PMC5539754.nxml.gz	PMC5539754.nxml.gz_8	1304	1481	(	(	1447	1448	O	None	None	None
272	PMC5539754.nxml.gz	PMC5539754.nxml.gz_8	1304	1481	B	NNP	1448	1449	O	None	None	None
273	PMC5539754.nxml.gz	PMC5539754.nxml.gz_8	1304	1481	=	RB	1450	1451	O	None	None	None
274	PMC5539754.nxml.gz	PMC5539754.nxml.gz_8	1304	1481	0	CD	1452	1453	O	None	None	None
275	PMC5539754.nxml.gz	PMC5539754.nxml.gz_8	1304	1481	.	.	1453	1454	O	None	None	None
276	PMC5539754.nxml.gz	PMC5539754.nxml.gz_8	1304	1481	15	CD	1454	1456	O	None	None	None
277	PMC5539754.nxml.gz	PMC5539754.nxml.gz_8	1304	1481	and	CC	1457	1460	O	None	None	None
278	PMC5539754.nxml.gz	PMC5539754.nxml.gz_8	1304	1481	0	CD	1461	1462	O	None	None	None
279	PMC5539754.nxml.gz	PMC5539754.nxml.gz_8	1304	1481	.	.	1462	1463	O	None	None	None
280	PMC5539754.nxml.gz	PMC5539754.nxml.gz_8	1304	1481	13	CD	1463	1465	O	None	None	None
281	PMC5539754.nxml.gz	PMC5539754.nxml.gz_8	1304	1481	,	,	1465	1466	O	None	None	None
282	PMC5539754.nxml.gz	PMC5539754.nxml.gz_8	1304	1481	respectively	RB	1467	1479	O	None	None	None
283	PMC5539754.nxml.gz	PMC5539754.nxml.gz_8	1304	1481	).	JJ	1479	1481	O	None	None	None
284	PMC5539754.nxml.gz	PMC5539754.nxml.gz_9	1483	1724	Conclusions	NNS	1483	1494	O	None	None	None
285	PMC5539754.nxml.gz	PMC5539754.nxml.gz_9	1483	1724	Women	NNS	1495	1500	B	NCBITaxon_EXT_2021_10_26_Instance_3628	None	None
286	PMC5539754.nxml.gz	PMC5539754.nxml.gz_9	1483	1724	who	WP	1501	1504	O	None	None	None
287	PMC5539754.nxml.gz	PMC5539754.nxml.gz_9	1483	1724	attended	VBD	1505	1513	O	None	None	None
288	PMC5539754.nxml.gz	PMC5539754.nxml.gz_9	1483	1724	their	PRP$	1514	1519	O	None	None	None
289	PMC5539754.nxml.gz	PMC5539754.nxml.gz_9	1483	1724	first	JJ	1520	1525	O	None	None	None
290	PMC5539754.nxml.gz	PMC5539754.nxml.gz_9	1483	1724	antenatal	JJ	1526	1535	O	None	None	None
291	PMC5539754.nxml.gz	PMC5539754.nxml.gz_9	1483	1724	visit	NN	1536	1541	O	None	None	None
292	PMC5539754.nxml.gz	PMC5539754.nxml.gz_9	1483	1724	during	IN	1542	1548	O	None	None	None
293	PMC5539754.nxml.gz	PMC5539754.nxml.gz_9	1483	1724	the	DT	1549	1552	O	None	None	None
294	PMC5539754.nxml.gz	PMC5539754.nxml.gz_9	1483	1724	months	NNS	1553	1559	O	None	None	None
295	PMC5539754.nxml.gz	PMC5539754.nxml.gz_9	1483	1724	of	IN	1560	1562	O	None	None	None
296	PMC5539754.nxml.gz	PMC5539754.nxml.gz_9	1483	1724	extended	JJ	1563	1571	O	None	None	None
297	PMC5539754.nxml.gz	PMC5539754.nxml.gz_9	1483	1724	winter	NN	1572	1578	O	None	None	None
298	PMC5539754.nxml.gz	PMC5539754.nxml.gz_9	1483	1724	were	VBD	1579	1583	O	None	None	None
299	PMC5539754.nxml.gz	PMC5539754.nxml.gz_9	1483	1724	more	RBR	1584	1588	O	None	None	None
300	PMC5539754.nxml.gz	PMC5539754.nxml.gz_9	1483	1724	likely	JJ	1589	1595	O	None	None	None
301	PMC5539754.nxml.gz	PMC5539754.nxml.gz_9	1483	1724	to	TO	1596	1598	O	None	None	None
302	PMC5539754.nxml.gz	PMC5539754.nxml.gz_9	1483	1724	have	VB	1599	1603	O	None	None	None
303	PMC5539754.nxml.gz	PMC5539754.nxml.gz_9	1483	1724	raised	VBN	1604	1610	O	None	None	None
304	PMC5539754.nxml.gz	PMC5539754.nxml.gz_9	1483	1724	insulin	NN	1611	1618	O	None	None	None
305	PMC5539754.nxml.gz	PMC5539754.nxml.gz_9	1483	1724	resistance	NN	1619	1629	O	None	None	None
306	PMC5539754.nxml.gz	PMC5539754.nxml.gz_9	1483	1724	in	IN	1630	1632	O	None	None	None
307	PMC5539754.nxml.gz	PMC5539754.nxml.gz_9	1483	1724	early	JJ	1633	1638	O	None	None	None
308	PMC5539754.nxml.gz	PMC5539754.nxml.gz_9	1483	1724	pregnancy	NN	1639	1648	O	None	None	None
309	PMC5539754.nxml.gz	PMC5539754.nxml.gz_9	1483	1724	,	,	1648	1649	O	None	None	None
310	PMC5539754.nxml.gz	PMC5539754.nxml.gz_9	1483	1724	which	WDT	1650	1655	O	None	None	None
311	PMC5539754.nxml.gz	PMC5539754.nxml.gz_9	1483	1724	had	VBD	1656	1659	O	None	None	None
312	PMC5539754.nxml.gz	PMC5539754.nxml.gz_9	1483	1724	a	DT	1660	1661	O	None	None	None
313	PMC5539754.nxml.gz	PMC5539754.nxml.gz_9	1483	1724	lasting	JJ	1662	1669	O	None	None	None
314	PMC5539754.nxml.gz	PMC5539754.nxml.gz_9	1483	1724	association	NN	1670	1681	O	None	None	None
315	PMC5539754.nxml.gz	PMC5539754.nxml.gz_9	1483	1724	to	TO	1682	1684	O	None	None	None
316	PMC5539754.nxml.gz	PMC5539754.nxml.gz_9	1483	1724	28	CD	1685	1687	O	None	None	None
317	PMC5539754.nxml.gz	PMC5539754.nxml.gz_9	1483	1724	weeks	NNS	1688	1693	O	None	None	None
318	PMC5539754.nxml.gz	PMC5539754.nxml.gz_9	1483	1724	,	,	1693	1694	O	None	None	None
319	PMC5539754.nxml.gz	PMC5539754.nxml.gz_9	1483	1724	and	CC	1695	1698	O	None	None	None
320	PMC5539754.nxml.gz	PMC5539754.nxml.gz_9	1483	1724	was	VBD	1699	1702	O	None	None	None
321	PMC5539754.nxml.gz	PMC5539754.nxml.gz_9	1483	1724	independent	JJ	1703	1714	O	None	None	None
322	PMC5539754.nxml.gz	PMC5539754.nxml.gz_9	1483	1724	of	IN	1715	1717	O	None	None	None
323	PMC5539754.nxml.gz	PMC5539754.nxml.gz_9	1483	1724	25OHD	CD	1718	1723	O	None	None	None
324	PMC5539754.nxml.gz	PMC5539754.nxml.gz_9	1483	1724	.	.	1723	1724	O	None	None	None
325	PMC5539754.nxml.gz	PMC5539754.nxml.gz_10	1725	1858	Our	PRP$	1725	1728	O	None	None	None
326	PMC5539754.nxml.gz	PMC5539754.nxml.gz_10	1725	1858	novel	JJ	1729	1734	O	None	None	None
327	PMC5539754.nxml.gz	PMC5539754.nxml.gz_10	1725	1858	findings	NNS	1735	1743	O	None	None	None
328	PMC5539754.nxml.gz	PMC5539754.nxml.gz_10	1725	1858	imply	VBP	1744	1749	O	None	None	None
329	PMC5539754.nxml.gz	PMC5539754.nxml.gz_10	1725	1858	that	IN	1750	1754	O	None	None	None
330	PMC5539754.nxml.gz	PMC5539754.nxml.gz_10	1725	1858	seasonal	JJ	1755	1763	O	None	None	None
331	PMC5539754.nxml.gz	PMC5539754.nxml.gz_10	1725	1858	variation	NN	1764	1773	O	None	None	None
332	PMC5539754.nxml.gz	PMC5539754.nxml.gz_10	1725	1858	in	IN	1774	1776	O	None	None	None
333	PMC5539754.nxml.gz	PMC5539754.nxml.gz_10	1725	1858	insulin	NN	1777	1784	O	None	None	None
334	PMC5539754.nxml.gz	PMC5539754.nxml.gz_10	1725	1858	resistance	NN	1785	1795	O	None	None	None
335	PMC5539754.nxml.gz	PMC5539754.nxml.gz_10	1725	1858	may	MD	1796	1799	O	None	None	None
336	PMC5539754.nxml.gz	PMC5539754.nxml.gz_10	1725	1858	not	RB	1800	1803	O	None	None	None
337	PMC5539754.nxml.gz	PMC5539754.nxml.gz_10	1725	1858	be	VB	1804	1806	O	None	None	None
338	PMC5539754.nxml.gz	PMC5539754.nxml.gz_10	1725	1858	fully	RB	1807	1812	O	None	None	None
339	PMC5539754.nxml.gz	PMC5539754.nxml.gz_10	1725	1858	explained	VBN	1813	1822	O	None	None	None
340	PMC5539754.nxml.gz	PMC5539754.nxml.gz_10	1725	1858	by	IN	1823	1825	O	None	None	None
341	PMC5539754.nxml.gz	PMC5539754.nxml.gz_10	1725	1858	differences	NNS	1826	1837	O	None	None	None
342	PMC5539754.nxml.gz	PMC5539754.nxml.gz_10	1725	1858	in	IN	1838	1840	O	None	None	None
343	PMC5539754.nxml.gz	PMC5539754.nxml.gz_10	1725	1858	vitamin	NN	1841	1848	O	None	None	None
344	PMC5539754.nxml.gz	PMC5539754.nxml.gz_10	1725	1858	D	NNP	1849	1850	O	None	None	None
345	PMC5539754.nxml.gz	PMC5539754.nxml.gz_10	1725	1858	status	NN	1851	1857	O	None	None	None
346	PMC5539754.nxml.gz	PMC5539754.nxml.gz_10	1725	1858	.	.	1857	1858	O	None	None	None
347	PMC5539754.nxml.gz	PMC5539754.nxml.gz_11	1859	1963	This	DT	1859	1863	O	None	None	None
348	PMC5539754.nxml.gz	PMC5539754.nxml.gz_11	1859	1963	could	MD	1864	1869	O	None	None	None
349	PMC5539754.nxml.gz	PMC5539754.nxml.gz_11	1859	1963	reflect	VB	1870	1877	O	None	None	None
350	PMC5539754.nxml.gz	PMC5539754.nxml.gz_11	1859	1963	circannual	JJ	1878	1888	O	None	None	None
351	PMC5539754.nxml.gz	PMC5539754.nxml.gz_11	1859	1963	rhythm	NN	1889	1895	O	None	None	None
352	PMC5539754.nxml.gz	PMC5539754.nxml.gz_11	1859	1963	or	CC	1896	1898	O	None	None	None
353	PMC5539754.nxml.gz	PMC5539754.nxml.gz_11	1859	1963	seasonal	JJ	1899	1907	O	None	None	None
354	PMC5539754.nxml.gz	PMC5539754.nxml.gz_11	1859	1963	lifestyle	JJ	1908	1917	O	None	None	None
355	PMC5539754.nxml.gz	PMC5539754.nxml.gz_11	1859	1963	behaviours	NN	1918	1928	O	None	None	None
356	PMC5539754.nxml.gz	PMC5539754.nxml.gz_11	1859	1963	,	,	1928	1929	O	None	None	None
357	PMC5539754.nxml.gz	PMC5539754.nxml.gz_11	1859	1963	and	CC	1930	1933	O	None	None	None
358	PMC5539754.nxml.gz	PMC5539754.nxml.gz_11	1859	1963	requires	VBZ	1934	1942	O	None	None	None
359	PMC5539754.nxml.gz	PMC5539754.nxml.gz_11	1859	1963	further	JJ	1943	1950	O	None	None	None
360	PMC5539754.nxml.gz	PMC5539754.nxml.gz_11	1859	1963	exploration	NN	1951	1962	O	None	None	None
361	PMC5539754.nxml.gz	PMC5539754.nxml.gz_11	1859	1963	.	.	1962	1963	O	None	None	None
362	PMC5539754.nxml.gz	PMC5539754.nxml.gz_12	1965	2077	Trial	JJ	1965	1970	O	None	None	None
363	PMC5539754.nxml.gz	PMC5539754.nxml.gz_12	1965	2077	registration	NN	1971	1983	O	None	None	None
364	PMC5539754.nxml.gz	PMC5539754.nxml.gz_12	1965	2077	ISRCTN	NNP	1984	1990	O	None	None	None
365	PMC5539754.nxml.gz	PMC5539754.nxml.gz_12	1965	2077	registry	NN	1991	1999	O	None	None	None
366	PMC5539754.nxml.gz	PMC5539754.nxml.gz_12	1965	2077	,	,	1999	2000	O	None	None	None
367	PMC5539754.nxml.gz	PMC5539754.nxml.gz_12	1965	2077	ISRCTN54392969	NNP	2000	2014	O	None	None	None
368	PMC5539754.nxml.gz	PMC5539754.nxml.gz_12	1965	2077	,	,	2014	2015	O	None	None	None
369	PMC5539754.nxml.gz	PMC5539754.nxml.gz_12	1965	2077	date	NN	2016	2020	O	None	None	None
370	PMC5539754.nxml.gz	PMC5539754.nxml.gz_12	1965	2077	of	IN	2021	2023	O	None	None	None
371	PMC5539754.nxml.gz	PMC5539754.nxml.gz_12	1965	2077	registration	NN	2024	2036	O	None	None	None
372	PMC5539754.nxml.gz	PMC5539754.nxml.gz_12	1965	2077	:	:	2036	2037	O	None	None	None
373	PMC5539754.nxml.gz	PMC5539754.nxml.gz_12	1965	2077	22	CD	2038	2040	O	None	None	None
374	PMC5539754.nxml.gz	PMC5539754.nxml.gz_12	1965	2077	/	$	2040	2041	O	None	None	None
375	PMC5539754.nxml.gz	PMC5539754.nxml.gz_12	1965	2077	04	CD	2041	2043	O	None	None	None
376	PMC5539754.nxml.gz	PMC5539754.nxml.gz_12	1965	2077	/	NN	2043	2044	O	None	None	None
377	PMC5539754.nxml.gz	PMC5539754.nxml.gz_12	1965	2077	2009	CD	2044	2048	O	None	None	None
378	PMC5539754.nxml.gz	PMC5539754.nxml.gz_12	1965	2077	,	,	2048	2049	O	None	None	None
379	PMC5539754.nxml.gz	PMC5539754.nxml.gz_12	1965	2077	retrospectively	RB	2050	2065	O	None	None	None
380	PMC5539754.nxml.gz	PMC5539754.nxml.gz_12	1965	2077	registered	VBN	2066	2076	O	None	None	None
381	PMC5539754.nxml.gz	PMC5539754.nxml.gz_12	1965	2077	.	.	2076	2077	O	None	None	None
382	PMC5539754.nxml.gz	PMC5539754.nxml.gz_13	2079	2252	Electronic	JJ	2079	2089	O	None	None	None
383	PMC5539754.nxml.gz	PMC5539754.nxml.gz_13	2079	2252	supplementary	JJ	2090	2103	O	None	None	None
384	PMC5539754.nxml.gz	PMC5539754.nxml.gz_13	2079	2252	material	NN	2104	2112	O	None	None	None
385	PMC5539754.nxml.gz	PMC5539754.nxml.gz_13	2079	2252	The	DT	2113	2116	O	None	None	None
386	PMC5539754.nxml.gz	PMC5539754.nxml.gz_13	2079	2252	online	JJ	2117	2123	O	None	None	None
387	PMC5539754.nxml.gz	PMC5539754.nxml.gz_13	2079	2252	version	NN	2124	2131	O	None	None	None
388	PMC5539754.nxml.gz	PMC5539754.nxml.gz_13	2079	2252	of	IN	2132	2134	O	None	None	None
389	PMC5539754.nxml.gz	PMC5539754.nxml.gz_13	2079	2252	this	DT	2135	2139	O	None	None	None
390	PMC5539754.nxml.gz	PMC5539754.nxml.gz_13	2079	2252	article	NN	2140	2147	O	None	None	None
391	PMC5539754.nxml.gz	PMC5539754.nxml.gz_13	2079	2252	(	(	2148	2149	O	None	None	None
392	PMC5539754.nxml.gz	PMC5539754.nxml.gz_13	2079	2252	doi	NN	2149	2152	O	None	None	None
393	PMC5539754.nxml.gz	PMC5539754.nxml.gz_13	2079	2252	:	:	2152	2153	O	None	None	None
394	PMC5539754.nxml.gz	PMC5539754.nxml.gz_13	2079	2252	10	CD	2153	2155	O	None	None	None
395	PMC5539754.nxml.gz	PMC5539754.nxml.gz_13	2079	2252	.	.	2155	2156	O	None	None	None
396	PMC5539754.nxml.gz	PMC5539754.nxml.gz_13	2079	2252	1186	CD	2156	2160	O	None	None	None
397	PMC5539754.nxml.gz	PMC5539754.nxml.gz_13	2079	2252	/	NN	2160	2161	O	None	None	None
398	PMC5539754.nxml.gz	PMC5539754.nxml.gz_13	2079	2252	s12986	VBD	2161	2167	O	None	None	None
399	PMC5539754.nxml.gz	PMC5539754.nxml.gz_13	2079	2252	-	:	2167	2168	O	None	None	None
400	PMC5539754.nxml.gz	PMC5539754.nxml.gz_13	2079	2252	017	CD	2168	2171	O	None	None	None
401	PMC5539754.nxml.gz	PMC5539754.nxml.gz_13	2079	2252	-	:	2171	2172	O	None	None	None
402	PMC5539754.nxml.gz	PMC5539754.nxml.gz_13	2079	2252	0203	CD	2172	2176	O	None	None	None
403	PMC5539754.nxml.gz	PMC5539754.nxml.gz_13	2079	2252	-	:	2176	2177	O	None	None	None
404	PMC5539754.nxml.gz	PMC5539754.nxml.gz_13	2079	2252	5	CD	2177	2178	O	None	None	None
405	PMC5539754.nxml.gz	PMC5539754.nxml.gz_13	2079	2252	)	)	2178	2179	O	None	None	None
406	PMC5539754.nxml.gz	PMC5539754.nxml.gz_13	2079	2252	contains	NNS	2180	2188	O	None	None	None
407	PMC5539754.nxml.gz	PMC5539754.nxml.gz_13	2079	2252	supplementary	JJ	2189	2202	O	None	None	None
408	PMC5539754.nxml.gz	PMC5539754.nxml.gz_13	2079	2252	material	NN	2203	2211	O	None	None	None
409	PMC5539754.nxml.gz	PMC5539754.nxml.gz_13	2079	2252	,	,	2211	2212	O	None	None	None
410	PMC5539754.nxml.gz	PMC5539754.nxml.gz_13	2079	2252	which	WDT	2213	2218	O	None	None	None
411	PMC5539754.nxml.gz	PMC5539754.nxml.gz_13	2079	2252	is	VBZ	2219	2221	O	None	None	None
412	PMC5539754.nxml.gz	PMC5539754.nxml.gz_13	2079	2252	available	JJ	2222	2231	O	None	None	None
413	PMC5539754.nxml.gz	PMC5539754.nxml.gz_13	2079	2252	to	TO	2232	2234	O	None	None	None
414	PMC5539754.nxml.gz	PMC5539754.nxml.gz_13	2079	2252	authorized	JJ	2235	2245	O	None	None	None
415	PMC5539754.nxml.gz	PMC5539754.nxml.gz_13	2079	2252	users	NNS	2246	2251	O	None	None	None
416	PMC5539754.nxml.gz	PMC5539754.nxml.gz_13	2079	2252	.	.	2251	2252	O	None	None	None
417	PMC5539754.nxml.gz	PMC5539754.nxml.gz_14	2254	2420	Background	NNP	2254	2264	O	None	None	None
418	PMC5539754.nxml.gz	PMC5539754.nxml.gz_14	2254	2420	Vitamin	NNP	2265	2272	O	None	None	None
419	PMC5539754.nxml.gz	PMC5539754.nxml.gz_14	2254	2420	D	NNP	2273	2274	O	None	None	None
420	PMC5539754.nxml.gz	PMC5539754.nxml.gz_14	2254	2420	status	NN	2275	2281	O	None	None	None
421	PMC5539754.nxml.gz	PMC5539754.nxml.gz_14	2254	2420	and	CC	2282	2285	O	None	None	None
422	PMC5539754.nxml.gz	PMC5539754.nxml.gz_14	2254	2420	season	NN	2286	2292	O	None	None	None
423	PMC5539754.nxml.gz	PMC5539754.nxml.gz_14	2254	2420	are	VBP	2293	2296	O	None	None	None
424	PMC5539754.nxml.gz	PMC5539754.nxml.gz_14	2254	2420	intrinsically	RB	2297	2310	O	None	None	None
425	PMC5539754.nxml.gz	PMC5539754.nxml.gz_14	2254	2420	linked	VBN	2311	2317	O	None	None	None
426	PMC5539754.nxml.gz	PMC5539754.nxml.gz_14	2254	2420	;	:	2317	2318	O	None	None	None
427	PMC5539754.nxml.gz	PMC5539754.nxml.gz_14	2254	2420	upon	JJ	2319	2323	O	None	None	None
428	PMC5539754.nxml.gz	PMC5539754.nxml.gz_14	2254	2420	exposure	NN	2324	2332	O	None	None	None
429	PMC5539754.nxml.gz	PMC5539754.nxml.gz_14	2254	2420	to	TO	2333	2335	O	None	None	None
430	PMC5539754.nxml.gz	PMC5539754.nxml.gz_14	2254	2420	natural	JJ	2336	2343	O	None	None	None
431	PMC5539754.nxml.gz	PMC5539754.nxml.gz_14	2254	2420	ultraviolet	NN	2344	2355	O	None	None	None
432	PMC5539754.nxml.gz	PMC5539754.nxml.gz_14	2254	2420	solar	NN	2356	2361	O	None	None	None
433	PMC5539754.nxml.gz	PMC5539754.nxml.gz_14	2254	2420	radiation	NN	2362	2371	O	None	None	None
434	PMC5539754.nxml.gz	PMC5539754.nxml.gz_14	2254	2420	,	,	2371	2372	O	None	None	None
435	PMC5539754.nxml.gz	PMC5539754.nxml.gz_14	2254	2420	endogenous	JJ	2373	2383	O	None	None	None
436	PMC5539754.nxml.gz	PMC5539754.nxml.gz_14	2254	2420	skin	NN	2384	2388	O	None	None	None
437	PMC5539754.nxml.gz	PMC5539754.nxml.gz_14	2254	2420	production	NN	2389	2399	O	None	None	None
438	PMC5539754.nxml.gz	PMC5539754.nxml.gz_14	2254	2420	of	IN	2400	2402	O	None	None	None
439	PMC5539754.nxml.gz	PMC5539754.nxml.gz_14	2254	2420	vitamin	NN	2403	2410	O	None	None	None
440	PMC5539754.nxml.gz	PMC5539754.nxml.gz_14	2254	2420	D	NNP	2411	2412	O	None	None	None
441	PMC5539754.nxml.gz	PMC5539754.nxml.gz_14	2254	2420	occurs	VBZ	2413	2419	O	None	None	None
442	PMC5539754.nxml.gz	PMC5539754.nxml.gz_14	2254	2420	.	.	2419	2420	O	None	None	None
443	PMC5539754.nxml.gz	PMC5539754.nxml.gz_15	2421	2674	However	RB	2421	2428	O	None	None	None
444	PMC5539754.nxml.gz	PMC5539754.nxml.gz_15	2421	2674	,	,	2428	2429	O	None	None	None
445	PMC5539754.nxml.gz	PMC5539754.nxml.gz_15	2421	2674	in	IN	2430	2432	O	None	None	None
446	PMC5539754.nxml.gz	PMC5539754.nxml.gz_15	2421	2674	countries	NNS	2433	2442	O	None	None	None
447	PMC5539754.nxml.gz	PMC5539754.nxml.gz_15	2421	2674	at	IN	2443	2445	O	None	None	None
448	PMC5539754.nxml.gz	PMC5539754.nxml.gz_15	2421	2674	northern	JJ	2446	2454	O	None	None	None
449	PMC5539754.nxml.gz	PMC5539754.nxml.gz_15	2421	2674	latitudes	NNS	2455	2464	O	None	None	None
450	PMC5539754.nxml.gz	PMC5539754.nxml.gz_15	2421	2674	,	,	2464	2465	O	None	None	None
451	PMC5539754.nxml.gz	PMC5539754.nxml.gz_15	2421	2674	such	JJ	2466	2470	O	None	None	None
452	PMC5539754.nxml.gz	PMC5539754.nxml.gz_15	2421	2674	as	IN	2471	2473	O	None	None	None
453	PMC5539754.nxml.gz	PMC5539754.nxml.gz_15	2421	2674	Ireland	NNP	2474	2481	O	None	None	None
454	PMC5539754.nxml.gz	PMC5539754.nxml.gz_15	2421	2674	(	(	2482	2483	O	None	None	None
455	PMC5539754.nxml.gz	PMC5539754.nxml.gz_15	2421	2674	51	CD	2483	2485	O	None	None	None
456	PMC5539754.nxml.gz	PMC5539754.nxml.gz_15	2421	2674	–	RB	2485	2486	O	None	None	None
457	PMC5539754.nxml.gz	PMC5539754.nxml.gz_15	2421	2674	55	CD	2486	2488	O	None	None	None
458	PMC5539754.nxml.gz	PMC5539754.nxml.gz_15	2421	2674	°	JJ	2488	2489	O	None	None	None
459	PMC5539754.nxml.gz	PMC5539754.nxml.gz_15	2421	2674	N	NNP	2489	2490	O	None	None	None
460	PMC5539754.nxml.gz	PMC5539754.nxml.gz_15	2421	2674	),	NNP	2490	2492	O	None	None	None
461	PMC5539754.nxml.gz	PMC5539754.nxml.gz_15	2421	2674	production	NN	2493	2503	O	None	None	None
462	PMC5539754.nxml.gz	PMC5539754.nxml.gz_15	2421	2674	reduces	NNS	2504	2511	O	None	None	None
463	PMC5539754.nxml.gz	PMC5539754.nxml.gz_15	2421	2674	substantially	RB	2512	2525	O	None	None	None
464	PMC5539754.nxml.gz	PMC5539754.nxml.gz_15	2421	2674	from	IN	2526	2530	O	None	None	None
465	PMC5539754.nxml.gz	PMC5539754.nxml.gz_15	2421	2674	October	NNP	2531	2538	O	None	None	None
466	PMC5539754.nxml.gz	PMC5539754.nxml.gz_15	2421	2674	to	TO	2539	2541	O	None	None	None
467	PMC5539754.nxml.gz	PMC5539754.nxml.gz_15	2421	2674	March	NNP	2542	2547	O	None	None	None
468	PMC5539754.nxml.gz	PMC5539754.nxml.gz_15	2421	2674	[	NNP	2548	2549	O	None	None	None
469	PMC5539754.nxml.gz	PMC5539754.nxml.gz_15	2421	2674	1	CD	2549	2550	O	None	None	None
470	PMC5539754.nxml.gz	PMC5539754.nxml.gz_15	2421	2674	,	,	2550	2551	O	None	None	None
471	PMC5539754.nxml.gz	PMC5539754.nxml.gz_15	2421	2674	2	CD	2551	2552	O	None	None	None
472	PMC5539754.nxml.gz	PMC5539754.nxml.gz_15	2421	2674	]	NN	2552	2553	O	None	None	None
473	PMC5539754.nxml.gz	PMC5539754.nxml.gz_15	2421	2674	with	IN	2554	2558	O	None	None	None
474	PMC5539754.nxml.gz	PMC5539754.nxml.gz_15	2421	2674	striking	JJ	2559	2567	O	None	None	None
475	PMC5539754.nxml.gz	PMC5539754.nxml.gz_15	2421	2674	seasonal	JJ	2568	2576	O	None	None	None
476	PMC5539754.nxml.gz	PMC5539754.nxml.gz_15	2421	2674	variation	NN	2577	2586	O	None	None	None
477	PMC5539754.nxml.gz	PMC5539754.nxml.gz_15	2421	2674	observed	VBD	2587	2595	O	None	None	None
478	PMC5539754.nxml.gz	PMC5539754.nxml.gz_15	2421	2674	in	IN	2596	2598	O	None	None	None
479	PMC5539754.nxml.gz	PMC5539754.nxml.gz_15	2421	2674	25	CD	2599	2601	O	None	None	None
480	PMC5539754.nxml.gz	PMC5539754.nxml.gz_15	2421	2674	-	:	2601	2602	O	None	None	None
481	PMC5539754.nxml.gz	PMC5539754.nxml.gz_15	2421	2674	hydroxyvitamin	NN	2602	2616	O	None	None	None
482	PMC5539754.nxml.gz	PMC5539754.nxml.gz_15	2421	2674	D	NNP	2617	2618	O	None	None	None
483	PMC5539754.nxml.gz	PMC5539754.nxml.gz_15	2421	2674	(	(	2619	2620	O	None	None	None
484	PMC5539754.nxml.gz	PMC5539754.nxml.gz_15	2421	2674	25OHD	CD	2620	2625	O	None	None	None
485	PMC5539754.nxml.gz	PMC5539754.nxml.gz_15	2421	2674	)	)	2625	2626	O	None	None	None
486	PMC5539754.nxml.gz	PMC5539754.nxml.gz_15	2421	2674	in	IN	2627	2629	O	None	None	None
487	PMC5539754.nxml.gz	PMC5539754.nxml.gz_15	2421	2674	pregnant	JJ	2630	2638	O	None	None	None
488	PMC5539754.nxml.gz	PMC5539754.nxml.gz_15	2421	2674	and	CC	2639	2642	O	None	None	None
489	PMC5539754.nxml.gz	PMC5539754.nxml.gz_15	2421	2674	non	JJ	2643	2646	O	None	None	None
490	PMC5539754.nxml.gz	PMC5539754.nxml.gz_15	2421	2674	-	:	2646	2647	O	None	None	None
491	PMC5539754.nxml.gz	PMC5539754.nxml.gz_15	2421	2674	pregnant	JJ	2647	2655	O	None	None	None
492	PMC5539754.nxml.gz	PMC5539754.nxml.gz_15	2421	2674	populations	NNS	2656	2667	O	None	None	None
493	PMC5539754.nxml.gz	PMC5539754.nxml.gz_15	2421	2674	[	VBP	2668	2669	O	None	None	None
494	PMC5539754.nxml.gz	PMC5539754.nxml.gz_15	2421	2674	3	CD	2669	2670	O	None	None	None
495	PMC5539754.nxml.gz	PMC5539754.nxml.gz_15	2421	2674	–	$	2670	2671	O	None	None	None
496	PMC5539754.nxml.gz	PMC5539754.nxml.gz_15	2421	2674	5	CD	2671	2672	O	None	None	None
497	PMC5539754.nxml.gz	PMC5539754.nxml.gz_15	2421	2674	].	NN	2672	2674	O	None	None	None
498	PMC5539754.nxml.gz	PMC5539754.nxml.gz_16	2675	2884	The	DT	2675	2678	O	None	None	None
499	PMC5539754.nxml.gz	PMC5539754.nxml.gz_16	2675	2884	presence	NN	2679	2687	O	None	None	None
500	PMC5539754.nxml.gz	PMC5539754.nxml.gz_16	2675	2884	of	IN	2688	2690	O	None	None	None
501	PMC5539754.nxml.gz	PMC5539754.nxml.gz_16	2675	2884	vitamin	NN	2691	2698	O	None	None	None
502	PMC5539754.nxml.gz	PMC5539754.nxml.gz_16	2675	2884	D	NNP	2699	2700	O	None	None	None
503	PMC5539754.nxml.gz	PMC5539754.nxml.gz_16	2675	2884	receptors	NNS	2701	2710	O	None	None	None
504	PMC5539754.nxml.gz	PMC5539754.nxml.gz_16	2675	2884	and	CC	2711	2714	O	None	None	None
505	PMC5539754.nxml.gz	PMC5539754.nxml.gz_16	2675	2884	expression	NN	2715	2725	O	None	None	None
506	PMC5539754.nxml.gz	PMC5539754.nxml.gz_16	2675	2884	of	IN	2726	2728	O	None	None	None
507	PMC5539754.nxml.gz	PMC5539754.nxml.gz_16	2675	2884	1	CD	2729	2730	O	None	None	None
508	PMC5539754.nxml.gz	PMC5539754.nxml.gz_16	2675	2884	-	:	2730	2731	O	None	None	None
509	PMC5539754.nxml.gz	PMC5539754.nxml.gz_16	2675	2884	α	NN	2731	2732	O	None	None	None
510	PMC5539754.nxml.gz	PMC5539754.nxml.gz_16	2675	2884	-	:	2732	2733	O	None	None	None
511	PMC5539754.nxml.gz	PMC5539754.nxml.gz_16	2675	2884	hydroxylase	NN	2733	2744	O	None	None	None
512	PMC5539754.nxml.gz	PMC5539754.nxml.gz_16	2675	2884	enzyme	NN	2745	2751	O	None	None	None
513	PMC5539754.nxml.gz	PMC5539754.nxml.gz_16	2675	2884	in	IN	2752	2754	O	None	None	None
514	PMC5539754.nxml.gz	PMC5539754.nxml.gz_16	2675	2884	pancreatic	JJ	2755	2765	O	None	None	None
515	PMC5539754.nxml.gz	PMC5539754.nxml.gz_16	2675	2884	beta	NN	2766	2770	O	None	None	None
516	PMC5539754.nxml.gz	PMC5539754.nxml.gz_16	2675	2884	cells	NNS	2771	2776	O	None	None	None
517	PMC5539754.nxml.gz	PMC5539754.nxml.gz_16	2675	2884	suggest	VBP	2777	2784	O	None	None	None
518	PMC5539754.nxml.gz	PMC5539754.nxml.gz_16	2675	2884	that	IN	2785	2789	O	None	None	None
519	PMC5539754.nxml.gz	PMC5539754.nxml.gz_16	2675	2884	vitamin	FW	2790	2797	O	None	None	None
520	PMC5539754.nxml.gz	PMC5539754.nxml.gz_16	2675	2884	D	NNP	2798	2799	O	None	None	None
521	PMC5539754.nxml.gz	PMC5539754.nxml.gz_16	2675	2884	may	MD	2800	2803	O	None	None	None
522	PMC5539754.nxml.gz	PMC5539754.nxml.gz_16	2675	2884	be	VB	2804	2806	O	None	None	None
523	PMC5539754.nxml.gz	PMC5539754.nxml.gz_16	2675	2884	a	DT	2807	2808	O	None	None	None
524	PMC5539754.nxml.gz	PMC5539754.nxml.gz_16	2675	2884	modulator	NN	2809	2818	O	None	None	None
525	PMC5539754.nxml.gz	PMC5539754.nxml.gz_16	2675	2884	of	IN	2819	2821	O	None	None	None
526	PMC5539754.nxml.gz	PMC5539754.nxml.gz_16	2675	2884	insulin	NN	2822	2829	O	None	None	None
527	PMC5539754.nxml.gz	PMC5539754.nxml.gz_16	2675	2884	secretion	NN	2830	2839	O	None	None	None
528	PMC5539754.nxml.gz	PMC5539754.nxml.gz_16	2675	2884	and	CC	2840	2843	O	None	None	None
529	PMC5539754.nxml.gz	PMC5539754.nxml.gz_16	2675	2884	thus	RB	2844	2848	O	None	None	None
530	PMC5539754.nxml.gz	PMC5539754.nxml.gz_16	2675	2884	,	,	2848	2849	O	None	None	None
531	PMC5539754.nxml.gz	PMC5539754.nxml.gz_16	2675	2884	influence	NN	2850	2859	O	None	None	None
532	PMC5539754.nxml.gz	PMC5539754.nxml.gz_16	2675	2884	glucose	JJ	2860	2867	O	None	None	None
533	PMC5539754.nxml.gz	PMC5539754.nxml.gz_16	2675	2884	homeostasis	NN	2868	2879	O	None	None	None
534	PMC5539754.nxml.gz	PMC5539754.nxml.gz_16	2675	2884	[	VBD	2880	2881	O	None	None	None
535	PMC5539754.nxml.gz	PMC5539754.nxml.gz_16	2675	2884	6	CD	2881	2882	O	None	None	None
536	PMC5539754.nxml.gz	PMC5539754.nxml.gz_16	2675	2884	].	NN	2882	2884	O	None	None	None
537	PMC5539754.nxml.gz	PMC5539754.nxml.gz_17	2885	3276	In	IN	2885	2887	O	None	None	None
538	PMC5539754.nxml.gz	PMC5539754.nxml.gz_17	2885	3276	pregnancy	NN	2888	2897	O	None	None	None
539	PMC5539754.nxml.gz	PMC5539754.nxml.gz_17	2885	3276	,	,	2897	2898	O	None	None	None
540	PMC5539754.nxml.gz	PMC5539754.nxml.gz_17	2885	3276	the	DT	2899	2902	O	None	None	None
541	PMC5539754.nxml.gz	PMC5539754.nxml.gz_17	2885	3276	association	NN	2903	2914	O	None	None	None
542	PMC5539754.nxml.gz	PMC5539754.nxml.gz_17	2885	3276	between	IN	2915	2922	O	None	None	None
543	PMC5539754.nxml.gz	PMC5539754.nxml.gz_17	2885	3276	low	JJ	2923	2926	O	None	None	None
544	PMC5539754.nxml.gz	PMC5539754.nxml.gz_17	2885	3276	vitamin	FW	2927	2934	O	None	None	None
545	PMC5539754.nxml.gz	PMC5539754.nxml.gz_17	2885	3276	D	NNP	2935	2936	O	None	None	None
546	PMC5539754.nxml.gz	PMC5539754.nxml.gz_17	2885	3276	levels	NNS	2937	2943	O	None	None	None
547	PMC5539754.nxml.gz	PMC5539754.nxml.gz_17	2885	3276	and	CC	2944	2947	O	None	None	None
548	PMC5539754.nxml.gz	PMC5539754.nxml.gz_17	2885	3276	abnormalities	NNS	2948	2961	O	None	None	None
549	PMC5539754.nxml.gz	PMC5539754.nxml.gz_17	2885	3276	in	IN	2962	2964	O	None	None	None
550	PMC5539754.nxml.gz	PMC5539754.nxml.gz_17	2885	3276	glucose	JJ	2965	2972	O	None	None	None
551	PMC5539754.nxml.gz	PMC5539754.nxml.gz_17	2885	3276	tolerance	NN	2973	2982	O	None	None	None
552	PMC5539754.nxml.gz	PMC5539754.nxml.gz_17	2885	3276	is	VBZ	2983	2985	O	None	None	None
553	PMC5539754.nxml.gz	PMC5539754.nxml.gz_17	2885	3276	the	DT	2986	2989	O	None	None	None
554	PMC5539754.nxml.gz	PMC5539754.nxml.gz_17	2885	3276	subject	NN	2990	2997	O	None	None	None
555	PMC5539754.nxml.gz	PMC5539754.nxml.gz_17	2885	3276	of	IN	2998	3000	O	None	None	None
556	PMC5539754.nxml.gz	PMC5539754.nxml.gz_17	2885	3276	scientific	JJ	3001	3011	O	None	None	None
557	PMC5539754.nxml.gz	PMC5539754.nxml.gz_17	2885	3276	debate	NN	3012	3018	O	None	None	None
558	PMC5539754.nxml.gz	PMC5539754.nxml.gz_17	2885	3276	,	,	3018	3019	O	None	None	None
559	PMC5539754.nxml.gz	PMC5539754.nxml.gz_17	2885	3276	with	IN	3020	3024	O	None	None	None
560	PMC5539754.nxml.gz	PMC5539754.nxml.gz_17	2885	3276	some	DT	3025	3029	O	None	None	None
561	PMC5539754.nxml.gz	PMC5539754.nxml.gz_17	2885	3276	studies	NNS	3030	3037	O	None	None	None
562	PMC5539754.nxml.gz	PMC5539754.nxml.gz_17	2885	3276	reporting	VBG	3038	3047	O	None	None	None
563	PMC5539754.nxml.gz	PMC5539754.nxml.gz_17	2885	3276	that	IN	3048	3052	O	None	None	None
564	PMC5539754.nxml.gz	PMC5539754.nxml.gz_17	2885	3276	maternal	JJ	3053	3061	O	None	None	None
565	PMC5539754.nxml.gz	PMC5539754.nxml.gz_17	2885	3276	insulin	NN	3062	3069	O	None	None	None
566	PMC5539754.nxml.gz	PMC5539754.nxml.gz_17	2885	3276	sensitivity	NN	3070	3081	O	None	None	None
567	PMC5539754.nxml.gz	PMC5539754.nxml.gz_17	2885	3276	,	,	3081	3082	O	None	None	None
568	PMC5539754.nxml.gz	PMC5539754.nxml.gz_17	2885	3276	fasting	VBG	3083	3090	O	None	None	None
569	PMC5539754.nxml.gz	PMC5539754.nxml.gz_17	2885	3276	glucose	NN	3091	3098	O	None	None	None
570	PMC5539754.nxml.gz	PMC5539754.nxml.gz_17	2885	3276	and	CC	3099	3102	O	None	None	None
571	PMC5539754.nxml.gz	PMC5539754.nxml.gz_17	2885	3276	gestational	JJ	3103	3114	O	None	None	None
572	PMC5539754.nxml.gz	PMC5539754.nxml.gz_17	2885	3276	diabetes	NNS	3115	3123	O	None	None	None
573	PMC5539754.nxml.gz	PMC5539754.nxml.gz_17	2885	3276	are	VBP	3124	3127	O	None	None	None
574	PMC5539754.nxml.gz	PMC5539754.nxml.gz_17	2885	3276	not	RB	3128	3131	O	None	None	None
575	PMC5539754.nxml.gz	PMC5539754.nxml.gz_17	2885	3276	associated	VBN	3132	3142	O	None	None	None
576	PMC5539754.nxml.gz	PMC5539754.nxml.gz_17	2885	3276	with	IN	3143	3147	O	None	None	None
577	PMC5539754.nxml.gz	PMC5539754.nxml.gz_17	2885	3276	25OHD	CD	3148	3153	O	None	None	None
578	PMC5539754.nxml.gz	PMC5539754.nxml.gz_17	2885	3276	[	NNS	3154	3155	O	None	None	None
579	PMC5539754.nxml.gz	PMC5539754.nxml.gz_17	2885	3276	7	CD	3155	3156	O	None	None	None
580	PMC5539754.nxml.gz	PMC5539754.nxml.gz_17	2885	3276	],	NNS	3156	3158	O	None	None	None
581	PMC5539754.nxml.gz	PMC5539754.nxml.gz_17	2885	3276	while	IN	3159	3164	O	None	None	None
582	PMC5539754.nxml.gz	PMC5539754.nxml.gz_17	2885	3276	others	NNS	3165	3171	O	None	None	None
583	PMC5539754.nxml.gz	PMC5539754.nxml.gz_17	2885	3276	have	VBP	3172	3176	O	None	None	None
584	PMC5539754.nxml.gz	PMC5539754.nxml.gz_17	2885	3276	found	VBN	3177	3182	O	None	None	None
585	PMC5539754.nxml.gz	PMC5539754.nxml.gz_17	2885	3276	inverse	JJ	3183	3190	O	None	None	None
586	PMC5539754.nxml.gz	PMC5539754.nxml.gz_17	2885	3276	associations	NNS	3191	3203	O	None	None	None
587	PMC5539754.nxml.gz	PMC5539754.nxml.gz_17	2885	3276	between	IN	3204	3211	O	None	None	None
588	PMC5539754.nxml.gz	PMC5539754.nxml.gz_17	2885	3276	25OHD	CD	3212	3217	O	None	None	None
589	PMC5539754.nxml.gz	PMC5539754.nxml.gz_17	2885	3276	,	,	3217	3218	O	None	None	None
590	PMC5539754.nxml.gz	PMC5539754.nxml.gz_17	2885	3276	fasting	VBG	3219	3226	O	None	None	None
591	PMC5539754.nxml.gz	PMC5539754.nxml.gz_17	2885	3276	glucose	JJ	3227	3234	O	None	None	None
592	PMC5539754.nxml.gz	PMC5539754.nxml.gz_17	2885	3276	[	JJ	3235	3236	O	None	None	None
593	PMC5539754.nxml.gz	PMC5539754.nxml.gz_17	2885	3276	8	CD	3236	3237	O	None	None	None
594	PMC5539754.nxml.gz	PMC5539754.nxml.gz_17	2885	3276	]	NN	3237	3238	O	None	None	None
595	PMC5539754.nxml.gz	PMC5539754.nxml.gz_17	2885	3276	and	CC	3239	3242	O	None	None	None
596	PMC5539754.nxml.gz	PMC5539754.nxml.gz_17	2885	3276	risk	NN	3243	3247	O	None	None	None
597	PMC5539754.nxml.gz	PMC5539754.nxml.gz_17	2885	3276	of	IN	3248	3250	O	None	None	None
598	PMC5539754.nxml.gz	PMC5539754.nxml.gz_17	2885	3276	gestational	JJ	3251	3262	O	None	None	None
599	PMC5539754.nxml.gz	PMC5539754.nxml.gz_17	2885	3276	diabetes	NNS	3263	3271	O	None	None	None
600	PMC5539754.nxml.gz	PMC5539754.nxml.gz_17	2885	3276	[	VBP	3272	3273	O	None	None	None
601	PMC5539754.nxml.gz	PMC5539754.nxml.gz_17	2885	3276	9	CD	3273	3274	O	None	None	None
602	PMC5539754.nxml.gz	PMC5539754.nxml.gz_17	2885	3276	].	NN	3274	3276	O	None	None	None
603	PMC5539754.nxml.gz	PMC5539754.nxml.gz_18	3277	3433	However	RB	3277	3284	O	None	None	None
604	PMC5539754.nxml.gz	PMC5539754.nxml.gz_18	3277	3433	,	,	3284	3285	O	None	None	None
605	PMC5539754.nxml.gz	PMC5539754.nxml.gz_18	3277	3433	the	DT	3286	3289	O	None	None	None
606	PMC5539754.nxml.gz	PMC5539754.nxml.gz_18	3277	3433	majority	NN	3290	3298	O	None	None	None
607	PMC5539754.nxml.gz	PMC5539754.nxml.gz_18	3277	3433	of	IN	3299	3301	O	None	None	None
608	PMC5539754.nxml.gz	PMC5539754.nxml.gz_18	3277	3433	vitamin	NN	3302	3309	O	None	None	None
609	PMC5539754.nxml.gz	PMC5539754.nxml.gz_18	3277	3433	D	NNP	3310	3311	O	None	None	None
610	PMC5539754.nxml.gz	PMC5539754.nxml.gz_18	3277	3433	supplementation	NN	3312	3327	O	None	None	None
611	PMC5539754.nxml.gz	PMC5539754.nxml.gz_18	3277	3433	intervention	NN	3328	3340	O	None	None	None
612	PMC5539754.nxml.gz	PMC5539754.nxml.gz_18	3277	3433	trials	NNS	3341	3347	O	None	None	None
613	PMC5539754.nxml.gz	PMC5539754.nxml.gz_18	3277	3433	in	IN	3348	3350	O	None	None	None
614	PMC5539754.nxml.gz	PMC5539754.nxml.gz_18	3277	3433	pregnancy	NN	3351	3360	O	None	None	None
615	PMC5539754.nxml.gz	PMC5539754.nxml.gz_18	3277	3433	have	VBP	3361	3365	O	None	None	None
616	PMC5539754.nxml.gz	PMC5539754.nxml.gz_18	3277	3433	not	RB	3366	3369	O	None	None	None
617	PMC5539754.nxml.gz	PMC5539754.nxml.gz_18	3277	3433	had	VBN	3370	3373	O	None	None	None
618	PMC5539754.nxml.gz	PMC5539754.nxml.gz_18	3277	3433	a	DT	3374	3375	O	None	None	None
619	PMC5539754.nxml.gz	PMC5539754.nxml.gz_18	3277	3433	significant	JJ	3376	3387	O	None	None	None
620	PMC5539754.nxml.gz	PMC5539754.nxml.gz_18	3277	3433	impact	NN	3388	3394	O	None	None	None
621	PMC5539754.nxml.gz	PMC5539754.nxml.gz_18	3277	3433	on	IN	3395	3397	O	None	None	None
622	PMC5539754.nxml.gz	PMC5539754.nxml.gz_18	3277	3433	maternal	JJ	3398	3406	O	None	None	None
623	PMC5539754.nxml.gz	PMC5539754.nxml.gz_18	3277	3433	and	CC	3407	3410	O	None	None	None
624	PMC5539754.nxml.gz	PMC5539754.nxml.gz_18	3277	3433	offspring	VBG	3411	3420	O	None	None	None
625	PMC5539754.nxml.gz	PMC5539754.nxml.gz_18	3277	3433	health	NN	3421	3427	O	None	None	None
626	PMC5539754.nxml.gz	PMC5539754.nxml.gz_18	3277	3433	[	$	3428	3429	O	None	None	None
627	PMC5539754.nxml.gz	PMC5539754.nxml.gz_18	3277	3433	10	CD	3429	3431	O	None	None	None
628	PMC5539754.nxml.gz	PMC5539754.nxml.gz_18	3277	3433	].	NN	3431	3433	O	None	None	None
629	PMC5539754.nxml.gz	PMC5539754.nxml.gz_19	3434	3742	The	DT	3434	3437	O	None	None	None
630	PMC5539754.nxml.gz	PMC5539754.nxml.gz_19	3434	3742	physiological	JJ	3438	3451	O	None	None	None
631	PMC5539754.nxml.gz	PMC5539754.nxml.gz_19	3434	3742	response	NN	3452	3460	O	None	None	None
632	PMC5539754.nxml.gz	PMC5539754.nxml.gz_19	3434	3742	to	TO	3461	3463	O	None	None	None
633	PMC5539754.nxml.gz	PMC5539754.nxml.gz_19	3434	3742	sunlight	JJ	3464	3472	O	None	None	None
634	PMC5539754.nxml.gz	PMC5539754.nxml.gz_19	3434	3742	exposure	NN	3473	3481	O	None	None	None
635	PMC5539754.nxml.gz	PMC5539754.nxml.gz_19	3434	3742	,	,	3481	3482	O	None	None	None
636	PMC5539754.nxml.gz	PMC5539754.nxml.gz_19	3434	3742	beyond	IN	3483	3489	O	None	None	None
637	PMC5539754.nxml.gz	PMC5539754.nxml.gz_19	3434	3742	that	DT	3490	3494	O	None	None	None
638	PMC5539754.nxml.gz	PMC5539754.nxml.gz_19	3434	3742	of	IN	3495	3497	O	None	None	None
639	PMC5539754.nxml.gz	PMC5539754.nxml.gz_19	3434	3742	vitamin	NN	3498	3505	O	None	None	None
640	PMC5539754.nxml.gz	PMC5539754.nxml.gz_19	3434	3742	D	NNP	3506	3507	O	None	None	None
641	PMC5539754.nxml.gz	PMC5539754.nxml.gz_19	3434	3742	production	NN	3508	3518	O	None	None	None
642	PMC5539754.nxml.gz	PMC5539754.nxml.gz_19	3434	3742	,	,	3518	3519	O	None	None	None
643	PMC5539754.nxml.gz	PMC5539754.nxml.gz_19	3434	3742	includes	VBZ	3520	3528	O	None	None	None
644	PMC5539754.nxml.gz	PMC5539754.nxml.gz_19	3434	3742	regulation	NN	3529	3539	O	None	None	None
645	PMC5539754.nxml.gz	PMC5539754.nxml.gz_19	3434	3742	of	IN	3540	3542	O	None	None	None
646	PMC5539754.nxml.gz	PMC5539754.nxml.gz_19	3434	3742	biological	JJ	3543	3553	O	None	None	None
647	PMC5539754.nxml.gz	PMC5539754.nxml.gz_19	3434	3742	circadian	NN	3554	3563	O	None	None	None
648	PMC5539754.nxml.gz	PMC5539754.nxml.gz_19	3434	3742	and	CC	3564	3567	O	None	None	None
649	PMC5539754.nxml.gz	PMC5539754.nxml.gz_19	3434	3742	circannual	JJ	3568	3578	O	None	None	None
650	PMC5539754.nxml.gz	PMC5539754.nxml.gz_19	3434	3742	rhythms	NN	3579	3586	O	None	None	None
651	PMC5539754.nxml.gz	PMC5539754.nxml.gz_19	3434	3742	,	,	3586	3587	O	None	None	None
652	PMC5539754.nxml.gz	PMC5539754.nxml.gz_19	3434	3742	control	NN	3588	3595	O	None	None	None
653	PMC5539754.nxml.gz	PMC5539754.nxml.gz_19	3434	3742	of	IN	3596	3598	O	None	None	None
654	PMC5539754.nxml.gz	PMC5539754.nxml.gz_19	3434	3742	circulating	VBG	3599	3610	O	None	None	None
655	PMC5539754.nxml.gz	PMC5539754.nxml.gz_19	3434	3742	melatonin	NN	3611	3620	O	None	None	None
656	PMC5539754.nxml.gz	PMC5539754.nxml.gz_19	3434	3742	,	,	3620	3621	O	None	None	None
657	PMC5539754.nxml.gz	PMC5539754.nxml.gz_19	3434	3742	as	RB	3622	3624	O	None	None	None
658	PMC5539754.nxml.gz	PMC5539754.nxml.gz_19	3434	3742	well	RB	3625	3629	O	None	None	None
659	PMC5539754.nxml.gz	PMC5539754.nxml.gz_19	3434	3742	as	IN	3630	3632	O	None	None	None
660	PMC5539754.nxml.gz	PMC5539754.nxml.gz_19	3434	3742	production	NN	3633	3643	O	None	None	None
661	PMC5539754.nxml.gz	PMC5539754.nxml.gz_19	3434	3742	of	IN	3644	3646	O	None	None	None
662	PMC5539754.nxml.gz	PMC5539754.nxml.gz_19	3434	3742	nitric	JJ	3647	3653	O	None	None	None
663	PMC5539754.nxml.gz	PMC5539754.nxml.gz_19	3434	3742	oxide	NN	3654	3659	O	None	None	None
664	PMC5539754.nxml.gz	PMC5539754.nxml.gz_19	3434	3742	,	,	3659	3660	O	None	None	None
665	PMC5539754.nxml.gz	PMC5539754.nxml.gz_19	3434	3742	a	DT	3661	3662	O	None	None	None
666	PMC5539754.nxml.gz	PMC5539754.nxml.gz_19	3434	3742	vasodilator	NN	3663	3674	O	None	None	None
667	PMC5539754.nxml.gz	PMC5539754.nxml.gz_19	3434	3742	,	,	3674	3675	O	None	None	None
668	PMC5539754.nxml.gz	PMC5539754.nxml.gz_19	3434	3742	and	CC	3676	3679	O	None	None	None
669	PMC5539754.nxml.gz	PMC5539754.nxml.gz_19	3434	3742	beta	SYM	3680	3684	O	None	None	None
670	PMC5539754.nxml.gz	PMC5539754.nxml.gz_19	3434	3742	-	:	3684	3685	O	None	None	None
671	PMC5539754.nxml.gz	PMC5539754.nxml.gz_19	3434	3742	endorphins	NNS	3685	3695	O	None	None	None
672	PMC5539754.nxml.gz	PMC5539754.nxml.gz_19	3434	3742	which	WDT	3696	3701	O	None	None	None
673	PMC5539754.nxml.gz	PMC5539754.nxml.gz_19	3434	3742	promote	VBP	3702	3709	O	None	None	None
674	PMC5539754.nxml.gz	PMC5539754.nxml.gz_19	3434	3742	a	DT	3710	3711	O	None	None	None
675	PMC5539754.nxml.gz	PMC5539754.nxml.gz_19	3434	3742	feeling	NN	3712	3719	O	None	None	None
676	PMC5539754.nxml.gz	PMC5539754.nxml.gz_19	3434	3742	of	IN	3720	3722	O	None	None	None
677	PMC5539754.nxml.gz	PMC5539754.nxml.gz_19	3434	3742	well	RB	3723	3727	O	None	None	None
678	PMC5539754.nxml.gz	PMC5539754.nxml.gz_19	3434	3742	-	:	3727	3728	O	None	None	None
679	PMC5539754.nxml.gz	PMC5539754.nxml.gz_19	3434	3742	being	VBG	3728	3733	O	None	None	None
680	PMC5539754.nxml.gz	PMC5539754.nxml.gz_19	3434	3742	[	JJ	3734	3735	O	None	None	None
681	PMC5539754.nxml.gz	PMC5539754.nxml.gz_19	3434	3742	11	CD	3735	3737	O	None	None	None
682	PMC5539754.nxml.gz	PMC5539754.nxml.gz_19	3434	3742	–	JJ	3737	3738	O	None	None	None
683	PMC5539754.nxml.gz	PMC5539754.nxml.gz_19	3434	3742	13	CD	3738	3740	O	None	None	None
684	PMC5539754.nxml.gz	PMC5539754.nxml.gz_19	3434	3742	].	NN	3740	3742	O	None	None	None
685	PMC5539754.nxml.gz	PMC5539754.nxml.gz_20	3743	3869	Circadian	JJ	3743	3752	O	None	None	None
686	PMC5539754.nxml.gz	PMC5539754.nxml.gz_20	3743	3869	rhythms	NN	3753	3760	O	None	None	None
687	PMC5539754.nxml.gz	PMC5539754.nxml.gz_20	3743	3869	follow	VBP	3761	3767	O	None	None	None
688	PMC5539754.nxml.gz	PMC5539754.nxml.gz_20	3743	3869	the	DT	3768	3771	O	None	None	None
689	PMC5539754.nxml.gz	PMC5539754.nxml.gz_20	3743	3869	daily	NN	3772	3777	O	None	None	None
690	PMC5539754.nxml.gz	PMC5539754.nxml.gz_20	3743	3869	,	,	3777	3778	O	None	None	None
691	PMC5539754.nxml.gz	PMC5539754.nxml.gz_20	3743	3869	24	CD	3779	3781	O	None	None	None
692	PMC5539754.nxml.gz	PMC5539754.nxml.gz_20	3743	3869	-	:	3781	3782	O	None	None	None
693	PMC5539754.nxml.gz	PMC5539754.nxml.gz_20	3743	3869	h	NN	3782	3783	O	None	None	None
694	PMC5539754.nxml.gz	PMC5539754.nxml.gz_20	3743	3869	light	JJ	3784	3789	O	None	None	None
695	PMC5539754.nxml.gz	PMC5539754.nxml.gz_20	3743	3869	-	:	3789	3790	O	None	None	None
696	PMC5539754.nxml.gz	PMC5539754.nxml.gz_20	3743	3869	dark	JJ	3790	3794	O	None	None	None
697	PMC5539754.nxml.gz	PMC5539754.nxml.gz_20	3743	3869	cycle	NN	3795	3800	O	None	None	None
698	PMC5539754.nxml.gz	PMC5539754.nxml.gz_20	3743	3869	[	VBD	3801	3802	O	None	None	None
699	PMC5539754.nxml.gz	PMC5539754.nxml.gz_20	3743	3869	14	CD	3802	3804	O	None	None	None
700	PMC5539754.nxml.gz	PMC5539754.nxml.gz_20	3743	3869	],	NNS	3804	3806	O	None	None	None
701	PMC5539754.nxml.gz	PMC5539754.nxml.gz_20	3743	3869	while	IN	3807	3812	O	None	None	None
702	PMC5539754.nxml.gz	PMC5539754.nxml.gz_20	3743	3869	seasonal	JJ	3813	3821	O	None	None	None
703	PMC5539754.nxml.gz	PMC5539754.nxml.gz_20	3743	3869	fluctuations	NNS	3822	3834	O	None	None	None
704	PMC5539754.nxml.gz	PMC5539754.nxml.gz_20	3743	3869	influence	VBP	3835	3844	O	None	None	None
705	PMC5539754.nxml.gz	PMC5539754.nxml.gz_20	3743	3869	circannual	JJ	3845	3855	O	None	None	None
706	PMC5539754.nxml.gz	PMC5539754.nxml.gz_20	3743	3869	rhythms	NN	3856	3863	O	None	None	None
707	PMC5539754.nxml.gz	PMC5539754.nxml.gz_20	3743	3869	[	VBD	3864	3865	O	None	None	None
708	PMC5539754.nxml.gz	PMC5539754.nxml.gz_20	3743	3869	15	CD	3865	3867	O	None	None	None
709	PMC5539754.nxml.gz	PMC5539754.nxml.gz_20	3743	3869	].	NN	3867	3869	O	None	None	None
710	PMC5539754.nxml.gz	PMC5539754.nxml.gz_21	3870	4073	Disruption	NN	3870	3880	O	None	None	None
711	PMC5539754.nxml.gz	PMC5539754.nxml.gz_21	3870	4073	of	IN	3881	3883	O	None	None	None
712	PMC5539754.nxml.gz	PMC5539754.nxml.gz_21	3870	4073	our	PRP$	3884	3887	O	None	None	None
713	PMC5539754.nxml.gz	PMC5539754.nxml.gz_21	3870	4073	circadian	JJ	3888	3897	O	None	None	None
714	PMC5539754.nxml.gz	PMC5539754.nxml.gz_21	3870	4073	clock	NN	3898	3903	O	None	None	None
715	PMC5539754.nxml.gz	PMC5539754.nxml.gz_21	3870	4073	,	,	3903	3904	O	None	None	None
716	PMC5539754.nxml.gz	PMC5539754.nxml.gz_21	3870	4073	for	IN	3905	3908	O	None	None	None
717	PMC5539754.nxml.gz	PMC5539754.nxml.gz_21	3870	4073	example	NN	3909	3916	O	None	None	None
718	PMC5539754.nxml.gz	PMC5539754.nxml.gz_21	3870	4073	though	IN	3917	3923	O	None	None	None
719	PMC5539754.nxml.gz	PMC5539754.nxml.gz_21	3870	4073	shift	NN	3924	3929	O	None	None	None
720	PMC5539754.nxml.gz	PMC5539754.nxml.gz_21	3870	4073	work	NN	3930	3934	O	None	None	None
721	PMC5539754.nxml.gz	PMC5539754.nxml.gz_21	3870	4073	that	WDT	3935	3939	O	None	None	None
722	PMC5539754.nxml.gz	PMC5539754.nxml.gz_21	3870	4073	interferes	VBZ	3940	3950	O	None	None	None
723	PMC5539754.nxml.gz	PMC5539754.nxml.gz_21	3870	4073	with	IN	3951	3955	O	None	None	None
724	PMC5539754.nxml.gz	PMC5539754.nxml.gz_21	3870	4073	light	JJ	3956	3961	O	None	None	None
725	PMC5539754.nxml.gz	PMC5539754.nxml.gz_21	3870	4073	-	:	3961	3962	O	None	None	None
726	PMC5539754.nxml.gz	PMC5539754.nxml.gz_21	3870	4073	dark	JJ	3962	3966	O	None	None	None
727	PMC5539754.nxml.gz	PMC5539754.nxml.gz_21	3870	4073	environmental	JJ	3967	3980	O	None	None	None
728	PMC5539754.nxml.gz	PMC5539754.nxml.gz_21	3870	4073	phases	NNS	3981	3987	O	None	None	None
729	PMC5539754.nxml.gz	PMC5539754.nxml.gz_21	3870	4073	,	,	3987	3988	O	None	None	None
730	PMC5539754.nxml.gz	PMC5539754.nxml.gz_21	3870	4073	can	MD	3989	3992	O	None	None	None
731	PMC5539754.nxml.gz	PMC5539754.nxml.gz_21	3870	4073	negatively	RB	3993	4003	O	None	None	None
732	PMC5539754.nxml.gz	PMC5539754.nxml.gz_21	3870	4073	affect	VB	4004	4010	O	None	None	None
733	PMC5539754.nxml.gz	PMC5539754.nxml.gz_21	3870	4073	cardiometabolic	JJ	4011	4026	O	None	None	None
734	PMC5539754.nxml.gz	PMC5539754.nxml.gz_21	3870	4073	function	NN	4027	4035	O	None	None	None
735	PMC5539754.nxml.gz	PMC5539754.nxml.gz_21	3870	4073	and	CC	4036	4039	O	None	None	None
736	PMC5539754.nxml.gz	PMC5539754.nxml.gz_21	3870	4073	increase	VB	4040	4048	O	None	None	None
737	PMC5539754.nxml.gz	PMC5539754.nxml.gz_21	3870	4073	insulin	NN	4049	4056	O	None	None	None
738	PMC5539754.nxml.gz	PMC5539754.nxml.gz_21	3870	4073	resistance	NN	4057	4067	O	None	None	None
739	PMC5539754.nxml.gz	PMC5539754.nxml.gz_21	3870	4073	[	VBD	4068	4069	O	None	None	None
740	PMC5539754.nxml.gz	PMC5539754.nxml.gz_21	3870	4073	16	CD	4069	4071	O	None	None	None
741	PMC5539754.nxml.gz	PMC5539754.nxml.gz_21	3870	4073	].	NN	4071	4073	O	None	None	None
742	PMC5539754.nxml.gz	PMC5539754.nxml.gz_22	4074	4355	The	DT	4074	4077	O	None	None	None
743	PMC5539754.nxml.gz	PMC5539754.nxml.gz_22	4074	4355	duration	NN	4078	4086	O	None	None	None
744	PMC5539754.nxml.gz	PMC5539754.nxml.gz_22	4074	4355	of	IN	4087	4089	O	None	None	None
745	PMC5539754.nxml.gz	PMC5539754.nxml.gz_22	4074	4355	natural	JJ	4090	4097	O	None	None	None
746	PMC5539754.nxml.gz	PMC5539754.nxml.gz_22	4074	4355	sunlight	NN	4098	4106	O	None	None	None
747	PMC5539754.nxml.gz	PMC5539754.nxml.gz_22	4074	4355	in	IN	4107	4109	O	None	None	None
748	PMC5539754.nxml.gz	PMC5539754.nxml.gz_22	4074	4355	our	PRP$	4110	4113	O	None	None	None
749	PMC5539754.nxml.gz	PMC5539754.nxml.gz_22	4074	4355	environment	NN	4114	4125	O	None	None	None
750	PMC5539754.nxml.gz	PMC5539754.nxml.gz_22	4074	4355	varies	NNS	4126	4132	O	None	None	None
751	PMC5539754.nxml.gz	PMC5539754.nxml.gz_22	4074	4355	depending	VBG	4133	4142	O	None	None	None
752	PMC5539754.nxml.gz	PMC5539754.nxml.gz_22	4074	4355	on	IN	4143	4145	O	None	None	None
753	PMC5539754.nxml.gz	PMC5539754.nxml.gz_22	4074	4355	season	NN	4146	4152	O	None	None	None
754	PMC5539754.nxml.gz	PMC5539754.nxml.gz_22	4074	4355	,	,	4152	4153	O	None	None	None
755	PMC5539754.nxml.gz	PMC5539754.nxml.gz_22	4074	4355	and	CC	4154	4157	O	None	None	None
756	PMC5539754.nxml.gz	PMC5539754.nxml.gz_22	4074	4355	although	IN	4158	4166	O	None	None	None
757	PMC5539754.nxml.gz	PMC5539754.nxml.gz_22	4074	4355	it	PRP	4167	4169	O	None	None	None
758	PMC5539754.nxml.gz	PMC5539754.nxml.gz_22	4074	4355	is	VBZ	4170	4172	O	None	None	None
759	PMC5539754.nxml.gz	PMC5539754.nxml.gz_22	4074	4355	known	VBN	4173	4178	O	None	None	None
760	PMC5539754.nxml.gz	PMC5539754.nxml.gz_22	4074	4355	that	IN	4179	4183	O	None	None	None
761	PMC5539754.nxml.gz	PMC5539754.nxml.gz_22	4074	4355	many	JJ	4184	4188	O	None	None	None
762	PMC5539754.nxml.gz	PMC5539754.nxml.gz_22	4074	4355	animals	NNS	4189	4196	B	NCBITaxon_EXT_2021_10_26_Instance_3629	None	None
763	PMC5539754.nxml.gz	PMC5539754.nxml.gz_22	4074	4355	adapt	VBP	4197	4202	O	None	None	None
764	PMC5539754.nxml.gz	PMC5539754.nxml.gz_22	4074	4355	physiologically	RB	4203	4218	O	None	None	None
765	PMC5539754.nxml.gz	PMC5539754.nxml.gz_22	4074	4355	and	CC	4219	4222	O	None	None	None
766	PMC5539754.nxml.gz	PMC5539754.nxml.gz_22	4074	4355	behaviourally	RB	4223	4236	O	None	None	None
767	PMC5539754.nxml.gz	PMC5539754.nxml.gz_22	4074	4355	in	IN	4237	4239	O	None	None	None
768	PMC5539754.nxml.gz	PMC5539754.nxml.gz_22	4074	4355	order	NN	4240	4245	O	None	None	None
769	PMC5539754.nxml.gz	PMC5539754.nxml.gz_22	4074	4355	to	TO	4246	4248	O	None	None	None
770	PMC5539754.nxml.gz	PMC5539754.nxml.gz_22	4074	4355	survive	VB	4249	4256	O	None	None	None
771	PMC5539754.nxml.gz	PMC5539754.nxml.gz_22	4074	4355	the	DT	4257	4260	O	None	None	None
772	PMC5539754.nxml.gz	PMC5539754.nxml.gz_22	4074	4355	changing	VBG	4261	4269	O	None	None	None
773	PMC5539754.nxml.gz	PMC5539754.nxml.gz_22	4074	4355	seasons	NNS	4270	4277	O	None	None	None
774	PMC5539754.nxml.gz	PMC5539754.nxml.gz_22	4074	4355	,	,	4277	4278	O	None	None	None
775	PMC5539754.nxml.gz	PMC5539754.nxml.gz_22	4074	4355	there	EX	4279	4284	O	None	None	None
776	PMC5539754.nxml.gz	PMC5539754.nxml.gz_22	4074	4355	is	VBZ	4285	4287	O	None	None	None
777	PMC5539754.nxml.gz	PMC5539754.nxml.gz_22	4074	4355	also	RB	4288	4292	O	None	None	None
778	PMC5539754.nxml.gz	PMC5539754.nxml.gz_22	4074	4355	evidence	NN	4293	4301	O	None	None	None
779	PMC5539754.nxml.gz	PMC5539754.nxml.gz_22	4074	4355	of	IN	4302	4304	O	None	None	None
780	PMC5539754.nxml.gz	PMC5539754.nxml.gz_22	4074	4355	circannual	JJ	4305	4315	O	None	None	None
781	PMC5539754.nxml.gz	PMC5539754.nxml.gz_22	4074	4355	biological	JJ	4316	4326	O	None	None	None
782	PMC5539754.nxml.gz	PMC5539754.nxml.gz_22	4074	4355	clocks	NNS	4327	4333	O	None	None	None
783	PMC5539754.nxml.gz	PMC5539754.nxml.gz_22	4074	4355	among	IN	4334	4339	O	None	None	None
784	PMC5539754.nxml.gz	PMC5539754.nxml.gz_22	4074	4355	humans	NNS	4340	4346	B	NCBITaxon_EXT_2021_10_26_Instance_3630	None	None
785	PMC5539754.nxml.gz	PMC5539754.nxml.gz_22	4074	4355	[	VBP	4347	4348	O	None	None	None
786	PMC5539754.nxml.gz	PMC5539754.nxml.gz_22	4074	4355	15	CD	4348	4350	O	None	None	None
787	PMC5539754.nxml.gz	PMC5539754.nxml.gz_22	4074	4355	,	,	4350	4351	O	None	None	None
788	PMC5539754.nxml.gz	PMC5539754.nxml.gz_22	4074	4355	17	CD	4351	4353	O	None	None	None
789	PMC5539754.nxml.gz	PMC5539754.nxml.gz_22	4074	4355	].	NN	4353	4355	O	None	None	None
790	PMC5539754.nxml.gz	PMC5539754.nxml.gz_23	4356	4478	Epidemiological	NNP	4356	4371	O	None	None	None
791	PMC5539754.nxml.gz	PMC5539754.nxml.gz_23	4356	4478	data	NNS	4372	4376	O	None	None	None
792	PMC5539754.nxml.gz	PMC5539754.nxml.gz_23	4356	4478	suggest	VBP	4377	4384	O	None	None	None
793	PMC5539754.nxml.gz	PMC5539754.nxml.gz_23	4356	4478	that	IN	4385	4389	O	None	None	None
794	PMC5539754.nxml.gz	PMC5539754.nxml.gz_23	4356	4478	seasonality	NN	4390	4401	O	None	None	None
795	PMC5539754.nxml.gz	PMC5539754.nxml.gz_23	4356	4478	in	IN	4402	4404	O	None	None	None
796	PMC5539754.nxml.gz	PMC5539754.nxml.gz_23	4356	4478	sunlight	NN	4405	4413	O	None	None	None
797	PMC5539754.nxml.gz	PMC5539754.nxml.gz_23	4356	4478	and	CC	4414	4417	O	None	None	None
798	PMC5539754.nxml.gz	PMC5539754.nxml.gz_23	4356	4478	vitamin	NN	4418	4425	O	None	None	None
799	PMC5539754.nxml.gz	PMC5539754.nxml.gz_23	4356	4478	D	NNP	4426	4427	O	None	None	None
800	PMC5539754.nxml.gz	PMC5539754.nxml.gz_23	4356	4478	are	VBP	4428	4431	O	None	None	None
801	PMC5539754.nxml.gz	PMC5539754.nxml.gz_23	4356	4478	related	VBN	4432	4439	O	None	None	None
802	PMC5539754.nxml.gz	PMC5539754.nxml.gz_23	4356	4478	to	TO	4440	4442	O	None	None	None
803	PMC5539754.nxml.gz	PMC5539754.nxml.gz_23	4356	4478	mortality	NN	4443	4452	O	None	None	None
804	PMC5539754.nxml.gz	PMC5539754.nxml.gz_23	4356	4478	and	CC	4453	4456	O	None	None	None
805	PMC5539754.nxml.gz	PMC5539754.nxml.gz_23	4356	4478	infection	NN	4457	4466	O	None	None	None
806	PMC5539754.nxml.gz	PMC5539754.nxml.gz_23	4356	4478	rates	NNS	4467	4472	O	None	None	None
807	PMC5539754.nxml.gz	PMC5539754.nxml.gz_23	4356	4478	[	VBP	4473	4474	O	None	None	None
808	PMC5539754.nxml.gz	PMC5539754.nxml.gz_23	4356	4478	18	CD	4474	4476	O	None	None	None
809	PMC5539754.nxml.gz	PMC5539754.nxml.gz_23	4356	4478	].	NN	4476	4478	O	None	None	None
810	PMC5539754.nxml.gz	PMC5539754.nxml.gz_24	4479	4659	Seasonal	JJ	4479	4487	O	None	None	None
811	PMC5539754.nxml.gz	PMC5539754.nxml.gz_24	4479	4659	variation	NN	4488	4497	O	None	None	None
812	PMC5539754.nxml.gz	PMC5539754.nxml.gz_24	4479	4659	has	VBZ	4498	4501	O	None	None	None
813	PMC5539754.nxml.gz	PMC5539754.nxml.gz_24	4479	4659	been	VBN	4502	4506	O	None	None	None
814	PMC5539754.nxml.gz	PMC5539754.nxml.gz_24	4479	4659	reported	VBN	4507	4515	O	None	None	None
815	PMC5539754.nxml.gz	PMC5539754.nxml.gz_24	4479	4659	in	IN	4516	4518	O	None	None	None
816	PMC5539754.nxml.gz	PMC5539754.nxml.gz_24	4479	4659	HbA1cand	NNP	4519	4527	O	None	None	None
817	PMC5539754.nxml.gz	PMC5539754.nxml.gz_24	4479	4659	glucose	JJ	4528	4535	O	None	None	None
818	PMC5539754.nxml.gz	PMC5539754.nxml.gz_24	4479	4659	concentrations	NNS	4536	4550	O	None	None	None
819	PMC5539754.nxml.gz	PMC5539754.nxml.gz_24	4479	4659	among	IN	4551	4556	O	None	None	None
820	PMC5539754.nxml.gz	PMC5539754.nxml.gz_24	4479	4659	individuals	NNS	4557	4568	B	NCBITaxon_EXT_2021_10_26_Instance_3631	None	None
821	PMC5539754.nxml.gz	PMC5539754.nxml.gz_24	4479	4659	with	IN	4569	4573	O	None	None	None
822	PMC5539754.nxml.gz	PMC5539754.nxml.gz_24	4479	4659	type	NN	4574	4578	O	None	None	None
823	PMC5539754.nxml.gz	PMC5539754.nxml.gz_24	4479	4659	2	CD	4579	4580	O	None	None	None
824	PMC5539754.nxml.gz	PMC5539754.nxml.gz_24	4479	4659	diabetes	NNS	4581	4589	O	None	None	None
825	PMC5539754.nxml.gz	PMC5539754.nxml.gz_24	4479	4659	,	,	4589	4590	O	None	None	None
826	PMC5539754.nxml.gz	PMC5539754.nxml.gz_24	4479	4659	with	IN	4591	4595	O	None	None	None
827	PMC5539754.nxml.gz	PMC5539754.nxml.gz_24	4479	4659	highest	JJS	4596	4603	O	None	None	None
828	PMC5539754.nxml.gz	PMC5539754.nxml.gz_24	4479	4659	levels	NNS	4604	4610	O	None	None	None
829	PMC5539754.nxml.gz	PMC5539754.nxml.gz_24	4479	4659	observed	VBN	4611	4619	O	None	None	None
830	PMC5539754.nxml.gz	PMC5539754.nxml.gz_24	4479	4659	in	IN	4620	4622	O	None	None	None
831	PMC5539754.nxml.gz	PMC5539754.nxml.gz_24	4479	4659	winter	NN	4623	4629	O	None	None	None
832	PMC5539754.nxml.gz	PMC5539754.nxml.gz_24	4479	4659	and	CC	4630	4633	O	None	None	None
833	PMC5539754.nxml.gz	PMC5539754.nxml.gz_24	4479	4659	lowest	JJS	4634	4640	O	None	None	None
834	PMC5539754.nxml.gz	PMC5539754.nxml.gz_24	4479	4659	in	IN	4641	4643	O	None	None	None
835	PMC5539754.nxml.gz	PMC5539754.nxml.gz_24	4479	4659	summer	NN	4644	4650	O	None	None	None
836	PMC5539754.nxml.gz	PMC5539754.nxml.gz_24	4479	4659	[	NN	4651	4652	O	None	None	None
837	PMC5539754.nxml.gz	PMC5539754.nxml.gz_24	4479	4659	19	CD	4652	4654	O	None	None	None
838	PMC5539754.nxml.gz	PMC5539754.nxml.gz_24	4479	4659	–	NN	4654	4655	O	None	None	None
839	PMC5539754.nxml.gz	PMC5539754.nxml.gz_24	4479	4659	23	CD	4655	4657	O	None	None	None
840	PMC5539754.nxml.gz	PMC5539754.nxml.gz_24	4479	4659	].	NN	4657	4659	O	None	None	None
841	PMC5539754.nxml.gz	PMC5539754.nxml.gz_25	4660	4819	Two	CD	4660	4663	O	None	None	None
842	PMC5539754.nxml.gz	PMC5539754.nxml.gz_25	4660	4819	separate	JJ	4664	4672	O	None	None	None
843	PMC5539754.nxml.gz	PMC5539754.nxml.gz_25	4660	4819	cohort	NN	4673	4679	O	None	None	None
844	PMC5539754.nxml.gz	PMC5539754.nxml.gz_25	4660	4819	studies	NNS	4680	4687	O	None	None	None
845	PMC5539754.nxml.gz	PMC5539754.nxml.gz_25	4660	4819	recently	RB	4688	4696	O	None	None	None
846	PMC5539754.nxml.gz	PMC5539754.nxml.gz_25	4660	4819	reported	VBD	4697	4705	O	None	None	None
847	PMC5539754.nxml.gz	PMC5539754.nxml.gz_25	4660	4819	the	DT	4706	4709	O	None	None	None
848	PMC5539754.nxml.gz	PMC5539754.nxml.gz_25	4660	4819	prevalence	NN	4710	4720	O	None	None	None
849	PMC5539754.nxml.gz	PMC5539754.nxml.gz_25	4660	4819	of	IN	4721	4723	O	None	None	None
850	PMC5539754.nxml.gz	PMC5539754.nxml.gz_25	4660	4819	gestational	JJ	4724	4735	O	None	None	None
851	PMC5539754.nxml.gz	PMC5539754.nxml.gz_25	4660	4819	diabetes	NNS	4736	4744	O	None	None	None
852	PMC5539754.nxml.gz	PMC5539754.nxml.gz_25	4660	4819	diagnosis	NN	4745	4754	O	None	None	None
853	PMC5539754.nxml.gz	PMC5539754.nxml.gz_25	4660	4819	to	TO	4755	4757	O	None	None	None
854	PMC5539754.nxml.gz	PMC5539754.nxml.gz_25	4660	4819	be	VB	4758	4760	O	None	None	None
855	PMC5539754.nxml.gz	PMC5539754.nxml.gz_25	4660	4819	significantly	RB	4761	4774	O	None	None	None
856	PMC5539754.nxml.gz	PMC5539754.nxml.gz_25	4660	4819	higher	JJR	4775	4781	O	None	None	None
857	PMC5539754.nxml.gz	PMC5539754.nxml.gz_25	4660	4819	in	IN	4782	4784	O	None	None	None
858	PMC5539754.nxml.gz	PMC5539754.nxml.gz_25	4660	4819	summer	NN	4785	4791	O	None	None	None
859	PMC5539754.nxml.gz	PMC5539754.nxml.gz_25	4660	4819	compared	VBN	4792	4800	O	None	None	None
860	PMC5539754.nxml.gz	PMC5539754.nxml.gz_25	4660	4819	to	TO	4801	4803	O	None	None	None
861	PMC5539754.nxml.gz	PMC5539754.nxml.gz_25	4660	4819	winter	VB	4804	4810	O	None	None	None
862	PMC5539754.nxml.gz	PMC5539754.nxml.gz_25	4660	4819	[	JJ	4811	4812	O	None	None	None
863	PMC5539754.nxml.gz	PMC5539754.nxml.gz_25	4660	4819	24	CD	4812	4814	O	None	None	None
864	PMC5539754.nxml.gz	PMC5539754.nxml.gz_25	4660	4819	,	,	4814	4815	O	None	None	None
865	PMC5539754.nxml.gz	PMC5539754.nxml.gz_25	4660	4819	25	CD	4815	4817	O	None	None	None
866	PMC5539754.nxml.gz	PMC5539754.nxml.gz_25	4660	4819	].	NN	4817	4819	O	None	None	None
867	PMC5539754.nxml.gz	PMC5539754.nxml.gz_26	4820	4969	These	DT	4820	4825	O	None	None	None
868	PMC5539754.nxml.gz	PMC5539754.nxml.gz_26	4820	4969	findings	NNS	4826	4834	O	None	None	None
869	PMC5539754.nxml.gz	PMC5539754.nxml.gz_26	4820	4969	are	VBP	4835	4838	O	None	None	None
870	PMC5539754.nxml.gz	PMC5539754.nxml.gz_26	4820	4969	in	IN	4839	4841	O	None	None	None
871	PMC5539754.nxml.gz	PMC5539754.nxml.gz_26	4820	4969	keeping	VBG	4842	4849	O	None	None	None
872	PMC5539754.nxml.gz	PMC5539754.nxml.gz_26	4820	4969	with	IN	4850	4854	O	None	None	None
873	PMC5539754.nxml.gz	PMC5539754.nxml.gz_26	4820	4969	another	DT	4855	4862	O	None	None	None
874	PMC5539754.nxml.gz	PMC5539754.nxml.gz_26	4820	4969	study	NN	4863	4868	O	None	None	None
875	PMC5539754.nxml.gz	PMC5539754.nxml.gz_26	4820	4969	that	WDT	4869	4873	O	None	None	None
876	PMC5539754.nxml.gz	PMC5539754.nxml.gz_26	4820	4969	found	VBD	4874	4879	O	None	None	None
877	PMC5539754.nxml.gz	PMC5539754.nxml.gz_26	4820	4969	the	DT	4880	4883	O	None	None	None
878	PMC5539754.nxml.gz	PMC5539754.nxml.gz_26	4820	4969	highest	JJS	4884	4891	O	None	None	None
879	PMC5539754.nxml.gz	PMC5539754.nxml.gz_26	4820	4969	incidence	NN	4892	4901	O	None	None	None
880	PMC5539754.nxml.gz	PMC5539754.nxml.gz_26	4820	4969	of	IN	4902	4904	O	None	None	None
881	PMC5539754.nxml.gz	PMC5539754.nxml.gz_26	4820	4969	gestational	JJ	4905	4916	O	None	None	None
882	PMC5539754.nxml.gz	PMC5539754.nxml.gz_26	4820	4969	diabetes	NNS	4917	4925	O	None	None	None
883	PMC5539754.nxml.gz	PMC5539754.nxml.gz_26	4820	4969	in	IN	4926	4928	O	None	None	None
884	PMC5539754.nxml.gz	PMC5539754.nxml.gz_26	4820	4969	pregnancies	NNS	4929	4940	O	None	None	None
885	PMC5539754.nxml.gz	PMC5539754.nxml.gz_26	4820	4969	with	IN	4941	4945	O	None	None	None
886	PMC5539754.nxml.gz	PMC5539754.nxml.gz_26	4820	4969	winter	NN	4946	4952	O	None	None	None
887	PMC5539754.nxml.gz	PMC5539754.nxml.gz_26	4820	4969	conception	NN	4953	4963	O	None	None	None
888	PMC5539754.nxml.gz	PMC5539754.nxml.gz_26	4820	4969	[	VBD	4964	4965	O	None	None	None
889	PMC5539754.nxml.gz	PMC5539754.nxml.gz_26	4820	4969	26	CD	4965	4967	O	None	None	None
890	PMC5539754.nxml.gz	PMC5539754.nxml.gz_26	4820	4969	].	NN	4967	4969	O	None	None	None
891	PMC5539754.nxml.gz	PMC5539754.nxml.gz_27	4970	5015	However	RB	4970	4977	O	None	None	None
892	PMC5539754.nxml.gz	PMC5539754.nxml.gz_27	4970	5015	,	,	4977	4978	O	None	None	None
893	PMC5539754.nxml.gz	PMC5539754.nxml.gz_27	4970	5015	conflicting	VBG	4979	4990	O	None	None	None
894	PMC5539754.nxml.gz	PMC5539754.nxml.gz_27	4970	5015	evidence	NN	4991	4999	O	None	None	None
895	PMC5539754.nxml.gz	PMC5539754.nxml.gz_27	4970	5015	exists	NNS	5000	5006	O	None	None	None
896	PMC5539754.nxml.gz	PMC5539754.nxml.gz_27	4970	5015	[	VBP	5007	5008	O	None	None	None
897	PMC5539754.nxml.gz	PMC5539754.nxml.gz_27	4970	5015	27	CD	5008	5010	O	None	None	None
898	PMC5539754.nxml.gz	PMC5539754.nxml.gz_27	4970	5015	,	,	5010	5011	O	None	None	None
899	PMC5539754.nxml.gz	PMC5539754.nxml.gz_27	4970	5015	28	CD	5011	5013	O	None	None	None
900	PMC5539754.nxml.gz	PMC5539754.nxml.gz_27	4970	5015	].	NN	5013	5015	O	None	None	None
901	PMC5539754.nxml.gz	PMC5539754.nxml.gz_28	5016	5173	The	DT	5016	5019	O	None	None	None
902	PMC5539754.nxml.gz	PMC5539754.nxml.gz_28	5016	5173	seasonal	JJ	5020	5028	O	None	None	None
903	PMC5539754.nxml.gz	PMC5539754.nxml.gz_28	5016	5173	differences	NNS	5029	5040	O	None	None	None
904	PMC5539754.nxml.gz	PMC5539754.nxml.gz_28	5016	5173	outlined	VBN	5041	5049	O	None	None	None
905	PMC5539754.nxml.gz	PMC5539754.nxml.gz_28	5016	5173	in	IN	5050	5052	O	None	None	None
906	PMC5539754.nxml.gz	PMC5539754.nxml.gz_28	5016	5173	the	DT	5053	5056	O	None	None	None
907	PMC5539754.nxml.gz	PMC5539754.nxml.gz_28	5016	5173	studies	NNS	5057	5064	O	None	None	None
908	PMC5539754.nxml.gz	PMC5539754.nxml.gz_28	5016	5173	above	IN	5065	5070	O	None	None	None
909	PMC5539754.nxml.gz	PMC5539754.nxml.gz_28	5016	5173	could	MD	5071	5076	O	None	None	None
910	PMC5539754.nxml.gz	PMC5539754.nxml.gz_28	5016	5173	be	VB	5077	5079	O	None	None	None
911	PMC5539754.nxml.gz	PMC5539754.nxml.gz_28	5016	5173	attributed	VBN	5080	5090	O	None	None	None
912	PMC5539754.nxml.gz	PMC5539754.nxml.gz_28	5016	5173	to	TO	5091	5093	O	None	None	None
913	PMC5539754.nxml.gz	PMC5539754.nxml.gz_28	5016	5173	seasonal	JJ	5094	5102	O	None	None	None
914	PMC5539754.nxml.gz	PMC5539754.nxml.gz_28	5016	5173	25OHD	CD	5103	5108	O	None	None	None
915	PMC5539754.nxml.gz	PMC5539754.nxml.gz_28	5016	5173	,	,	5108	5109	O	None	None	None
916	PMC5539754.nxml.gz	PMC5539754.nxml.gz_28	5016	5173	or	CC	5110	5112	O	None	None	None
917	PMC5539754.nxml.gz	PMC5539754.nxml.gz_28	5016	5173	evolutionary	JJ	5113	5125	O	None	None	None
918	PMC5539754.nxml.gz	PMC5539754.nxml.gz_28	5016	5173	circannual	JJ	5126	5136	O	None	None	None
919	PMC5539754.nxml.gz	PMC5539754.nxml.gz_28	5016	5173	rhythms	NN	5137	5144	O	None	None	None
920	PMC5539754.nxml.gz	PMC5539754.nxml.gz_28	5016	5173	to	TO	5145	5147	O	None	None	None
921	PMC5539754.nxml.gz	PMC5539754.nxml.gz_28	5016	5173	protect	VB	5148	5155	O	None	None	None
922	PMC5539754.nxml.gz	PMC5539754.nxml.gz_28	5016	5173	mother	NN	5156	5162	O	None	None	None
923	PMC5539754.nxml.gz	PMC5539754.nxml.gz_28	5016	5173	and	CC	5163	5166	O	None	None	None
924	PMC5539754.nxml.gz	PMC5539754.nxml.gz_28	5016	5173	fetus	NN	5167	5172	O	None	None	None
925	PMC5539754.nxml.gz	PMC5539754.nxml.gz_28	5016	5173	.	.	5172	5173	O	None	None	None
926	PMC5539754.nxml.gz	PMC5539754.nxml.gz_29	5174	5306	There	EX	5174	5179	O	None	None	None
927	PMC5539754.nxml.gz	PMC5539754.nxml.gz_29	5174	5306	are	VBP	5180	5183	O	None	None	None
928	PMC5539754.nxml.gz	PMC5539754.nxml.gz_29	5174	5306	also	RB	5184	5188	O	None	None	None
929	PMC5539754.nxml.gz	PMC5539754.nxml.gz_29	5174	5306	other	JJ	5189	5194	O	None	None	None
930	PMC5539754.nxml.gz	PMC5539754.nxml.gz_29	5174	5306	factors	NNS	5195	5202	O	None	None	None
931	PMC5539754.nxml.gz	PMC5539754.nxml.gz_29	5174	5306	that	WDT	5203	5207	O	None	None	None
932	PMC5539754.nxml.gz	PMC5539754.nxml.gz_29	5174	5306	are	VBP	5208	5211	O	None	None	None
933	PMC5539754.nxml.gz	PMC5539754.nxml.gz_29	5174	5306	influenced	VBN	5212	5222	O	None	None	None
934	PMC5539754.nxml.gz	PMC5539754.nxml.gz_29	5174	5306	by	IN	5223	5225	O	None	None	None
935	PMC5539754.nxml.gz	PMC5539754.nxml.gz_29	5174	5306	season	NN	5226	5232	O	None	None	None
936	PMC5539754.nxml.gz	PMC5539754.nxml.gz_29	5174	5306	:	:	5232	5233	O	None	None	None
937	PMC5539754.nxml.gz	PMC5539754.nxml.gz_29	5174	5306	diet	JJ	5234	5238	O	None	None	None
938	PMC5539754.nxml.gz	PMC5539754.nxml.gz_29	5174	5306	[	$	5239	5240	O	None	None	None
939	PMC5539754.nxml.gz	PMC5539754.nxml.gz_29	5174	5306	29	CD	5240	5242	O	None	None	None
940	PMC5539754.nxml.gz	PMC5539754.nxml.gz_29	5174	5306	],	NNP	5242	5244	O	None	None	None
941	PMC5539754.nxml.gz	PMC5539754.nxml.gz_29	5174	5306	physical	JJ	5245	5253	O	None	None	None
942	PMC5539754.nxml.gz	PMC5539754.nxml.gz_29	5174	5306	activity	NN	5254	5262	O	None	None	None
943	PMC5539754.nxml.gz	PMC5539754.nxml.gz_29	5174	5306	levels	NNS	5263	5269	O	None	None	None
944	PMC5539754.nxml.gz	PMC5539754.nxml.gz_29	5174	5306	[	VBP	5270	5271	O	None	None	None
945	PMC5539754.nxml.gz	PMC5539754.nxml.gz_29	5174	5306	30	CD	5271	5273	O	None	None	None
946	PMC5539754.nxml.gz	PMC5539754.nxml.gz_29	5174	5306	],	NN	5273	5275	O	None	None	None
947	PMC5539754.nxml.gz	PMC5539754.nxml.gz_29	5174	5306	and	CC	5276	5279	O	None	None	None
948	PMC5539754.nxml.gz	PMC5539754.nxml.gz_29	5174	5306	even	RB	5280	5284	O	None	None	None
949	PMC5539754.nxml.gz	PMC5539754.nxml.gz_29	5174	5306	body	NN	5285	5289	O	None	None	None
950	PMC5539754.nxml.gz	PMC5539754.nxml.gz_29	5174	5306	mass	NN	5290	5294	O	None	None	None
951	PMC5539754.nxml.gz	PMC5539754.nxml.gz_29	5174	5306	index	NN	5295	5300	O	None	None	None
952	PMC5539754.nxml.gz	PMC5539754.nxml.gz_29	5174	5306	[	VBD	5301	5302	O	None	None	None
953	PMC5539754.nxml.gz	PMC5539754.nxml.gz_29	5174	5306	31	CD	5302	5304	O	None	None	None
954	PMC5539754.nxml.gz	PMC5539754.nxml.gz_29	5174	5306	].	NN	5304	5306	O	None	None	None
955	PMC5539754.nxml.gz	PMC5539754.nxml.gz_30	5307	5577	Due	JJ	5307	5310	O	None	None	None
956	PMC5539754.nxml.gz	PMC5539754.nxml.gz_30	5307	5577	to	TO	5311	5313	O	None	None	None
957	PMC5539754.nxml.gz	PMC5539754.nxml.gz_30	5307	5577	the	DT	5314	5317	O	None	None	None
958	PMC5539754.nxml.gz	PMC5539754.nxml.gz_30	5307	5577	seasonal	JJ	5318	5326	O	None	None	None
959	PMC5539754.nxml.gz	PMC5539754.nxml.gz_30	5307	5577	nature	NN	5327	5333	O	None	None	None
960	PMC5539754.nxml.gz	PMC5539754.nxml.gz_30	5307	5577	of	IN	5334	5336	O	None	None	None
961	PMC5539754.nxml.gz	PMC5539754.nxml.gz_30	5307	5577	25OHD	CD	5337	5342	O	None	None	None
962	PMC5539754.nxml.gz	PMC5539754.nxml.gz_30	5307	5577	concentrations	NNS	5343	5357	O	None	None	None
963	PMC5539754.nxml.gz	PMC5539754.nxml.gz_30	5307	5577	in	IN	5358	5360	O	None	None	None
964	PMC5539754.nxml.gz	PMC5539754.nxml.gz_30	5307	5577	many	JJ	5361	5365	O	None	None	None
965	PMC5539754.nxml.gz	PMC5539754.nxml.gz_30	5307	5577	parts	NNS	5366	5371	O	None	None	None
966	PMC5539754.nxml.gz	PMC5539754.nxml.gz_30	5307	5577	of	IN	5372	5374	O	None	None	None
967	PMC5539754.nxml.gz	PMC5539754.nxml.gz_30	5307	5577	the	DT	5375	5378	O	None	None	None
968	PMC5539754.nxml.gz	PMC5539754.nxml.gz_30	5307	5577	world	NN	5379	5384	O	None	None	None
969	PMC5539754.nxml.gz	PMC5539754.nxml.gz_30	5307	5577	[	VBZ	5385	5386	O	None	None	None
970	PMC5539754.nxml.gz	PMC5539754.nxml.gz_30	5307	5577	32	CD	5386	5388	O	None	None	None
971	PMC5539754.nxml.gz	PMC5539754.nxml.gz_30	5307	5577	],	NN	5388	5390	O	None	None	None
972	PMC5539754.nxml.gz	PMC5539754.nxml.gz_30	5307	5577	and	CC	5391	5394	O	None	None	None
973	PMC5539754.nxml.gz	PMC5539754.nxml.gz_30	5307	5577	the	DT	5395	5398	O	None	None	None
974	PMC5539754.nxml.gz	PMC5539754.nxml.gz_30	5307	5577	observed	JJ	5399	5407	O	None	None	None
975	PMC5539754.nxml.gz	PMC5539754.nxml.gz_30	5307	5577	associations	NNS	5408	5420	O	None	None	None
976	PMC5539754.nxml.gz	PMC5539754.nxml.gz_30	5307	5577	between	IN	5421	5428	O	None	None	None
977	PMC5539754.nxml.gz	PMC5539754.nxml.gz_30	5307	5577	vitamin	NN	5429	5436	O	None	None	None
978	PMC5539754.nxml.gz	PMC5539754.nxml.gz_30	5307	5577	D	NNP	5437	5438	O	None	None	None
979	PMC5539754.nxml.gz	PMC5539754.nxml.gz_30	5307	5577	and	CC	5439	5442	O	None	None	None
980	PMC5539754.nxml.gz	PMC5539754.nxml.gz_30	5307	5577	insulin	NN	5443	5450	O	None	None	None
981	PMC5539754.nxml.gz	PMC5539754.nxml.gz_30	5307	5577	resistance	NN	5451	5461	O	None	None	None
982	PMC5539754.nxml.gz	PMC5539754.nxml.gz_30	5307	5577	,	,	5461	5462	O	None	None	None
983	PMC5539754.nxml.gz	PMC5539754.nxml.gz_30	5307	5577	it	PRP	5463	5465	O	None	None	None
984	PMC5539754.nxml.gz	PMC5539754.nxml.gz_30	5307	5577	would	MD	5466	5471	O	None	None	None
985	PMC5539754.nxml.gz	PMC5539754.nxml.gz_30	5307	5577	seem	VB	5472	5476	O	None	None	None
986	PMC5539754.nxml.gz	PMC5539754.nxml.gz_30	5307	5577	prudent	JJ	5477	5484	O	None	None	None
987	PMC5539754.nxml.gz	PMC5539754.nxml.gz_30	5307	5577	to	TO	5485	5487	O	None	None	None
988	PMC5539754.nxml.gz	PMC5539754.nxml.gz_30	5307	5577	hypothesise	VB	5488	5499	O	None	None	None
989	PMC5539754.nxml.gz	PMC5539754.nxml.gz_30	5307	5577	that	DT	5500	5504	O	None	None	None
990	PMC5539754.nxml.gz	PMC5539754.nxml.gz_30	5307	5577	seasonal	JJ	5505	5513	O	None	None	None
991	PMC5539754.nxml.gz	PMC5539754.nxml.gz_30	5307	5577	variation	NN	5514	5523	O	None	None	None
992	PMC5539754.nxml.gz	PMC5539754.nxml.gz_30	5307	5577	of	IN	5524	5526	O	None	None	None
993	PMC5539754.nxml.gz	PMC5539754.nxml.gz_30	5307	5577	glucose	JJ	5527	5534	O	None	None	None
994	PMC5539754.nxml.gz	PMC5539754.nxml.gz_30	5307	5577	homeostasis	NN	5535	5546	O	None	None	None
995	PMC5539754.nxml.gz	PMC5539754.nxml.gz_30	5307	5577	may	MD	5547	5550	O	None	None	None
996	PMC5539754.nxml.gz	PMC5539754.nxml.gz_30	5307	5577	be	VB	5551	5553	O	None	None	None
997	PMC5539754.nxml.gz	PMC5539754.nxml.gz_30	5307	5577	mediated	VBN	5554	5562	O	None	None	None
998	PMC5539754.nxml.gz	PMC5539754.nxml.gz_30	5307	5577	through	IN	5563	5570	O	None	None	None
999	PMC5539754.nxml.gz	PMC5539754.nxml.gz_30	5307	5577	25OHD	CD	5571	5576	O	None	None	None
1000	PMC5539754.nxml.gz	PMC5539754.nxml.gz_30	5307	5577	.	.	5576	5577	O	None	None	None
1001	PMC5539754.nxml.gz	PMC5539754.nxml.gz_31	5578	5784	In	IN	5578	5580	O	None	None	None
1002	PMC5539754.nxml.gz	PMC5539754.nxml.gz_31	5578	5784	2016	CD	5581	5585	O	None	None	None
1003	PMC5539754.nxml.gz	PMC5539754.nxml.gz_31	5578	5784	the	DT	5586	5589	O	None	None	None
1004	PMC5539754.nxml.gz	PMC5539754.nxml.gz_31	5578	5784	Scientific	NNP	5590	5600	O	None	None	None
1005	PMC5539754.nxml.gz	PMC5539754.nxml.gz_31	5578	5784	Advisory	NNP	5601	5609	O	None	None	None
1006	PMC5539754.nxml.gz	PMC5539754.nxml.gz_31	5578	5784	Committee	NNP	5610	5619	O	None	None	None
1007	PMC5539754.nxml.gz	PMC5539754.nxml.gz_31	5578	5784	on	IN	5620	5622	O	None	None	None
1008	PMC5539754.nxml.gz	PMC5539754.nxml.gz_31	5578	5784	Nutrition	NNP	5623	5632	O	None	None	None
1009	PMC5539754.nxml.gz	PMC5539754.nxml.gz_31	5578	5784	stated	VBD	5633	5639	O	None	None	None
1010	PMC5539754.nxml.gz	PMC5539754.nxml.gz_31	5578	5784	that	IN	5640	5644	O	None	None	None
1011	PMC5539754.nxml.gz	PMC5539754.nxml.gz_31	5578	5784	the	DT	5645	5648	O	None	None	None
1012	PMC5539754.nxml.gz	PMC5539754.nxml.gz_31	5578	5784	metabolic	JJ	5649	5658	O	None	None	None
1013	PMC5539754.nxml.gz	PMC5539754.nxml.gz_31	5578	5784	implications	NNS	5659	5671	O	None	None	None
1014	PMC5539754.nxml.gz	PMC5539754.nxml.gz_31	5578	5784	of	IN	5672	5674	O	None	None	None
1015	PMC5539754.nxml.gz	PMC5539754.nxml.gz_31	5578	5784	seasonal	JJ	5675	5683	O	None	None	None
1016	PMC5539754.nxml.gz	PMC5539754.nxml.gz_31	5578	5784	variation	NN	5684	5693	O	None	None	None
1017	PMC5539754.nxml.gz	PMC5539754.nxml.gz_31	5578	5784	in	IN	5694	5696	O	None	None	None
1018	PMC5539754.nxml.gz	PMC5539754.nxml.gz_31	5578	5784	serum	NN	5697	5702	O	None	None	None
1019	PMC5539754.nxml.gz	PMC5539754.nxml.gz_31	5578	5784	25OHD	CD	5703	5708	O	None	None	None
1020	PMC5539754.nxml.gz	PMC5539754.nxml.gz_31	5578	5784	remain	NN	5709	5715	O	None	None	None
1021	PMC5539754.nxml.gz	PMC5539754.nxml.gz_31	5578	5784	unknown	JJ	5716	5723	O	None	None	None
1022	PMC5539754.nxml.gz	PMC5539754.nxml.gz_31	5578	5784	,	,	5723	5724	O	None	None	None
1023	PMC5539754.nxml.gz	PMC5539754.nxml.gz_31	5578	5784	highlighting	VBG	5725	5737	O	None	None	None
1024	PMC5539754.nxml.gz	PMC5539754.nxml.gz_31	5578	5784	the	DT	5738	5741	O	None	None	None
1025	PMC5539754.nxml.gz	PMC5539754.nxml.gz_31	5578	5784	necessity	NN	5742	5751	O	None	None	None
1026	PMC5539754.nxml.gz	PMC5539754.nxml.gz_31	5578	5784	for	IN	5752	5755	O	None	None	None
1027	PMC5539754.nxml.gz	PMC5539754.nxml.gz_31	5578	5784	research	NN	5756	5764	O	None	None	None
1028	PMC5539754.nxml.gz	PMC5539754.nxml.gz_31	5578	5784	on	IN	5765	5767	O	None	None	None
1029	PMC5539754.nxml.gz	PMC5539754.nxml.gz_31	5578	5784	this	DT	5768	5772	O	None	None	None
1030	PMC5539754.nxml.gz	PMC5539754.nxml.gz_31	5578	5784	topic	NN	5773	5778	O	None	None	None
1031	PMC5539754.nxml.gz	PMC5539754.nxml.gz_31	5578	5784	[	VBZ	5779	5780	O	None	None	None
1032	PMC5539754.nxml.gz	PMC5539754.nxml.gz_31	5578	5784	33	CD	5780	5782	O	None	None	None
1033	PMC5539754.nxml.gz	PMC5539754.nxml.gz_31	5578	5784	].	NN	5782	5784	O	None	None	None
1034	PMC5539754.nxml.gz	PMC5539754.nxml.gz_32	5785	6166	We	PRP	5785	5787	O	None	None	None
1035	PMC5539754.nxml.gz	PMC5539754.nxml.gz_32	5785	6166	hypothesised	VBD	5788	5800	O	None	None	None
1036	PMC5539754.nxml.gz	PMC5539754.nxml.gz_32	5785	6166	that	IN	5801	5805	O	None	None	None
1037	PMC5539754.nxml.gz	PMC5539754.nxml.gz_32	5785	6166	gestating	VBG	5806	5815	O	None	None	None
1038	PMC5539754.nxml.gz	PMC5539754.nxml.gz_32	5785	6166	through	IN	5816	5823	O	None	None	None
1039	PMC5539754.nxml.gz	PMC5539754.nxml.gz_32	5785	6166	winter	NN	5824	5830	O	None	None	None
1040	PMC5539754.nxml.gz	PMC5539754.nxml.gz_32	5785	6166	in	IN	5831	5833	O	None	None	None
1041	PMC5539754.nxml.gz	PMC5539754.nxml.gz_32	5785	6166	early	JJ	5834	5839	O	None	None	None
1042	PMC5539754.nxml.gz	PMC5539754.nxml.gz_32	5785	6166	pregnancy	NN	5840	5849	O	None	None	None
1043	PMC5539754.nxml.gz	PMC5539754.nxml.gz_32	5785	6166	is	VBZ	5850	5852	O	None	None	None
1044	PMC5539754.nxml.gz	PMC5539754.nxml.gz_32	5785	6166	associated	VBN	5853	5863	O	None	None	None
1045	PMC5539754.nxml.gz	PMC5539754.nxml.gz_32	5785	6166	with	IN	5864	5868	O	None	None	None
1046	PMC5539754.nxml.gz	PMC5539754.nxml.gz_32	5785	6166	both	DT	5869	5873	O	None	None	None
1047	PMC5539754.nxml.gz	PMC5539754.nxml.gz_32	5785	6166	reduced	VBN	5874	5881	O	None	None	None
1048	PMC5539754.nxml.gz	PMC5539754.nxml.gz_32	5785	6166	serum	NN	5882	5887	O	None	None	None
1049	PMC5539754.nxml.gz	PMC5539754.nxml.gz_32	5785	6166	25OHD	CD	5888	5893	O	None	None	None
1050	PMC5539754.nxml.gz	PMC5539754.nxml.gz_32	5785	6166	and	CC	5894	5897	O	None	None	None
1051	PMC5539754.nxml.gz	PMC5539754.nxml.gz_32	5785	6166	increased	VBD	5898	5907	O	None	None	None
1052	PMC5539754.nxml.gz	PMC5539754.nxml.gz_32	5785	6166	markers	NNS	5908	5915	O	None	None	None
1053	PMC5539754.nxml.gz	PMC5539754.nxml.gz_32	5785	6166	of	IN	5916	5918	O	None	None	None
1054	PMC5539754.nxml.gz	PMC5539754.nxml.gz_32	5785	6166	glucose	JJ	5919	5926	O	None	None	None
1055	PMC5539754.nxml.gz	PMC5539754.nxml.gz_32	5785	6166	metabolism	NN	5927	5937	O	None	None	None
1056	PMC5539754.nxml.gz	PMC5539754.nxml.gz_32	5785	6166	(	(	5938	5939	O	None	None	None
1057	PMC5539754.nxml.gz	PMC5539754.nxml.gz_32	5785	6166	fasting	VBG	5939	5946	O	None	None	None
1058	PMC5539754.nxml.gz	PMC5539754.nxml.gz_32	5785	6166	glucose	NN	5947	5954	O	None	None	None
1059	PMC5539754.nxml.gz	PMC5539754.nxml.gz_32	5785	6166	and	CC	5955	5958	O	None	None	None
1060	PMC5539754.nxml.gz	PMC5539754.nxml.gz_32	5785	6166	insulin	NN	5959	5966	O	None	None	None
1061	PMC5539754.nxml.gz	PMC5539754.nxml.gz_32	5785	6166	resistance	NN	5967	5977	O	None	None	None
1062	PMC5539754.nxml.gz	PMC5539754.nxml.gz_32	5785	6166	);	NN	5977	5979	O	None	None	None
1063	PMC5539754.nxml.gz	PMC5539754.nxml.gz_32	5785	6166	that	WDT	5980	5984	O	None	None	None
1064	PMC5539754.nxml.gz	PMC5539754.nxml.gz_32	5785	6166	reduced	VBD	5985	5992	O	None	None	None
1065	PMC5539754.nxml.gz	PMC5539754.nxml.gz_32	5785	6166	serum	JJ	5993	5998	O	None	None	None
1066	PMC5539754.nxml.gz	PMC5539754.nxml.gz_32	5785	6166	25OHD	CD	5999	6004	O	None	None	None
1067	PMC5539754.nxml.gz	PMC5539754.nxml.gz_32	5785	6166	is	VBZ	6005	6007	O	None	None	None
1068	PMC5539754.nxml.gz	PMC5539754.nxml.gz_32	5785	6166	associated	VBN	6008	6018	O	None	None	None
1069	PMC5539754.nxml.gz	PMC5539754.nxml.gz_32	5785	6166	with	IN	6019	6023	O	None	None	None
1070	PMC5539754.nxml.gz	PMC5539754.nxml.gz_32	5785	6166	increased	JJ	6024	6033	O	None	None	None
1071	PMC5539754.nxml.gz	PMC5539754.nxml.gz_32	5785	6166	markers	NNS	6034	6041	O	None	None	None
1072	PMC5539754.nxml.gz	PMC5539754.nxml.gz_32	5785	6166	of	IN	6042	6044	O	None	None	None
1073	PMC5539754.nxml.gz	PMC5539754.nxml.gz_32	5785	6166	glucose	JJ	6045	6052	O	None	None	None
1074	PMC5539754.nxml.gz	PMC5539754.nxml.gz_32	5785	6166	metabolism	NN	6053	6063	O	None	None	None
1075	PMC5539754.nxml.gz	PMC5539754.nxml.gz_32	5785	6166	;	:	6063	6064	O	None	None	None
1076	PMC5539754.nxml.gz	PMC5539754.nxml.gz_32	5785	6166	and	CC	6065	6068	O	None	None	None
1077	PMC5539754.nxml.gz	PMC5539754.nxml.gz_32	5785	6166	that	IN	6069	6073	O	None	None	None
1078	PMC5539754.nxml.gz	PMC5539754.nxml.gz_32	5785	6166	seasonal	JJ	6074	6082	O	None	None	None
1079	PMC5539754.nxml.gz	PMC5539754.nxml.gz_32	5785	6166	differences	NNS	6083	6094	O	None	None	None
1080	PMC5539754.nxml.gz	PMC5539754.nxml.gz_32	5785	6166	in	IN	6095	6097	O	None	None	None
1081	PMC5539754.nxml.gz	PMC5539754.nxml.gz_32	5785	6166	these	DT	6098	6103	O	None	None	None
1082	PMC5539754.nxml.gz	PMC5539754.nxml.gz_32	5785	6166	markers	NNS	6104	6111	O	None	None	None
1083	PMC5539754.nxml.gz	PMC5539754.nxml.gz_32	5785	6166	are	VBP	6112	6115	O	None	None	None
1084	PMC5539754.nxml.gz	PMC5539754.nxml.gz_32	5785	6166	associated	VBN	6116	6126	O	None	None	None
1085	PMC5539754.nxml.gz	PMC5539754.nxml.gz_32	5785	6166	with	IN	6127	6131	O	None	None	None
1086	PMC5539754.nxml.gz	PMC5539754.nxml.gz_32	5785	6166	seasonal	JJ	6132	6140	O	None	None	None
1087	PMC5539754.nxml.gz	PMC5539754.nxml.gz_32	5785	6166	variation	NN	6141	6150	O	None	None	None
1088	PMC5539754.nxml.gz	PMC5539754.nxml.gz_32	5785	6166	in	IN	6151	6153	O	None	None	None
1089	PMC5539754.nxml.gz	PMC5539754.nxml.gz_32	5785	6166	serum	NN	6154	6159	O	None	None	None
1090	PMC5539754.nxml.gz	PMC5539754.nxml.gz_32	5785	6166	25OHD	CD	6160	6165	O	None	None	None
1091	PMC5539754.nxml.gz	PMC5539754.nxml.gz_32	5785	6166	.	.	6165	6166	O	None	None	None
1092	PMC5539754.nxml.gz	PMC5539754.nxml.gz_33	6167	6285	Given	VBN	6167	6172	O	None	None	None
1093	PMC5539754.nxml.gz	PMC5539754.nxml.gz_33	6167	6285	the	DT	6173	6176	O	None	None	None
1094	PMC5539754.nxml.gz	PMC5539754.nxml.gz_33	6167	6285	exploratory	JJ	6177	6188	O	None	None	None
1095	PMC5539754.nxml.gz	PMC5539754.nxml.gz_33	6167	6285	nature	NN	6189	6195	O	None	None	None
1096	PMC5539754.nxml.gz	PMC5539754.nxml.gz_33	6167	6285	of	IN	6196	6198	O	None	None	None
1097	PMC5539754.nxml.gz	PMC5539754.nxml.gz_33	6167	6285	this	DT	6199	6203	O	None	None	None
1098	PMC5539754.nxml.gz	PMC5539754.nxml.gz_33	6167	6285	work	NN	6204	6208	O	None	None	None
1099	PMC5539754.nxml.gz	PMC5539754.nxml.gz_33	6167	6285	,	,	6208	6209	O	None	None	None
1100	PMC5539754.nxml.gz	PMC5539754.nxml.gz_33	6167	6285	we	PRP	6210	6212	O	None	None	None
1101	PMC5539754.nxml.gz	PMC5539754.nxml.gz_33	6167	6285	also	RB	6213	6217	O	None	None	None
1102	PMC5539754.nxml.gz	PMC5539754.nxml.gz_33	6167	6285	planned	VBD	6218	6225	O	None	None	None
1103	PMC5539754.nxml.gz	PMC5539754.nxml.gz_33	6167	6285	to	TO	6226	6228	O	None	None	None
1104	PMC5539754.nxml.gz	PMC5539754.nxml.gz_33	6167	6285	conduct	VB	6229	6236	O	None	None	None
1105	PMC5539754.nxml.gz	PMC5539754.nxml.gz_33	6167	6285	post	NN	6237	6241	O	None	None	None
1106	PMC5539754.nxml.gz	PMC5539754.nxml.gz_33	6167	6285	-	:	6241	6242	O	None	None	None
1107	PMC5539754.nxml.gz	PMC5539754.nxml.gz_33	6167	6285	hoc	NN	6242	6245	O	None	None	None
1108	PMC5539754.nxml.gz	PMC5539754.nxml.gz_33	6167	6285	exploratory	NN	6246	6257	O	None	None	None
1109	PMC5539754.nxml.gz	PMC5539754.nxml.gz_33	6167	6285	analyses	VBZ	6258	6266	O	None	None	None
1110	PMC5539754.nxml.gz	PMC5539754.nxml.gz_33	6167	6285	where	WRB	6267	6272	O	None	None	None
1111	PMC5539754.nxml.gz	PMC5539754.nxml.gz_33	6167	6285	appropriate	JJ	6273	6284	O	None	None	None
1112	PMC5539754.nxml.gz	PMC5539754.nxml.gz_33	6167	6285	.	.	6284	6285	O	None	None	None
1113	PMC5539754.nxml.gz	PMC5539754.nxml.gz_34	6287	6570	Methods	NNS	6287	6294	O	None	None	None
1114	PMC5539754.nxml.gz	PMC5539754.nxml.gz_34	6287	6570	Study	NNP	6296	6301	O	None	None	None
1115	PMC5539754.nxml.gz	PMC5539754.nxml.gz_34	6287	6570	design	NN	6302	6308	O	None	None	None
1116	PMC5539754.nxml.gz	PMC5539754.nxml.gz_34	6287	6570	and	CC	6309	6312	O	None	None	None
1117	PMC5539754.nxml.gz	PMC5539754.nxml.gz_34	6287	6570	setting	NN	6313	6320	O	None	None	None
1118	PMC5539754.nxml.gz	PMC5539754.nxml.gz_34	6287	6570	This	DT	6321	6325	O	None	None	None
1119	PMC5539754.nxml.gz	PMC5539754.nxml.gz_34	6287	6570	is	VBZ	6326	6328	O	None	None	None
1120	PMC5539754.nxml.gz	PMC5539754.nxml.gz_34	6287	6570	a	DT	6329	6330	O	None	None	None
1121	PMC5539754.nxml.gz	PMC5539754.nxml.gz_34	6287	6570	secondary	JJ	6331	6340	O	None	None	None
1122	PMC5539754.nxml.gz	PMC5539754.nxml.gz_34	6287	6570	data	NN	6341	6345	O	None	None	None
1123	PMC5539754.nxml.gz	PMC5539754.nxml.gz_34	6287	6570	analysis	NN	6346	6354	O	None	None	None
1124	PMC5539754.nxml.gz	PMC5539754.nxml.gz_34	6287	6570	of	IN	6355	6357	O	None	None	None
1125	PMC5539754.nxml.gz	PMC5539754.nxml.gz_34	6287	6570	334	CD	6358	6361	O	None	None	None
1126	PMC5539754.nxml.gz	PMC5539754.nxml.gz_34	6287	6570	pregnant	JJ	6362	6370	O	None	None	None
1127	PMC5539754.nxml.gz	PMC5539754.nxml.gz_34	6287	6570	women	NNS	6371	6376	B	NCBITaxon_EXT_2021_10_26_Instance_3632	None	None
1128	PMC5539754.nxml.gz	PMC5539754.nxml.gz_34	6287	6570	enrolled	VBN	6377	6385	O	None	None	None
1129	PMC5539754.nxml.gz	PMC5539754.nxml.gz_34	6287	6570	in	IN	6386	6388	O	None	None	None
1130	PMC5539754.nxml.gz	PMC5539754.nxml.gz_34	6287	6570	the	DT	6389	6392	O	None	None	None
1131	PMC5539754.nxml.gz	PMC5539754.nxml.gz_34	6287	6570	ROLO	NNP	6393	6397	O	None	None	None
1132	PMC5539754.nxml.gz	PMC5539754.nxml.gz_34	6287	6570	(	(	6398	6399	O	None	None	None
1133	PMC5539754.nxml.gz	PMC5539754.nxml.gz_34	6287	6570	Randomised	VBN	6399	6409	O	None	None	None
1134	PMC5539754.nxml.gz	PMC5539754.nxml.gz_34	6287	6570	cOntrol	NN	6410	6417	O	None	None	None
1135	PMC5539754.nxml.gz	PMC5539754.nxml.gz_34	6287	6570	trial	NN	6418	6423	O	None	None	None
1136	PMC5539754.nxml.gz	PMC5539754.nxml.gz_34	6287	6570	of	IN	6424	6426	O	None	None	None
1137	PMC5539754.nxml.gz	PMC5539754.nxml.gz_34	6287	6570	a	DT	6427	6428	O	None	None	None
1138	PMC5539754.nxml.gz	PMC5539754.nxml.gz_34	6287	6570	LOw	NNP	6429	6432	O	None	None	None
1139	PMC5539754.nxml.gz	PMC5539754.nxml.gz_34	6287	6570	glycaemic	JJ	6433	6442	O	None	None	None
1140	PMC5539754.nxml.gz	PMC5539754.nxml.gz_34	6287	6570	index	NN	6443	6448	O	None	None	None
1141	PMC5539754.nxml.gz	PMC5539754.nxml.gz_34	6287	6570	diet	NN	6449	6453	O	None	None	None
1142	PMC5539754.nxml.gz	PMC5539754.nxml.gz_34	6287	6570	in	IN	6454	6456	O	None	None	None
1143	PMC5539754.nxml.gz	PMC5539754.nxml.gz_34	6287	6570	pregnancy	NN	6457	6466	O	None	None	None
1144	PMC5539754.nxml.gz	PMC5539754.nxml.gz_34	6287	6570	to	TO	6467	6469	O	None	None	None
1145	PMC5539754.nxml.gz	PMC5539754.nxml.gz_34	6287	6570	prevent	VB	6470	6477	O	None	None	None
1146	PMC5539754.nxml.gz	PMC5539754.nxml.gz_34	6287	6570	macrosomia	NN	6478	6488	O	None	None	None
1147	PMC5539754.nxml.gz	PMC5539754.nxml.gz_34	6287	6570	)	)	6488	6489	O	None	None	None
1148	PMC5539754.nxml.gz	PMC5539754.nxml.gz_34	6287	6570	study	NN	6490	6495	O	None	None	None
1149	PMC5539754.nxml.gz	PMC5539754.nxml.gz_34	6287	6570	between	IN	6496	6503	O	None	None	None
1150	PMC5539754.nxml.gz	PMC5539754.nxml.gz_34	6287	6570	2007	CD	6504	6508	O	None	None	None
1151	PMC5539754.nxml.gz	PMC5539754.nxml.gz_34	6287	6570	and	CC	6509	6512	O	None	None	None
1152	PMC5539754.nxml.gz	PMC5539754.nxml.gz_34	6287	6570	2011	CD	6513	6517	O	None	None	None
1153	PMC5539754.nxml.gz	PMC5539754.nxml.gz_34	6287	6570	at	IN	6518	6520	O	None	None	None
1154	PMC5539754.nxml.gz	PMC5539754.nxml.gz_34	6287	6570	The	DT	6521	6524	O	None	None	None
1155	PMC5539754.nxml.gz	PMC5539754.nxml.gz_34	6287	6570	National	NNP	6525	6533	O	None	None	None
1156	PMC5539754.nxml.gz	PMC5539754.nxml.gz_34	6287	6570	Maternity	NNP	6534	6543	O	None	None	None
1157	PMC5539754.nxml.gz	PMC5539754.nxml.gz_34	6287	6570	Hospital	NNP	6544	6552	O	None	None	None
1158	PMC5539754.nxml.gz	PMC5539754.nxml.gz_34	6287	6570	,	,	6552	6553	O	None	None	None
1159	PMC5539754.nxml.gz	PMC5539754.nxml.gz_34	6287	6570	Dublin	NNP	6554	6560	O	None	None	None
1160	PMC5539754.nxml.gz	PMC5539754.nxml.gz_34	6287	6570	,	,	6560	6561	O	None	None	None
1161	PMC5539754.nxml.gz	PMC5539754.nxml.gz_34	6287	6570	Ireland	NNP	6562	6569	O	None	None	None
1162	PMC5539754.nxml.gz	PMC5539754.nxml.gz_34	6287	6570	.	.	6569	6570	O	None	None	None
1163	PMC5539754.nxml.gz	PMC5539754.nxml.gz_35	6571	6653	Detailed	VBN	6571	6579	O	None	None	None
1164	PMC5539754.nxml.gz	PMC5539754.nxml.gz_35	6571	6653	methods	NNS	6580	6587	O	None	None	None
1165	PMC5539754.nxml.gz	PMC5539754.nxml.gz_35	6571	6653	and	CC	6588	6591	O	None	None	None
1166	PMC5539754.nxml.gz	PMC5539754.nxml.gz_35	6571	6653	results	NNS	6592	6599	O	None	None	None
1167	PMC5539754.nxml.gz	PMC5539754.nxml.gz_35	6571	6653	of	IN	6600	6602	O	None	None	None
1168	PMC5539754.nxml.gz	PMC5539754.nxml.gz_35	6571	6653	this	DT	6603	6607	O	None	None	None
1169	PMC5539754.nxml.gz	PMC5539754.nxml.gz_35	6571	6653	study	NN	6608	6613	O	None	None	None
1170	PMC5539754.nxml.gz	PMC5539754.nxml.gz_35	6571	6653	have	VBP	6614	6618	O	None	None	None
1171	PMC5539754.nxml.gz	PMC5539754.nxml.gz_35	6571	6653	been	VBN	6619	6623	O	None	None	None
1172	PMC5539754.nxml.gz	PMC5539754.nxml.gz_35	6571	6653	previously	RB	6624	6634	O	None	None	None
1173	PMC5539754.nxml.gz	PMC5539754.nxml.gz_35	6571	6653	published	VBN	6635	6644	O	None	None	None
1174	PMC5539754.nxml.gz	PMC5539754.nxml.gz_35	6571	6653	[	JJ	6645	6646	O	None	None	None
1175	PMC5539754.nxml.gz	PMC5539754.nxml.gz_35	6571	6653	34	CD	6646	6648	O	None	None	None
1176	PMC5539754.nxml.gz	PMC5539754.nxml.gz_35	6571	6653	,	,	6648	6649	O	None	None	None
1177	PMC5539754.nxml.gz	PMC5539754.nxml.gz_35	6571	6653	35	CD	6649	6651	O	None	None	None
1178	PMC5539754.nxml.gz	PMC5539754.nxml.gz_35	6571	6653	].	NN	6651	6653	O	None	None	None
1179	PMC5539754.nxml.gz	PMC5539754.nxml.gz_36	6654	6858	In	IN	6654	6656	O	None	None	None
1180	PMC5539754.nxml.gz	PMC5539754.nxml.gz_36	6654	6858	brief	NN	6657	6662	O	None	None	None
1181	PMC5539754.nxml.gz	PMC5539754.nxml.gz_36	6654	6858	,	,	6662	6663	O	None	None	None
1182	PMC5539754.nxml.gz	PMC5539754.nxml.gz_36	6654	6858	800	CD	6664	6667	O	None	None	None
1183	PMC5539754.nxml.gz	PMC5539754.nxml.gz_36	6654	6858	secundigravida	JJ	6668	6682	O	None	None	None
1184	PMC5539754.nxml.gz	PMC5539754.nxml.gz_36	6654	6858	women	NNS	6683	6688	B	NCBITaxon_EXT_2021_10_26_Instance_3633	None	None
1185	PMC5539754.nxml.gz	PMC5539754.nxml.gz_36	6654	6858	,	,	6688	6689	O	None	None	None
1186	PMC5539754.nxml.gz	PMC5539754.nxml.gz_36	6654	6858	who	WP	6690	6693	O	None	None	None
1187	PMC5539754.nxml.gz	PMC5539754.nxml.gz_36	6654	6858	had	VBD	6694	6697	O	None	None	None
1188	PMC5539754.nxml.gz	PMC5539754.nxml.gz_36	6654	6858	previously	RB	6698	6708	O	None	None	None
1189	PMC5539754.nxml.gz	PMC5539754.nxml.gz_36	6654	6858	delivered	VBN	6709	6718	O	None	None	None
1190	PMC5539754.nxml.gz	PMC5539754.nxml.gz_36	6654	6858	a	DT	6719	6720	O	None	None	None
1191	PMC5539754.nxml.gz	PMC5539754.nxml.gz_36	6654	6858	macrosomic	JJ	6721	6731	O	None	None	None
1192	PMC5539754.nxml.gz	PMC5539754.nxml.gz_36	6654	6858	infant	NN	6732	6738	O	None	None	None
1193	PMC5539754.nxml.gz	PMC5539754.nxml.gz_36	6654	6858	(>	NN	6739	6741	O	None	None	None
1194	PMC5539754.nxml.gz	PMC5539754.nxml.gz_36	6654	6858	4000	CD	6741	6745	O	None	None	None
1195	PMC5539754.nxml.gz	PMC5539754.nxml.gz_36	6654	6858	g	NN	6746	6747	O	None	None	None
1196	PMC5539754.nxml.gz	PMC5539754.nxml.gz_36	6654	6858	),	NN	6747	6749	O	None	None	None
1197	PMC5539754.nxml.gz	PMC5539754.nxml.gz_36	6654	6858	were	VBD	6750	6754	O	None	None	None
1198	PMC5539754.nxml.gz	PMC5539754.nxml.gz_36	6654	6858	randomised	VBN	6755	6765	O	None	None	None
1199	PMC5539754.nxml.gz	PMC5539754.nxml.gz_36	6654	6858	to	TO	6766	6768	O	None	None	None
1200	PMC5539754.nxml.gz	PMC5539754.nxml.gz_36	6654	6858	receive	VB	6769	6776	O	None	None	None
1201	PMC5539754.nxml.gz	PMC5539754.nxml.gz_36	6654	6858	either	RB	6777	6783	O	None	None	None
1202	PMC5539754.nxml.gz	PMC5539754.nxml.gz_36	6654	6858	low	JJ	6784	6787	O	None	None	None
1203	PMC5539754.nxml.gz	PMC5539754.nxml.gz_36	6654	6858	glycaemic	JJ	6788	6797	O	None	None	None
1204	PMC5539754.nxml.gz	PMC5539754.nxml.gz_36	6654	6858	index	NN	6798	6803	O	None	None	None
1205	PMC5539754.nxml.gz	PMC5539754.nxml.gz_36	6654	6858	dietary	JJ	6804	6811	O	None	None	None
1206	PMC5539754.nxml.gz	PMC5539754.nxml.gz_36	6654	6858	advice	NN	6812	6818	O	None	None	None
1207	PMC5539754.nxml.gz	PMC5539754.nxml.gz_36	6654	6858	or	CC	6819	6821	O	None	None	None
1208	PMC5539754.nxml.gz	PMC5539754.nxml.gz_36	6654	6858	usual	JJ	6822	6827	O	None	None	None
1209	PMC5539754.nxml.gz	PMC5539754.nxml.gz_36	6654	6858	care	NN	6828	6832	O	None	None	None
1210	PMC5539754.nxml.gz	PMC5539754.nxml.gz_36	6654	6858	(	(	6833	6834	O	None	None	None
1211	PMC5539754.nxml.gz	PMC5539754.nxml.gz_36	6654	6858	no	DT	6834	6836	O	None	None	None
1212	PMC5539754.nxml.gz	PMC5539754.nxml.gz_36	6654	6858	dietary	JJ	6837	6844	O	None	None	None
1213	PMC5539754.nxml.gz	PMC5539754.nxml.gz_36	6654	6858	advice	NN	6845	6851	O	None	None	None
1214	PMC5539754.nxml.gz	PMC5539754.nxml.gz_36	6654	6858	)	)	6851	6852	O	None	None	None
1215	PMC5539754.nxml.gz	PMC5539754.nxml.gz_36	6654	6858	[	VBZ	6853	6854	O	None	None	None
1216	PMC5539754.nxml.gz	PMC5539754.nxml.gz_36	6654	6858	34	CD	6854	6856	O	None	None	None
1217	PMC5539754.nxml.gz	PMC5539754.nxml.gz_36	6654	6858	].	NN	6856	6858	O	None	None	None
1218	PMC5539754.nxml.gz	PMC5539754.nxml.gz_37	6859	7127	Although	IN	6859	6867	O	None	None	None
1219	PMC5539754.nxml.gz	PMC5539754.nxml.gz_37	6859	7127	the	DT	6868	6871	O	None	None	None
1220	PMC5539754.nxml.gz	PMC5539754.nxml.gz_37	6859	7127	primary	JJ	6872	6879	O	None	None	None
1221	PMC5539754.nxml.gz	PMC5539754.nxml.gz_37	6859	7127	outcome	NN	6880	6887	O	None	None	None
1222	PMC5539754.nxml.gz	PMC5539754.nxml.gz_37	6859	7127	of	IN	6888	6890	O	None	None	None
1223	PMC5539754.nxml.gz	PMC5539754.nxml.gz_37	6859	7127	birth	NN	6891	6896	O	None	None	None
1224	PMC5539754.nxml.gz	PMC5539754.nxml.gz_37	6859	7127	weight	NN	6897	6903	O	None	None	None
1225	PMC5539754.nxml.gz	PMC5539754.nxml.gz_37	6859	7127	did	VBD	6904	6907	O	None	None	None
1226	PMC5539754.nxml.gz	PMC5539754.nxml.gz_37	6859	7127	not	RB	6908	6911	O	None	None	None
1227	PMC5539754.nxml.gz	PMC5539754.nxml.gz_37	6859	7127	significantly	RB	6912	6925	O	None	None	None
1228	PMC5539754.nxml.gz	PMC5539754.nxml.gz_37	6859	7127	differ	VBP	6926	6932	O	None	None	None
1229	PMC5539754.nxml.gz	PMC5539754.nxml.gz_37	6859	7127	between	IN	6933	6940	O	None	None	None
1230	PMC5539754.nxml.gz	PMC5539754.nxml.gz_37	6859	7127	the	DT	6941	6944	O	None	None	None
1231	PMC5539754.nxml.gz	PMC5539754.nxml.gz_37	6859	7127	intervention	NN	6945	6957	O	None	None	None
1232	PMC5539754.nxml.gz	PMC5539754.nxml.gz_37	6859	7127	and	CC	6958	6961	O	None	None	None
1233	PMC5539754.nxml.gz	PMC5539754.nxml.gz_37	6859	7127	control	NN	6962	6969	O	None	None	None
1234	PMC5539754.nxml.gz	PMC5539754.nxml.gz_37	6859	7127	group	NN	6970	6975	O	None	None	None
1235	PMC5539754.nxml.gz	PMC5539754.nxml.gz_37	6859	7127	,	,	6975	6976	O	None	None	None
1236	PMC5539754.nxml.gz	PMC5539754.nxml.gz_37	6859	7127	the	DT	6977	6980	O	None	None	None
1237	PMC5539754.nxml.gz	PMC5539754.nxml.gz_37	6859	7127	secondary	JJ	6981	6990	O	None	None	None
1238	PMC5539754.nxml.gz	PMC5539754.nxml.gz_37	6859	7127	outcomes	NNS	6991	6999	O	None	None	None
1239	PMC5539754.nxml.gz	PMC5539754.nxml.gz_37	6859	7127	of	IN	7000	7002	O	None	None	None
1240	PMC5539754.nxml.gz	PMC5539754.nxml.gz_37	6859	7127	dietary	JJ	7003	7010	O	None	None	None
1241	PMC5539754.nxml.gz	PMC5539754.nxml.gz_37	6859	7127	glycaemic	JJ	7011	7020	O	None	None	None
1242	PMC5539754.nxml.gz	PMC5539754.nxml.gz_37	6859	7127	index	NN	7021	7026	O	None	None	None
1243	PMC5539754.nxml.gz	PMC5539754.nxml.gz_37	6859	7127	,	,	7026	7027	O	None	None	None
1244	PMC5539754.nxml.gz	PMC5539754.nxml.gz_37	6859	7127	gestational	JJ	7028	7039	O	None	None	None
1245	PMC5539754.nxml.gz	PMC5539754.nxml.gz_37	6859	7127	weight	NN	7040	7046	O	None	None	None
1246	PMC5539754.nxml.gz	PMC5539754.nxml.gz_37	6859	7127	gain	NN	7047	7051	O	None	None	None
1247	PMC5539754.nxml.gz	PMC5539754.nxml.gz_37	6859	7127	and	CC	7052	7055	O	None	None	None
1248	PMC5539754.nxml.gz	PMC5539754.nxml.gz_37	6859	7127	glucose	JJ	7056	7063	O	None	None	None
1249	PMC5539754.nxml.gz	PMC5539754.nxml.gz_37	6859	7127	intolerance	NN	7064	7075	O	None	None	None
1250	PMC5539754.nxml.gz	PMC5539754.nxml.gz_37	6859	7127	were	VBD	7076	7080	O	None	None	None
1251	PMC5539754.nxml.gz	PMC5539754.nxml.gz_37	6859	7127	significantly	RB	7081	7094	O	None	None	None
1252	PMC5539754.nxml.gz	PMC5539754.nxml.gz_37	6859	7127	reduced	VBN	7095	7102	O	None	None	None
1253	PMC5539754.nxml.gz	PMC5539754.nxml.gz_37	6859	7127	in	IN	7103	7105	O	None	None	None
1254	PMC5539754.nxml.gz	PMC5539754.nxml.gz_37	6859	7127	the	DT	7106	7109	O	None	None	None
1255	PMC5539754.nxml.gz	PMC5539754.nxml.gz_37	6859	7127	intervention	NN	7110	7122	O	None	None	None
1256	PMC5539754.nxml.gz	PMC5539754.nxml.gz_37	6859	7127	arm	NN	7123	7126	O	None	None	None
1257	PMC5539754.nxml.gz	PMC5539754.nxml.gz_37	6859	7127	.	.	7126	7127	O	None	None	None
1258	PMC5539754.nxml.gz	PMC5539754.nxml.gz_38	7128	7201	Insulin	NNP	7128	7135	O	None	None	None
1259	PMC5539754.nxml.gz	PMC5539754.nxml.gz_38	7128	7201	,	,	7135	7136	O	None	None	None
1260	PMC5539754.nxml.gz	PMC5539754.nxml.gz_38	7128	7201	but	CC	7137	7140	O	None	None	None
1261	PMC5539754.nxml.gz	PMC5539754.nxml.gz_38	7128	7201	not	RB	7141	7144	O	None	None	None
1262	PMC5539754.nxml.gz	PMC5539754.nxml.gz_38	7128	7201	HOMA	NNP	7145	7149	O	None	None	None
1263	PMC5539754.nxml.gz	PMC5539754.nxml.gz_38	7128	7201	,	,	7149	7150	O	None	None	None
1264	PMC5539754.nxml.gz	PMC5539754.nxml.gz_38	7128	7201	was	VBD	7151	7154	O	None	None	None
1265	PMC5539754.nxml.gz	PMC5539754.nxml.gz_38	7128	7201	significantly	RB	7155	7168	O	None	None	None
1266	PMC5539754.nxml.gz	PMC5539754.nxml.gz_38	7128	7201	reduced	VBN	7169	7176	O	None	None	None
1267	PMC5539754.nxml.gz	PMC5539754.nxml.gz_38	7128	7201	in	IN	7177	7179	O	None	None	None
1268	PMC5539754.nxml.gz	PMC5539754.nxml.gz_38	7128	7201	the	DT	7180	7183	O	None	None	None
1269	PMC5539754.nxml.gz	PMC5539754.nxml.gz_38	7128	7201	intervention	NN	7184	7196	O	None	None	None
1270	PMC5539754.nxml.gz	PMC5539754.nxml.gz_38	7128	7201	arm	NN	7197	7200	O	None	None	None
1271	PMC5539754.nxml.gz	PMC5539754.nxml.gz_38	7128	7201	.	.	7200	7201	O	None	None	None
1272	PMC5539754.nxml.gz	PMC5539754.nxml.gz_39	7202	7256	No	DT	7202	7204	O	None	None	None
1273	PMC5539754.nxml.gz	PMC5539754.nxml.gz_39	7202	7256	difference	NN	7205	7215	O	None	None	None
1274	PMC5539754.nxml.gz	PMC5539754.nxml.gz_39	7202	7256	in	IN	7216	7218	O	None	None	None
1275	PMC5539754.nxml.gz	PMC5539754.nxml.gz_39	7202	7256	serum	NN	7219	7224	O	None	None	None
1276	PMC5539754.nxml.gz	PMC5539754.nxml.gz_39	7202	7256	25OHD	CD	7225	7230	O	None	None	None
1277	PMC5539754.nxml.gz	PMC5539754.nxml.gz_39	7202	7256	was	VBD	7231	7234	O	None	None	None
1278	PMC5539754.nxml.gz	PMC5539754.nxml.gz_39	7202	7256	noted	VBN	7235	7240	O	None	None	None
1279	PMC5539754.nxml.gz	PMC5539754.nxml.gz_39	7202	7256	between	IN	7241	7248	O	None	None	None
1280	PMC5539754.nxml.gz	PMC5539754.nxml.gz_39	7202	7256	groups	NNS	7249	7255	O	None	None	None
1281	PMC5539754.nxml.gz	PMC5539754.nxml.gz_39	7202	7256	.	.	7255	7256	O	None	None	None
1282	PMC5539754.nxml.gz	PMC5539754.nxml.gz_40	7257	7406	The	DT	7257	7260	O	None	None	None
1283	PMC5539754.nxml.gz	PMC5539754.nxml.gz_40	7257	7406	study	NN	7261	7266	O	None	None	None
1284	PMC5539754.nxml.gz	PMC5539754.nxml.gz_40	7257	7406	was	VBD	7267	7270	O	None	None	None
1285	PMC5539754.nxml.gz	PMC5539754.nxml.gz_40	7257	7406	conducted	VBN	7271	7280	O	None	None	None
1286	PMC5539754.nxml.gz	PMC5539754.nxml.gz_40	7257	7406	per	IN	7281	7284	O	None	None	None
1287	PMC5539754.nxml.gz	PMC5539754.nxml.gz_40	7257	7406	the	DT	7285	7288	O	None	None	None
1288	PMC5539754.nxml.gz	PMC5539754.nxml.gz_40	7257	7406	guidelines	NNS	7289	7299	O	None	None	None
1289	PMC5539754.nxml.gz	PMC5539754.nxml.gz_40	7257	7406	laid	VBD	7300	7304	O	None	None	None
1290	PMC5539754.nxml.gz	PMC5539754.nxml.gz_40	7257	7406	down	RB	7305	7309	O	None	None	None
1291	PMC5539754.nxml.gz	PMC5539754.nxml.gz_40	7257	7406	in	IN	7310	7312	O	None	None	None
1292	PMC5539754.nxml.gz	PMC5539754.nxml.gz_40	7257	7406	the	DT	7313	7316	O	None	None	None
1293	PMC5539754.nxml.gz	PMC5539754.nxml.gz_40	7257	7406	Declaration	NNP	7317	7328	O	None	None	None
1294	PMC5539754.nxml.gz	PMC5539754.nxml.gz_40	7257	7406	of	IN	7329	7331	O	None	None	None
1295	PMC5539754.nxml.gz	PMC5539754.nxml.gz_40	7257	7406	Helsinki	NNP	7332	7340	O	None	None	None
1296	PMC5539754.nxml.gz	PMC5539754.nxml.gz_40	7257	7406	with	IN	7341	7345	O	None	None	None
1297	PMC5539754.nxml.gz	PMC5539754.nxml.gz_40	7257	7406	institutional	JJ	7346	7359	O	None	None	None
1298	PMC5539754.nxml.gz	PMC5539754.nxml.gz_40	7257	7406	ethical	JJ	7360	7367	O	None	None	None
1299	PMC5539754.nxml.gz	PMC5539754.nxml.gz_40	7257	7406	approval	NN	7368	7376	O	None	None	None
1300	PMC5539754.nxml.gz	PMC5539754.nxml.gz_40	7257	7406	and	CC	7377	7380	O	None	None	None
1301	PMC5539754.nxml.gz	PMC5539754.nxml.gz_40	7257	7406	written	VBN	7381	7388	O	None	None	None
1302	PMC5539754.nxml.gz	PMC5539754.nxml.gz_40	7257	7406	maternal	JJ	7389	7397	O	None	None	None
1303	PMC5539754.nxml.gz	PMC5539754.nxml.gz_40	7257	7406	consent	NN	7398	7405	O	None	None	None
1304	PMC5539754.nxml.gz	PMC5539754.nxml.gz_40	7257	7406	.	.	7405	7406	O	None	None	None
1305	PMC5539754.nxml.gz	PMC5539754.nxml.gz_41	7408	7494	Patient	NNP	7408	7415	O	None	None	None
1306	PMC5539754.nxml.gz	PMC5539754.nxml.gz_41	7408	7494	eligibility	NN	7416	7427	O	None	None	None
1307	PMC5539754.nxml.gz	PMC5539754.nxml.gz_41	7408	7494	Participants	NNS	7428	7440	O	None	None	None
1308	PMC5539754.nxml.gz	PMC5539754.nxml.gz_41	7408	7494	were	VBD	7441	7445	O	None	None	None
1309	PMC5539754.nxml.gz	PMC5539754.nxml.gz_41	7408	7494	recruited	VBN	7446	7455	O	None	None	None
1310	PMC5539754.nxml.gz	PMC5539754.nxml.gz_41	7408	7494	at	IN	7456	7458	O	None	None	None
1311	PMC5539754.nxml.gz	PMC5539754.nxml.gz_41	7408	7494	the	DT	7459	7462	O	None	None	None
1312	PMC5539754.nxml.gz	PMC5539754.nxml.gz_41	7408	7494	first	JJ	7463	7468	O	None	None	None
1313	PMC5539754.nxml.gz	PMC5539754.nxml.gz_41	7408	7494	antenatal	JJ	7469	7478	O	None	None	None
1314	PMC5539754.nxml.gz	PMC5539754.nxml.gz_41	7408	7494	hospital	NN	7479	7487	O	None	None	None
1315	PMC5539754.nxml.gz	PMC5539754.nxml.gz_41	7408	7494	visit	NN	7488	7493	O	None	None	None
1316	PMC5539754.nxml.gz	PMC5539754.nxml.gz_41	7408	7494	.	.	7493	7494	O	None	None	None
1317	PMC5539754.nxml.gz	PMC5539754.nxml.gz_42	7495	7676	Eligible	JJ	7495	7503	O	None	None	None
1318	PMC5539754.nxml.gz	PMC5539754.nxml.gz_42	7495	7676	participants	NNS	7504	7516	O	None	None	None
1319	PMC5539754.nxml.gz	PMC5539754.nxml.gz_42	7495	7676	were	VBD	7517	7521	O	None	None	None
1320	PMC5539754.nxml.gz	PMC5539754.nxml.gz_42	7495	7676	10	CD	7522	7524	O	None	None	None
1321	PMC5539754.nxml.gz	PMC5539754.nxml.gz_42	7495	7676	–	JJ	7524	7525	O	None	None	None
1322	PMC5539754.nxml.gz	PMC5539754.nxml.gz_42	7495	7676	18	CD	7525	7527	O	None	None	None
1323	PMC5539754.nxml.gz	PMC5539754.nxml.gz_42	7495	7676	weeks	NNS	7528	7533	O	None	None	None
1324	PMC5539754.nxml.gz	PMC5539754.nxml.gz_42	7495	7676	’	JJ	7533	7534	O	None	None	None
1325	PMC5539754.nxml.gz	PMC5539754.nxml.gz_42	7495	7676	gestation	NN	7535	7544	O	None	None	None
1326	PMC5539754.nxml.gz	PMC5539754.nxml.gz_42	7495	7676	,	,	7544	7545	O	None	None	None
1327	PMC5539754.nxml.gz	PMC5539754.nxml.gz_42	7495	7676	with	IN	7546	7550	O	None	None	None
1328	PMC5539754.nxml.gz	PMC5539754.nxml.gz_42	7495	7676	a	DT	7551	7552	O	None	None	None
1329	PMC5539754.nxml.gz	PMC5539754.nxml.gz_42	7495	7676	singleton	NN	7553	7562	O	None	None	None
1330	PMC5539754.nxml.gz	PMC5539754.nxml.gz_42	7495	7676	pregnancy	NN	7563	7572	O	None	None	None
1331	PMC5539754.nxml.gz	PMC5539754.nxml.gz_42	7495	7676	,	,	7572	7573	O	None	None	None
1332	PMC5539754.nxml.gz	PMC5539754.nxml.gz_42	7495	7676	over	IN	7574	7578	O	None	None	None
1333	PMC5539754.nxml.gz	PMC5539754.nxml.gz_42	7495	7676	18	CD	7579	7581	O	None	None	None
1334	PMC5539754.nxml.gz	PMC5539754.nxml.gz_42	7495	7676	years	NNS	7582	7587	O	None	None	None
1335	PMC5539754.nxml.gz	PMC5539754.nxml.gz_42	7495	7676	of	IN	7588	7590	O	None	None	None
1336	PMC5539754.nxml.gz	PMC5539754.nxml.gz_42	7495	7676	age	NN	7591	7594	O	None	None	None
1337	PMC5539754.nxml.gz	PMC5539754.nxml.gz_42	7495	7676	,	,	7594	7595	O	None	None	None
1338	PMC5539754.nxml.gz	PMC5539754.nxml.gz_42	7495	7676	not	RB	7596	7599	O	None	None	None
1339	PMC5539754.nxml.gz	PMC5539754.nxml.gz_42	7495	7676	taking	VBG	7600	7606	O	None	None	None
1340	PMC5539754.nxml.gz	PMC5539754.nxml.gz_42	7495	7676	any	DT	7607	7610	O	None	None	None
1341	PMC5539754.nxml.gz	PMC5539754.nxml.gz_42	7495	7676	medication	NN	7611	7621	O	None	None	None
1342	PMC5539754.nxml.gz	PMC5539754.nxml.gz_42	7495	7676	,	,	7621	7622	O	None	None	None
1343	PMC5539754.nxml.gz	PMC5539754.nxml.gz_42	7495	7676	and	CC	7623	7626	O	None	None	None
1344	PMC5539754.nxml.gz	PMC5539754.nxml.gz_42	7495	7676	without	IN	7627	7634	O	None	None	None
1345	PMC5539754.nxml.gz	PMC5539754.nxml.gz_42	7495	7676	previous	JJ	7635	7643	O	None	None	None
1346	PMC5539754.nxml.gz	PMC5539754.nxml.gz_42	7495	7676	or	CC	7644	7646	O	None	None	None
1347	PMC5539754.nxml.gz	PMC5539754.nxml.gz_42	7495	7676	current	JJ	7647	7654	O	None	None	None
1348	PMC5539754.nxml.gz	PMC5539754.nxml.gz_42	7495	7676	gestational	JJ	7655	7666	O	None	None	None
1349	PMC5539754.nxml.gz	PMC5539754.nxml.gz_42	7495	7676	diabetes	NNS	7667	7675	O	None	None	None
1350	PMC5539754.nxml.gz	PMC5539754.nxml.gz_42	7495	7676	.	.	7675	7676	O	None	None	None
1351	PMC5539754.nxml.gz	PMC5539754.nxml.gz_43	7677	7825	Only	RB	7677	7681	O	None	None	None
1352	PMC5539754.nxml.gz	PMC5539754.nxml.gz_43	7677	7825	those	DT	7682	7687	O	None	None	None
1353	PMC5539754.nxml.gz	PMC5539754.nxml.gz_43	7677	7825	who	WP	7688	7691	O	None	None	None
1354	PMC5539754.nxml.gz	PMC5539754.nxml.gz_43	7677	7825	had	VBD	7692	7695	O	None	None	None
1355	PMC5539754.nxml.gz	PMC5539754.nxml.gz_43	7677	7825	completed	VBN	7696	7705	O	None	None	None
1356	PMC5539754.nxml.gz	PMC5539754.nxml.gz_43	7677	7825	the	DT	7706	7709	O	None	None	None
1357	PMC5539754.nxml.gz	PMC5539754.nxml.gz_43	7677	7825	2	CD	7710	7711	O	None	None	None
1358	PMC5539754.nxml.gz	PMC5539754.nxml.gz_43	7677	7825	-	:	7711	7712	O	None	None	None
1359	PMC5539754.nxml.gz	PMC5539754.nxml.gz_43	7677	7825	year	NN	7712	7716	O	None	None	None
1360	PMC5539754.nxml.gz	PMC5539754.nxml.gz_43	7677	7825	follow	SYM	7717	7723	O	None	None	None
1361	PMC5539754.nxml.gz	PMC5539754.nxml.gz_43	7677	7825	-	:	7723	7724	O	None	None	None
1362	PMC5539754.nxml.gz	PMC5539754.nxml.gz_43	7677	7825	up	RB	7724	7726	O	None	None	None
1363	PMC5539754.nxml.gz	PMC5539754.nxml.gz_43	7677	7825	appointment	NN	7727	7738	O	None	None	None
1364	PMC5539754.nxml.gz	PMC5539754.nxml.gz_43	7677	7825	had	VBD	7739	7742	O	None	None	None
1365	PMC5539754.nxml.gz	PMC5539754.nxml.gz_43	7677	7825	serum	VBN	7743	7748	O	None	None	None
1366	PMC5539754.nxml.gz	PMC5539754.nxml.gz_43	7677	7825	25OHD	CD	7749	7754	O	None	None	None
1367	PMC5539754.nxml.gz	PMC5539754.nxml.gz_43	7677	7825	measured	VBN	7755	7763	O	None	None	None
1368	PMC5539754.nxml.gz	PMC5539754.nxml.gz_43	7677	7825	in	IN	7764	7766	O	None	None	None
1369	PMC5539754.nxml.gz	PMC5539754.nxml.gz_43	7677	7825	the	DT	7767	7770	O	None	None	None
1370	PMC5539754.nxml.gz	PMC5539754.nxml.gz_43	7677	7825	pregnancy	NN	7771	7780	O	None	None	None
1371	PMC5539754.nxml.gz	PMC5539754.nxml.gz_43	7677	7825	sample	NN	7781	7787	O	None	None	None
1372	PMC5539754.nxml.gz	PMC5539754.nxml.gz_43	7677	7825	,	,	7787	7788	O	None	None	None
1373	PMC5539754.nxml.gz	PMC5539754.nxml.gz_43	7677	7825	thus	RB	7789	7793	O	None	None	None
1374	PMC5539754.nxml.gz	PMC5539754.nxml.gz_43	7677	7825	334	CD	7794	7797	O	None	None	None
1375	PMC5539754.nxml.gz	PMC5539754.nxml.gz_43	7677	7825	participants	NNS	7798	7810	O	None	None	None
1376	PMC5539754.nxml.gz	PMC5539754.nxml.gz_43	7677	7825	were	VBD	7811	7815	O	None	None	None
1377	PMC5539754.nxml.gz	PMC5539754.nxml.gz_43	7677	7825	included	VBN	7816	7824	O	None	None	None
1378	PMC5539754.nxml.gz	PMC5539754.nxml.gz_43	7677	7825	.	.	7824	7825	O	None	None	None
1379	PMC5539754.nxml.gz	PMC5539754.nxml.gz_44	7827	7973	Data	NNP	7827	7831	O	None	None	None
1380	PMC5539754.nxml.gz	PMC5539754.nxml.gz_44	7827	7973	collection	NN	7832	7842	O	None	None	None
1381	PMC5539754.nxml.gz	PMC5539754.nxml.gz_44	7827	7973	At	IN	7843	7845	O	None	None	None
1382	PMC5539754.nxml.gz	PMC5539754.nxml.gz_44	7827	7973	the	DT	7846	7849	O	None	None	None
1383	PMC5539754.nxml.gz	PMC5539754.nxml.gz_44	7827	7973	first	JJ	7850	7855	O	None	None	None
1384	PMC5539754.nxml.gz	PMC5539754.nxml.gz_44	7827	7973	antenatal	JJ	7856	7865	O	None	None	None
1385	PMC5539754.nxml.gz	PMC5539754.nxml.gz_44	7827	7973	consultation	NN	7866	7878	O	None	None	None
1386	PMC5539754.nxml.gz	PMC5539754.nxml.gz_44	7827	7973	,	,	7878	7879	O	None	None	None
1387	PMC5539754.nxml.gz	PMC5539754.nxml.gz_44	7827	7973	participants	NNS	7880	7892	O	None	None	None
1388	PMC5539754.nxml.gz	PMC5539754.nxml.gz_44	7827	7973	were	VBD	7893	7897	O	None	None	None
1389	PMC5539754.nxml.gz	PMC5539754.nxml.gz_44	7827	7973	weighed	VBN	7898	7905	O	None	None	None
1390	PMC5539754.nxml.gz	PMC5539754.nxml.gz_44	7827	7973	in	IN	7906	7908	O	None	None	None
1391	PMC5539754.nxml.gz	PMC5539754.nxml.gz_44	7827	7973	light	JJ	7909	7914	O	None	None	None
1392	PMC5539754.nxml.gz	PMC5539754.nxml.gz_44	7827	7973	clothing	NN	7915	7923	O	None	None	None
1393	PMC5539754.nxml.gz	PMC5539754.nxml.gz_44	7827	7973	using	VBG	7924	7929	O	None	None	None
1394	PMC5539754.nxml.gz	PMC5539754.nxml.gz_44	7827	7973	a	DT	7930	7931	O	None	None	None
1395	PMC5539754.nxml.gz	PMC5539754.nxml.gz_44	7827	7973	SECA	NNP	7932	7936	O	None	None	None
1396	PMC5539754.nxml.gz	PMC5539754.nxml.gz_44	7827	7973	weighing	NN	7937	7945	O	None	None	None
1397	PMC5539754.nxml.gz	PMC5539754.nxml.gz_44	7827	7973	scales	NNS	7946	7952	O	None	None	None
1398	PMC5539754.nxml.gz	PMC5539754.nxml.gz_44	7827	7973	(	(	7953	7954	O	None	None	None
1399	PMC5539754.nxml.gz	PMC5539754.nxml.gz_44	7827	7973	SECA	NNP	7954	7958	O	None	None	None
1400	PMC5539754.nxml.gz	PMC5539754.nxml.gz_44	7827	7973	GmbH	NNP	7959	7963	O	None	None	None
1401	PMC5539754.nxml.gz	PMC5539754.nxml.gz_44	7827	7973	&	CC	7964	7965	O	None	None	None
1402	PMC5539754.nxml.gz	PMC5539754.nxml.gz_44	7827	7973	Co	NNP	7966	7968	O	None	None	None
1403	PMC5539754.nxml.gz	PMC5539754.nxml.gz_44	7827	7973	.	.	7968	7969	O	None	None	None
1404	PMC5539754.nxml.gz	PMC5539754.nxml.gz_44	7827	7973	Kg	NNP	7970	7972	O	None	None	None
1405	PMC5539754.nxml.gz	PMC5539754.nxml.gz_44	7827	7973	.	.	7972	7973	O	None	None	None
1406	PMC5539754.nxml.gz	PMC5539754.nxml.gz_45	7974	8098	Germany	NNP	7974	7981	O	None	None	None
1407	PMC5539754.nxml.gz	PMC5539754.nxml.gz_45	7974	8098	)	)	7981	7982	O	None	None	None
1408	PMC5539754.nxml.gz	PMC5539754.nxml.gz_45	7974	8098	to	TO	7983	7985	O	None	None	None
1409	PMC5539754.nxml.gz	PMC5539754.nxml.gz_45	7974	8098	the	DT	7986	7989	O	None	None	None
1410	PMC5539754.nxml.gz	PMC5539754.nxml.gz_45	7974	8098	nearest	JJS	7990	7997	O	None	None	None
1411	PMC5539754.nxml.gz	PMC5539754.nxml.gz_45	7974	8098	0	CD	7998	7999	O	None	None	None
1412	PMC5539754.nxml.gz	PMC5539754.nxml.gz_45	7974	8098	.	.	7999	8000	O	None	None	None
1413	PMC5539754.nxml.gz	PMC5539754.nxml.gz_45	7974	8098	1	CD	8000	8001	O	None	None	None
1414	PMC5539754.nxml.gz	PMC5539754.nxml.gz_45	7974	8098	kg	NN	8002	8004	O	None	None	None
1415	PMC5539754.nxml.gz	PMC5539754.nxml.gz_45	7974	8098	and	CC	8005	8008	O	None	None	None
1416	PMC5539754.nxml.gz	PMC5539754.nxml.gz_45	7974	8098	height	NN	8009	8015	O	None	None	None
1417	PMC5539754.nxml.gz	PMC5539754.nxml.gz_45	7974	8098	was	VBD	8016	8019	O	None	None	None
1418	PMC5539754.nxml.gz	PMC5539754.nxml.gz_45	7974	8098	measured	VBN	8020	8028	O	None	None	None
1419	PMC5539754.nxml.gz	PMC5539754.nxml.gz_45	7974	8098	without	IN	8029	8036	O	None	None	None
1420	PMC5539754.nxml.gz	PMC5539754.nxml.gz_45	7974	8098	shoes	NNS	8037	8042	O	None	None	None
1421	PMC5539754.nxml.gz	PMC5539754.nxml.gz_45	7974	8098	to	TO	8043	8045	O	None	None	None
1422	PMC5539754.nxml.gz	PMC5539754.nxml.gz_45	7974	8098	the	DT	8046	8049	O	None	None	None
1423	PMC5539754.nxml.gz	PMC5539754.nxml.gz_45	7974	8098	nearest	JJS	8050	8057	O	None	None	None
1424	PMC5539754.nxml.gz	PMC5539754.nxml.gz_45	7974	8098	0	CD	8058	8059	O	None	None	None
1425	PMC5539754.nxml.gz	PMC5539754.nxml.gz_45	7974	8098	.	.	8059	8060	O	None	None	None
1426	PMC5539754.nxml.gz	PMC5539754.nxml.gz_45	7974	8098	1	CD	8060	8061	O	None	None	None
1427	PMC5539754.nxml.gz	PMC5539754.nxml.gz_45	7974	8098	cm	NN	8062	8064	O	None	None	None
1428	PMC5539754.nxml.gz	PMC5539754.nxml.gz_45	7974	8098	using	VBG	8065	8070	O	None	None	None
1429	PMC5539754.nxml.gz	PMC5539754.nxml.gz_45	7974	8098	a	DT	8071	8072	O	None	None	None
1430	PMC5539754.nxml.gz	PMC5539754.nxml.gz_45	7974	8098	wall	NN	8073	8077	O	None	None	None
1431	PMC5539754.nxml.gz	PMC5539754.nxml.gz_45	7974	8098	-	:	8077	8078	O	None	None	None
1432	PMC5539754.nxml.gz	PMC5539754.nxml.gz_45	7974	8098	mounted	VBN	8078	8085	O	None	None	None
1433	PMC5539754.nxml.gz	PMC5539754.nxml.gz_45	7974	8098	stadiometer	NN	8086	8097	O	None	None	None
1434	PMC5539754.nxml.gz	PMC5539754.nxml.gz_45	7974	8098	.	.	8097	8098	O	None	None	None
1435	PMC5539754.nxml.gz	PMC5539754.nxml.gz_46	8099	8144	Body	NNP	8099	8103	O	None	None	None
1436	PMC5539754.nxml.gz	PMC5539754.nxml.gz_46	8099	8144	mass	NN	8104	8108	O	None	None	None
1437	PMC5539754.nxml.gz	PMC5539754.nxml.gz_46	8099	8144	index	NN	8109	8114	O	None	None	None
1438	PMC5539754.nxml.gz	PMC5539754.nxml.gz_46	8099	8144	(	(	8115	8116	O	None	None	None
1439	PMC5539754.nxml.gz	PMC5539754.nxml.gz_46	8099	8144	BMI	NNP	8116	8119	O	None	None	None
1440	PMC5539754.nxml.gz	PMC5539754.nxml.gz_46	8099	8144	)	)	8119	8120	O	None	None	None
1441	PMC5539754.nxml.gz	PMC5539754.nxml.gz_46	8099	8144	(	(	8121	8122	O	None	None	None
1442	PMC5539754.nxml.gz	PMC5539754.nxml.gz_46	8099	8144	kg	JJ	8122	8124	O	None	None	None
1443	PMC5539754.nxml.gz	PMC5539754.nxml.gz_46	8099	8144	/	NNP	8124	8125	O	None	None	None
1444	PMC5539754.nxml.gz	PMC5539754.nxml.gz_46	8099	8144	m2	NN	8125	8127	O	None	None	None
1445	PMC5539754.nxml.gz	PMC5539754.nxml.gz_46	8099	8144	)	)	8127	8128	O	None	None	None
1446	PMC5539754.nxml.gz	PMC5539754.nxml.gz_46	8099	8144	was	VBD	8129	8132	O	None	None	None
1447	PMC5539754.nxml.gz	PMC5539754.nxml.gz_46	8099	8144	calculated	VBN	8133	8143	O	None	None	None
1448	PMC5539754.nxml.gz	PMC5539754.nxml.gz_46	8099	8144	.	.	8143	8144	O	None	None	None
1449	PMC5539754.nxml.gz	PMC5539754.nxml.gz_47	8145	8278	Food	NN	8145	8149	O	None	None	None
1450	PMC5539754.nxml.gz	PMC5539754.nxml.gz_47	8145	8278	and	CC	8150	8153	O	None	None	None
1451	PMC5539754.nxml.gz	PMC5539754.nxml.gz_47	8145	8278	beverages	NNS	8154	8163	O	None	None	None
1452	PMC5539754.nxml.gz	PMC5539754.nxml.gz_47	8145	8278	consumed	VBN	8164	8172	O	None	None	None
1453	PMC5539754.nxml.gz	PMC5539754.nxml.gz_47	8145	8278	over	IN	8173	8177	O	None	None	None
1454	PMC5539754.nxml.gz	PMC5539754.nxml.gz_47	8145	8278	three	CD	8178	8183	O	None	None	None
1455	PMC5539754.nxml.gz	PMC5539754.nxml.gz_47	8145	8278	consecutive	JJ	8184	8195	O	None	None	None
1456	PMC5539754.nxml.gz	PMC5539754.nxml.gz_47	8145	8278	days	NNS	8196	8200	O	None	None	None
1457	PMC5539754.nxml.gz	PMC5539754.nxml.gz_47	8145	8278	were	VBD	8201	8205	O	None	None	None
1458	PMC5539754.nxml.gz	PMC5539754.nxml.gz_47	8145	8278	recorded	VBN	8206	8214	O	None	None	None
1459	PMC5539754.nxml.gz	PMC5539754.nxml.gz_47	8145	8278	by	IN	8215	8217	O	None	None	None
1460	PMC5539754.nxml.gz	PMC5539754.nxml.gz_47	8145	8278	participants	NNS	8218	8230	O	None	None	None
1461	PMC5539754.nxml.gz	PMC5539754.nxml.gz_47	8145	8278	during	IN	8231	8237	O	None	None	None
1462	PMC5539754.nxml.gz	PMC5539754.nxml.gz_47	8145	8278	each	DT	8238	8242	O	None	None	None
1463	PMC5539754.nxml.gz	PMC5539754.nxml.gz_47	8145	8278	trimester	NN	8243	8252	O	None	None	None
1464	PMC5539754.nxml.gz	PMC5539754.nxml.gz_47	8145	8278	using	VBG	8253	8258	O	None	None	None
1465	PMC5539754.nxml.gz	PMC5539754.nxml.gz_47	8145	8278	3	CD	8259	8260	O	None	None	None
1466	PMC5539754.nxml.gz	PMC5539754.nxml.gz_47	8145	8278	-	:	8260	8261	O	None	None	None
1467	PMC5539754.nxml.gz	PMC5539754.nxml.gz_47	8145	8278	day	NN	8261	8264	O	None	None	None
1468	PMC5539754.nxml.gz	PMC5539754.nxml.gz_47	8145	8278	food	NN	8265	8269	O	None	None	None
1469	PMC5539754.nxml.gz	PMC5539754.nxml.gz_47	8145	8278	diaries	NNS	8270	8277	O	None	None	None
1470	PMC5539754.nxml.gz	PMC5539754.nxml.gz_47	8145	8278	.	.	8277	8278	O	None	None	None
1471	PMC5539754.nxml.gz	PMC5539754.nxml.gz_48	8279	8345	For	IN	8279	8282	O	None	None	None
1472	PMC5539754.nxml.gz	PMC5539754.nxml.gz_48	8279	8345	this	DT	8283	8287	O	None	None	None
1473	PMC5539754.nxml.gz	PMC5539754.nxml.gz_48	8279	8345	study	NN	8288	8293	O	None	None	None
1474	PMC5539754.nxml.gz	PMC5539754.nxml.gz_48	8279	8345	,	,	8293	8294	O	None	None	None
1475	PMC5539754.nxml.gz	PMC5539754.nxml.gz_48	8279	8345	we	PRP	8295	8297	O	None	None	None
1476	PMC5539754.nxml.gz	PMC5539754.nxml.gz_48	8279	8345	analysed	VBD	8298	8306	O	None	None	None
1477	PMC5539754.nxml.gz	PMC5539754.nxml.gz_48	8279	8345	the	DT	8307	8310	O	None	None	None
1478	PMC5539754.nxml.gz	PMC5539754.nxml.gz_48	8279	8345	early	JJ	8311	8316	O	None	None	None
1479	PMC5539754.nxml.gz	PMC5539754.nxml.gz_48	8279	8345	-	:	8316	8317	O	None	None	None
1480	PMC5539754.nxml.gz	PMC5539754.nxml.gz_48	8279	8345	pregnancy	NN	8317	8326	O	None	None	None
1481	PMC5539754.nxml.gz	PMC5539754.nxml.gz_48	8279	8345	food	NN	8327	8331	O	None	None	None
1482	PMC5539754.nxml.gz	PMC5539754.nxml.gz_48	8279	8345	diaries	NNS	8332	8339	O	None	None	None
1483	PMC5539754.nxml.gz	PMC5539754.nxml.gz_48	8279	8345	only	RB	8340	8344	O	None	None	None
1484	PMC5539754.nxml.gz	PMC5539754.nxml.gz_48	8279	8345	.	.	8344	8345	O	None	None	None
1485	PMC5539754.nxml.gz	PMC5539754.nxml.gz_49	8346	8464	Dietary	NNP	8346	8353	O	None	None	None
1486	PMC5539754.nxml.gz	PMC5539754.nxml.gz_49	8346	8464	data	NNS	8354	8358	O	None	None	None
1487	PMC5539754.nxml.gz	PMC5539754.nxml.gz_49	8346	8464	from	IN	8359	8363	O	None	None	None
1488	PMC5539754.nxml.gz	PMC5539754.nxml.gz_49	8346	8464	food	NN	8364	8368	O	None	None	None
1489	PMC5539754.nxml.gz	PMC5539754.nxml.gz_49	8346	8464	diaries	NNS	8369	8376	O	None	None	None
1490	PMC5539754.nxml.gz	PMC5539754.nxml.gz_49	8346	8464	were	VBD	8377	8381	O	None	None	None
1491	PMC5539754.nxml.gz	PMC5539754.nxml.gz_49	8346	8464	analysed	VBN	8382	8390	O	None	None	None
1492	PMC5539754.nxml.gz	PMC5539754.nxml.gz_49	8346	8464	using	VBG	8391	8396	O	None	None	None
1493	PMC5539754.nxml.gz	PMC5539754.nxml.gz_49	8346	8464	NetWISP	NNP	8397	8404	O	None	None	None
1494	PMC5539754.nxml.gz	PMC5539754.nxml.gz_49	8346	8464	version	NN	8405	8412	O	None	None	None
1495	PMC5539754.nxml.gz	PMC5539754.nxml.gz_49	8346	8464	3	CD	8413	8414	O	None	None	None
1496	PMC5539754.nxml.gz	PMC5539754.nxml.gz_49	8346	8464	.	.	8414	8415	O	None	None	None
1497	PMC5539754.nxml.gz	PMC5539754.nxml.gz_49	8346	8464	0	CD	8415	8416	O	None	None	None
1498	PMC5539754.nxml.gz	PMC5539754.nxml.gz_49	8346	8464	(	(	8417	8418	O	None	None	None
1499	PMC5539754.nxml.gz	PMC5539754.nxml.gz_49	8346	8464	Tinuviel	NNP	8418	8426	O	None	None	None
1500	PMC5539754.nxml.gz	PMC5539754.nxml.gz_49	8346	8464	Software	NNP	8427	8435	O	None	None	None
1501	PMC5539754.nxml.gz	PMC5539754.nxml.gz_49	8346	8464	,	,	8435	8436	O	None	None	None
1502	PMC5539754.nxml.gz	PMC5539754.nxml.gz_49	8346	8464	Llanfechell	NNP	8437	8448	O	None	None	None
1503	PMC5539754.nxml.gz	PMC5539754.nxml.gz_49	8346	8464	,	,	8448	8449	O	None	None	None
1504	PMC5539754.nxml.gz	PMC5539754.nxml.gz_49	8346	8464	Anglesey	NNP	8450	8458	O	None	None	None
1505	PMC5539754.nxml.gz	PMC5539754.nxml.gz_49	8346	8464	,	,	8458	8459	O	None	None	None
1506	PMC5539754.nxml.gz	PMC5539754.nxml.gz_49	8346	8464	UK	NNP	8460	8462	O	None	None	None
1507	PMC5539754.nxml.gz	PMC5539754.nxml.gz_49	8346	8464	).	NNP	8462	8464	O	None	None	None
1508	PMC5539754.nxml.gz	PMC5539754.nxml.gz_50	8465	8542	Participants	NNS	8465	8477	O	None	None	None
1509	PMC5539754.nxml.gz	PMC5539754.nxml.gz_50	8465	8542	also	RB	8478	8482	O	None	None	None
1510	PMC5539754.nxml.gz	PMC5539754.nxml.gz_50	8465	8542	completed	VBD	8483	8492	O	None	None	None
1511	PMC5539754.nxml.gz	PMC5539754.nxml.gz_50	8465	8542	a	DT	8493	8494	O	None	None	None
1512	PMC5539754.nxml.gz	PMC5539754.nxml.gz_50	8465	8542	questionnaire	NN	8495	8508	O	None	None	None
1513	PMC5539754.nxml.gz	PMC5539754.nxml.gz_50	8465	8542	about	IN	8509	8514	O	None	None	None
1514	PMC5539754.nxml.gz	PMC5539754.nxml.gz_50	8465	8542	use	NN	8515	8518	O	None	None	None
1515	PMC5539754.nxml.gz	PMC5539754.nxml.gz_50	8465	8542	of	IN	8519	8521	O	None	None	None
1516	PMC5539754.nxml.gz	PMC5539754.nxml.gz_50	8465	8542	dietary	JJ	8522	8529	O	None	None	None
1517	PMC5539754.nxml.gz	PMC5539754.nxml.gz_50	8465	8542	supplements	NNS	8530	8541	O	None	None	None
1518	PMC5539754.nxml.gz	PMC5539754.nxml.gz_50	8465	8542	.	.	8541	8542	O	None	None	None
1519	PMC5539754.nxml.gz	PMC5539754.nxml.gz_51	8543	8624	Information	NN	8543	8554	O	None	None	None
1520	PMC5539754.nxml.gz	PMC5539754.nxml.gz_51	8543	8624	about	IN	8555	8560	O	None	None	None
1521	PMC5539754.nxml.gz	PMC5539754.nxml.gz_51	8543	8624	the	DT	8561	8564	O	None	None	None
1522	PMC5539754.nxml.gz	PMC5539754.nxml.gz_51	8543	8624	quantity	NN	8565	8573	O	None	None	None
1523	PMC5539754.nxml.gz	PMC5539754.nxml.gz_51	8543	8624	of	IN	8574	8576	O	None	None	None
1524	PMC5539754.nxml.gz	PMC5539754.nxml.gz_51	8543	8624	vitamin	NN	8577	8584	O	None	None	None
1525	PMC5539754.nxml.gz	PMC5539754.nxml.gz_51	8543	8624	D	NNP	8585	8586	O	None	None	None
1526	PMC5539754.nxml.gz	PMC5539754.nxml.gz_51	8543	8624	within	IN	8587	8593	O	None	None	None
1527	PMC5539754.nxml.gz	PMC5539754.nxml.gz_51	8543	8624	supplements	NNS	8594	8605	O	None	None	None
1528	PMC5539754.nxml.gz	PMC5539754.nxml.gz_51	8543	8624	was	VBD	8606	8609	O	None	None	None
1529	PMC5539754.nxml.gz	PMC5539754.nxml.gz_51	8543	8624	not	RB	8610	8613	O	None	None	None
1530	PMC5539754.nxml.gz	PMC5539754.nxml.gz_51	8543	8624	collected	VBN	8614	8623	O	None	None	None
1531	PMC5539754.nxml.gz	PMC5539754.nxml.gz_51	8543	8624	.	.	8623	8624	O	None	None	None
1532	PMC5539754.nxml.gz	PMC5539754.nxml.gz_52	8625	8732	Emotional	NNP	8625	8634	O	None	None	None
1533	PMC5539754.nxml.gz	PMC5539754.nxml.gz_52	8625	8732	well	RB	8635	8639	O	None	None	None
1534	PMC5539754.nxml.gz	PMC5539754.nxml.gz_52	8625	8732	-	:	8639	8640	O	None	None	None
1535	PMC5539754.nxml.gz	PMC5539754.nxml.gz_52	8625	8732	being	VBG	8640	8645	O	None	None	None
1536	PMC5539754.nxml.gz	PMC5539754.nxml.gz_52	8625	8732	was	VBD	8646	8649	O	None	None	None
1537	PMC5539754.nxml.gz	PMC5539754.nxml.gz_52	8625	8732	examined	VBN	8650	8658	O	None	None	None
1538	PMC5539754.nxml.gz	PMC5539754.nxml.gz_52	8625	8732	using	VBG	8659	8664	O	None	None	None
1539	PMC5539754.nxml.gz	PMC5539754.nxml.gz_52	8625	8732	the	DT	8665	8668	O	None	None	None
1540	PMC5539754.nxml.gz	PMC5539754.nxml.gz_52	8625	8732	5	CD	8669	8670	O	None	None	None
1541	PMC5539754.nxml.gz	PMC5539754.nxml.gz_52	8625	8732	-	:	8670	8671	O	None	None	None
1542	PMC5539754.nxml.gz	PMC5539754.nxml.gz_52	8625	8732	item	NN	8671	8675	O	None	None	None
1543	PMC5539754.nxml.gz	PMC5539754.nxml.gz_52	8625	8732	World	NNP	8676	8681	O	None	None	None
1544	PMC5539754.nxml.gz	PMC5539754.nxml.gz_52	8625	8732	Health	NNP	8682	8688	O	None	None	None
1545	PMC5539754.nxml.gz	PMC5539754.nxml.gz_52	8625	8732	Organization	NNP	8689	8701	O	None	None	None
1546	PMC5539754.nxml.gz	PMC5539754.nxml.gz_52	8625	8732	Well	NNP	8702	8706	O	None	None	None
1547	PMC5539754.nxml.gz	PMC5539754.nxml.gz_52	8625	8732	-	:	8706	8707	O	None	None	None
1548	PMC5539754.nxml.gz	PMC5539754.nxml.gz_52	8625	8732	Being	VBG	8707	8712	O	None	None	None
1549	PMC5539754.nxml.gz	PMC5539754.nxml.gz_52	8625	8732	Index	NNP	8713	8718	O	None	None	None
1550	PMC5539754.nxml.gz	PMC5539754.nxml.gz_52	8625	8732	(	(	8719	8720	O	None	None	None
1551	PMC5539754.nxml.gz	PMC5539754.nxml.gz_52	8625	8732	WHO	NNP	8720	8723	O	None	None	None
1552	PMC5539754.nxml.gz	PMC5539754.nxml.gz_52	8625	8732	-	:	8723	8724	O	None	None	None
1553	PMC5539754.nxml.gz	PMC5539754.nxml.gz_52	8625	8732	5	CD	8724	8725	O	None	None	None
1554	PMC5539754.nxml.gz	PMC5539754.nxml.gz_52	8625	8732	)	)	8725	8726	O	None	None	None
1555	PMC5539754.nxml.gz	PMC5539754.nxml.gz_52	8625	8732	[	VBD	8727	8728	O	None	None	None
1556	PMC5539754.nxml.gz	PMC5539754.nxml.gz_52	8625	8732	36	CD	8728	8730	O	None	None	None
1557	PMC5539754.nxml.gz	PMC5539754.nxml.gz_52	8625	8732	].	NN	8730	8732	O	None	None	None
1558	PMC5539754.nxml.gz	PMC5539754.nxml.gz_53	8733	8811	Physical	JJ	8733	8741	O	None	None	None
1559	PMC5539754.nxml.gz	PMC5539754.nxml.gz_53	8733	8811	activity	NN	8742	8750	O	None	None	None
1560	PMC5539754.nxml.gz	PMC5539754.nxml.gz_53	8733	8811	,	,	8750	8751	O	None	None	None
1561	PMC5539754.nxml.gz	PMC5539754.nxml.gz_53	8733	8811	smoking	NN	8752	8759	O	None	None	None
1562	PMC5539754.nxml.gz	PMC5539754.nxml.gz_53	8733	8811	and	CC	8760	8763	O	None	None	None
1563	PMC5539754.nxml.gz	PMC5539754.nxml.gz_53	8733	8811	educational	JJ	8764	8775	O	None	None	None
1564	PMC5539754.nxml.gz	PMC5539754.nxml.gz_53	8733	8811	attainment	NN	8776	8786	O	None	None	None
1565	PMC5539754.nxml.gz	PMC5539754.nxml.gz_53	8733	8811	were	VBD	8787	8791	O	None	None	None
1566	PMC5539754.nxml.gz	PMC5539754.nxml.gz_53	8733	8811	also	RB	8792	8796	O	None	None	None
1567	PMC5539754.nxml.gz	PMC5539754.nxml.gz_53	8733	8811	self	VBN	8797	8801	O	None	None	None
1568	PMC5539754.nxml.gz	PMC5539754.nxml.gz_53	8733	8811	-	:	8801	8802	O	None	None	None
1569	PMC5539754.nxml.gz	PMC5539754.nxml.gz_53	8733	8811	reported	VBN	8802	8810	O	None	None	None
1570	PMC5539754.nxml.gz	PMC5539754.nxml.gz_53	8733	8811	.	.	8810	8811	O	None	None	None
1571	PMC5539754.nxml.gz	PMC5539754.nxml.gz_54	8812	8995	Fasting	VBG	8812	8819	O	None	None	None
1572	PMC5539754.nxml.gz	PMC5539754.nxml.gz_54	8812	8995	serum	NN	8820	8825	O	None	None	None
1573	PMC5539754.nxml.gz	PMC5539754.nxml.gz_54	8812	8995	blood	NN	8826	8831	O	None	None	None
1574	PMC5539754.nxml.gz	PMC5539754.nxml.gz_54	8812	8995	samples	NNS	8832	8839	O	None	None	None
1575	PMC5539754.nxml.gz	PMC5539754.nxml.gz_54	8812	8995	were	VBD	8840	8844	O	None	None	None
1576	PMC5539754.nxml.gz	PMC5539754.nxml.gz_54	8812	8995	collected	VBN	8845	8854	O	None	None	None
1577	PMC5539754.nxml.gz	PMC5539754.nxml.gz_54	8812	8995	at	IN	8855	8857	O	None	None	None
1578	PMC5539754.nxml.gz	PMC5539754.nxml.gz_54	8812	8995	the	DT	8858	8861	O	None	None	None
1579	PMC5539754.nxml.gz	PMC5539754.nxml.gz_54	8812	8995	first	JJ	8862	8867	O	None	None	None
1580	PMC5539754.nxml.gz	PMC5539754.nxml.gz_54	8812	8995	antenatal	JJ	8868	8877	O	None	None	None
1581	PMC5539754.nxml.gz	PMC5539754.nxml.gz_54	8812	8995	visit	NN	8878	8883	O	None	None	None
1582	PMC5539754.nxml.gz	PMC5539754.nxml.gz_54	8812	8995	(	(	8884	8885	O	None	None	None
1583	PMC5539754.nxml.gz	PMC5539754.nxml.gz_54	8812	8995	early	JJ	8885	8890	O	None	None	None
1584	PMC5539754.nxml.gz	PMC5539754.nxml.gz_54	8812	8995	pregnancy	NN	8891	8900	O	None	None	None
1585	PMC5539754.nxml.gz	PMC5539754.nxml.gz_54	8812	8995	)	)	8900	8901	O	None	None	None
1586	PMC5539754.nxml.gz	PMC5539754.nxml.gz_54	8812	8995	and	CC	8902	8905	O	None	None	None
1587	PMC5539754.nxml.gz	PMC5539754.nxml.gz_54	8812	8995	at	IN	8906	8908	O	None	None	None
1588	PMC5539754.nxml.gz	PMC5539754.nxml.gz_54	8812	8995	the	DT	8909	8912	O	None	None	None
1589	PMC5539754.nxml.gz	PMC5539754.nxml.gz_54	8812	8995	28	CD	8913	8915	O	None	None	None
1590	PMC5539754.nxml.gz	PMC5539754.nxml.gz_54	8812	8995	-	:	8915	8916	O	None	None	None
1591	PMC5539754.nxml.gz	PMC5539754.nxml.gz_54	8812	8995	week	NN	8916	8920	O	None	None	None
1592	PMC5539754.nxml.gz	PMC5539754.nxml.gz_54	8812	8995	gestation	NN	8921	8930	O	None	None	None
1593	PMC5539754.nxml.gz	PMC5539754.nxml.gz_54	8812	8995	visit	NN	8931	8936	O	None	None	None
1594	PMC5539754.nxml.gz	PMC5539754.nxml.gz_54	8812	8995	(	(	8937	8938	O	None	None	None
1595	PMC5539754.nxml.gz	PMC5539754.nxml.gz_54	8812	8995	late	JJ	8938	8942	O	None	None	None
1596	PMC5539754.nxml.gz	PMC5539754.nxml.gz_54	8812	8995	pregnancy	NN	8943	8952	O	None	None	None
1597	PMC5539754.nxml.gz	PMC5539754.nxml.gz_54	8812	8995	)	)	8952	8953	O	None	None	None
1598	PMC5539754.nxml.gz	PMC5539754.nxml.gz_54	8812	8995	for	IN	8954	8957	O	None	None	None
1599	PMC5539754.nxml.gz	PMC5539754.nxml.gz_54	8812	8995	the	DT	8958	8961	O	None	None	None
1600	PMC5539754.nxml.gz	PMC5539754.nxml.gz_54	8812	8995	measurement	NN	8962	8973	O	None	None	None
1601	PMC5539754.nxml.gz	PMC5539754.nxml.gz_54	8812	8995	of	IN	8974	8976	O	None	None	None
1602	PMC5539754.nxml.gz	PMC5539754.nxml.gz_54	8812	8995	insulin	NN	8977	8984	O	None	None	None
1603	PMC5539754.nxml.gz	PMC5539754.nxml.gz_54	8812	8995	and	CC	8985	8988	O	None	None	None
1604	PMC5539754.nxml.gz	PMC5539754.nxml.gz_54	8812	8995	25OHD	CD	8989	8994	O	None	None	None
1605	PMC5539754.nxml.gz	PMC5539754.nxml.gz_54	8812	8995	.	.	8994	8995	O	None	None	None
1606	PMC5539754.nxml.gz	PMC5539754.nxml.gz_55	8996	9149	Fasting	VBG	8996	9003	O	None	None	None
1607	PMC5539754.nxml.gz	PMC5539754.nxml.gz_55	8996	9149	blood	NN	9004	9009	O	None	None	None
1608	PMC5539754.nxml.gz	PMC5539754.nxml.gz_55	8996	9149	glucose	NN	9010	9017	O	None	None	None
1609	PMC5539754.nxml.gz	PMC5539754.nxml.gz_55	8996	9149	was	VBD	9018	9021	O	None	None	None
1610	PMC5539754.nxml.gz	PMC5539754.nxml.gz_55	8996	9149	measured	VBN	9022	9030	O	None	None	None
1611	PMC5539754.nxml.gz	PMC5539754.nxml.gz_55	8996	9149	at	IN	9031	9033	O	None	None	None
1612	PMC5539754.nxml.gz	PMC5539754.nxml.gz_55	8996	9149	both	DT	9034	9038	O	None	None	None
1613	PMC5539754.nxml.gz	PMC5539754.nxml.gz_55	8996	9149	time	NN	9039	9043	O	None	None	None
1614	PMC5539754.nxml.gz	PMC5539754.nxml.gz_55	8996	9149	points	NNS	9044	9050	O	None	None	None
1615	PMC5539754.nxml.gz	PMC5539754.nxml.gz_55	8996	9149	,	,	9050	9051	O	None	None	None
1616	PMC5539754.nxml.gz	PMC5539754.nxml.gz_55	8996	9149	and	CC	9052	9055	O	None	None	None
1617	PMC5539754.nxml.gz	PMC5539754.nxml.gz_55	8996	9149	a	DT	9056	9057	O	None	None	None
1618	PMC5539754.nxml.gz	PMC5539754.nxml.gz_55	8996	9149	glucose	JJ	9058	9065	O	None	None	None
1619	PMC5539754.nxml.gz	PMC5539754.nxml.gz_55	8996	9149	challenge	NN	9066	9075	O	None	None	None
1620	PMC5539754.nxml.gz	PMC5539754.nxml.gz_55	8996	9149	test	NN	9076	9080	O	None	None	None
1621	PMC5539754.nxml.gz	PMC5539754.nxml.gz_55	8996	9149	(	(	9081	9082	O	None	None	None
1622	PMC5539754.nxml.gz	PMC5539754.nxml.gz_55	8996	9149	1	CD	9082	9083	O	None	None	None
1623	PMC5539754.nxml.gz	PMC5539754.nxml.gz_55	8996	9149	-	:	9083	9084	O	None	None	None
1624	PMC5539754.nxml.gz	PMC5539754.nxml.gz_55	8996	9149	h	NN	9084	9085	O	None	None	None
1625	PMC5539754.nxml.gz	PMC5539754.nxml.gz_55	8996	9149	post	NN	9086	9090	O	None	None	None
1626	PMC5539754.nxml.gz	PMC5539754.nxml.gz_55	8996	9149	a	DT	9091	9092	O	None	None	None
1627	PMC5539754.nxml.gz	PMC5539754.nxml.gz_55	8996	9149	50	CD	9093	9095	O	None	None	None
1628	PMC5539754.nxml.gz	PMC5539754.nxml.gz_55	8996	9149	-	:	9095	9096	O	None	None	None
1629	PMC5539754.nxml.gz	PMC5539754.nxml.gz_55	8996	9149	g	NN	9096	9097	O	None	None	None
1630	PMC5539754.nxml.gz	PMC5539754.nxml.gz_55	8996	9149	glucose	JJ	9098	9105	O	None	None	None
1631	PMC5539754.nxml.gz	PMC5539754.nxml.gz_55	8996	9149	load	NN	9106	9110	O	None	None	None
1632	PMC5539754.nxml.gz	PMC5539754.nxml.gz_55	8996	9149	)	)	9110	9111	O	None	None	None
1633	PMC5539754.nxml.gz	PMC5539754.nxml.gz_55	8996	9149	was	VBD	9112	9115	O	None	None	None
1634	PMC5539754.nxml.gz	PMC5539754.nxml.gz_55	8996	9149	performed	VBN	9116	9125	O	None	None	None
1635	PMC5539754.nxml.gz	PMC5539754.nxml.gz_55	8996	9149	at	IN	9126	9128	O	None	None	None
1636	PMC5539754.nxml.gz	PMC5539754.nxml.gz_55	8996	9149	28	CD	9129	9131	O	None	None	None
1637	PMC5539754.nxml.gz	PMC5539754.nxml.gz_55	8996	9149	weeks	NNS	9132	9137	O	None	None	None
1638	PMC5539754.nxml.gz	PMC5539754.nxml.gz_55	8996	9149	’	JJ	9137	9138	O	None	None	None
1639	PMC5539754.nxml.gz	PMC5539754.nxml.gz_55	8996	9149	gestation	NN	9139	9148	O	None	None	None
1640	PMC5539754.nxml.gz	PMC5539754.nxml.gz_55	8996	9149	.	.	9148	9149	O	None	None	None
1641	PMC5539754.nxml.gz	PMC5539754.nxml.gz_56	9151	9340	Laboratory	NN	9151	9161	O	None	None	None
1642	PMC5539754.nxml.gz	PMC5539754.nxml.gz_56	9151	9340	analysis	NN	9162	9170	O	None	None	None
1643	PMC5539754.nxml.gz	PMC5539754.nxml.gz_56	9151	9340	Serum	NNP	9171	9176	O	None	None	None
1644	PMC5539754.nxml.gz	PMC5539754.nxml.gz_56	9151	9340	25OHD	CD	9177	9182	O	None	None	None
1645	PMC5539754.nxml.gz	PMC5539754.nxml.gz_56	9151	9340	concentrations	NNS	9183	9197	O	None	None	None
1646	PMC5539754.nxml.gz	PMC5539754.nxml.gz_56	9151	9340	were	VBD	9198	9202	O	None	None	None
1647	PMC5539754.nxml.gz	PMC5539754.nxml.gz_56	9151	9340	determined	VBN	9203	9213	O	None	None	None
1648	PMC5539754.nxml.gz	PMC5539754.nxml.gz_56	9151	9340	using	VBG	9214	9219	O	None	None	None
1649	PMC5539754.nxml.gz	PMC5539754.nxml.gz_56	9151	9340	the	DT	9220	9223	O	None	None	None
1650	PMC5539754.nxml.gz	PMC5539754.nxml.gz_56	9151	9340	Elecsys	NNP	9224	9231	O	None	None	None
1651	PMC5539754.nxml.gz	PMC5539754.nxml.gz_56	9151	9340	Vitamin	NNP	9232	9239	O	None	None	None
1652	PMC5539754.nxml.gz	PMC5539754.nxml.gz_56	9151	9340	D	NNP	9240	9241	O	None	None	None
1653	PMC5539754.nxml.gz	PMC5539754.nxml.gz_56	9151	9340	Total	NNP	9242	9247	O	None	None	None
1654	PMC5539754.nxml.gz	PMC5539754.nxml.gz_56	9151	9340	(	(	9248	9249	O	None	None	None
1655	PMC5539754.nxml.gz	PMC5539754.nxml.gz_56	9151	9340	Roche	NNP	9249	9254	O	None	None	None
1656	PMC5539754.nxml.gz	PMC5539754.nxml.gz_56	9151	9340	Diagnostics	NNP	9255	9266	O	None	None	None
1657	PMC5539754.nxml.gz	PMC5539754.nxml.gz_56	9151	9340	GmbH	NNP	9267	9271	O	None	None	None
1658	PMC5539754.nxml.gz	PMC5539754.nxml.gz_56	9151	9340	,	,	9271	9272	O	None	None	None
1659	PMC5539754.nxml.gz	PMC5539754.nxml.gz_56	9151	9340	Mannheim	NNP	9273	9281	O	None	None	None
1660	PMC5539754.nxml.gz	PMC5539754.nxml.gz_56	9151	9340	,	,	9281	9282	O	None	None	None
1661	PMC5539754.nxml.gz	PMC5539754.nxml.gz_56	9151	9340	Germany	NNP	9283	9290	O	None	None	None
1662	PMC5539754.nxml.gz	PMC5539754.nxml.gz_56	9151	9340	)	)	9290	9291	O	None	None	None
1663	PMC5539754.nxml.gz	PMC5539754.nxml.gz_56	9151	9340	automated	VBD	9292	9301	O	None	None	None
1664	PMC5539754.nxml.gz	PMC5539754.nxml.gz_56	9151	9340	competitive	JJ	9302	9313	O	None	None	None
1665	PMC5539754.nxml.gz	PMC5539754.nxml.gz_56	9151	9340	binding	NN	9314	9321	O	None	None	None
1666	PMC5539754.nxml.gz	PMC5539754.nxml.gz_56	9151	9340	protein	NNS	9322	9329	O	None	None	None
1667	PMC5539754.nxml.gz	PMC5539754.nxml.gz_56	9151	9340	assay	VBP	9330	9335	O	None	None	None
1668	PMC5539754.nxml.gz	PMC5539754.nxml.gz_56	9151	9340	[	JJ	9336	9337	O	None	None	None
1669	PMC5539754.nxml.gz	PMC5539754.nxml.gz_56	9151	9340	3	CD	9337	9338	O	None	None	None
1670	PMC5539754.nxml.gz	PMC5539754.nxml.gz_56	9151	9340	].	NN	9338	9340	O	None	None	None
1671	PMC5539754.nxml.gz	PMC5539754.nxml.gz_57	9341	9569	The	DT	9341	9344	O	None	None	None
1672	PMC5539754.nxml.gz	PMC5539754.nxml.gz_57	9341	9569	coefficients	NNS	9345	9357	O	None	None	None
1673	PMC5539754.nxml.gz	PMC5539754.nxml.gz_57	9341	9569	of	IN	9358	9360	O	None	None	None
1674	PMC5539754.nxml.gz	PMC5539754.nxml.gz_57	9341	9569	variation	NN	9361	9370	O	None	None	None
1675	PMC5539754.nxml.gz	PMC5539754.nxml.gz_57	9341	9569	(	(	9371	9372	O	None	None	None
1676	PMC5539754.nxml.gz	PMC5539754.nxml.gz_57	9341	9569	CV	NNP	9372	9374	O	None	None	None
1677	PMC5539754.nxml.gz	PMC5539754.nxml.gz_57	9341	9569	)	)	9374	9375	O	None	None	None
1678	PMC5539754.nxml.gz	PMC5539754.nxml.gz_57	9341	9569	for	IN	9376	9379	O	None	None	None
1679	PMC5539754.nxml.gz	PMC5539754.nxml.gz_57	9341	9569	the	DT	9380	9383	O	None	None	None
1680	PMC5539754.nxml.gz	PMC5539754.nxml.gz_57	9341	9569	25OHD	CD	9384	9389	O	None	None	None
1681	PMC5539754.nxml.gz	PMC5539754.nxml.gz_57	9341	9569	assay	NN	9390	9395	O	None	None	None
1682	PMC5539754.nxml.gz	PMC5539754.nxml.gz_57	9341	9569	determined	VBN	9396	9406	O	None	None	None
1683	PMC5539754.nxml.gz	PMC5539754.nxml.gz_57	9341	9569	at	IN	9407	9409	O	None	None	None
1684	PMC5539754.nxml.gz	PMC5539754.nxml.gz_57	9341	9569	assay	JJ	9410	9415	O	None	None	None
1685	PMC5539754.nxml.gz	PMC5539754.nxml.gz_57	9341	9569	verification	NN	9416	9428	O	None	None	None
1686	PMC5539754.nxml.gz	PMC5539754.nxml.gz_57	9341	9569	were	VBD	9429	9433	O	None	None	None
1687	PMC5539754.nxml.gz	PMC5539754.nxml.gz_57	9341	9569	as	IN	9434	9436	O	None	None	None
1688	PMC5539754.nxml.gz	PMC5539754.nxml.gz_57	9341	9569	follows	VBZ	9437	9444	O	None	None	None
1689	PMC5539754.nxml.gz	PMC5539754.nxml.gz_57	9341	9569	:	:	9444	9445	O	None	None	None
1690	PMC5539754.nxml.gz	PMC5539754.nxml.gz_57	9341	9569	inter	NN	9446	9451	O	None	None	None
1691	PMC5539754.nxml.gz	PMC5539754.nxml.gz_57	9341	9569	-	:	9451	9452	O	None	None	None
1692	PMC5539754.nxml.gz	PMC5539754.nxml.gz_57	9341	9569	assay	NN	9452	9457	O	None	None	None
1693	PMC5539754.nxml.gz	PMC5539754.nxml.gz_57	9341	9569	CV	NNP	9458	9460	O	None	None	None
1694	PMC5539754.nxml.gz	PMC5539754.nxml.gz_57	9341	9569	,	,	9460	9461	O	None	None	None
1695	PMC5539754.nxml.gz	PMC5539754.nxml.gz_57	9341	9569	8	CD	9462	9463	O	None	None	None
1696	PMC5539754.nxml.gz	PMC5539754.nxml.gz_57	9341	9569	.	.	9463	9464	O	None	None	None
1697	PMC5539754.nxml.gz	PMC5539754.nxml.gz_57	9341	9569	9	CD	9464	9465	O	None	None	None
1698	PMC5539754.nxml.gz	PMC5539754.nxml.gz_57	9341	9569	%	NN	9465	9466	O	None	None	None
1699	PMC5539754.nxml.gz	PMC5539754.nxml.gz_57	9341	9569	at	IN	9467	9469	O	None	None	None
1700	PMC5539754.nxml.gz	PMC5539754.nxml.gz_57	9341	9569	a	DT	9470	9471	O	None	None	None
1701	PMC5539754.nxml.gz	PMC5539754.nxml.gz_57	9341	9569	concentration	NN	9472	9485	O	None	None	None
1702	PMC5539754.nxml.gz	PMC5539754.nxml.gz_57	9341	9569	of	IN	9486	9488	O	None	None	None
1703	PMC5539754.nxml.gz	PMC5539754.nxml.gz_57	9341	9569	49	CD	9489	9491	O	None	None	None
1704	PMC5539754.nxml.gz	PMC5539754.nxml.gz_57	9341	9569	.	.	9491	9492	O	None	None	None
1705	PMC5539754.nxml.gz	PMC5539754.nxml.gz_57	9341	9569	5	CD	9492	9493	O	None	None	None
1706	PMC5539754.nxml.gz	PMC5539754.nxml.gz_57	9341	9569	nmol	JJ	9494	9498	O	None	None	None
1707	PMC5539754.nxml.gz	PMC5539754.nxml.gz_57	9341	9569	/	NNP	9498	9499	O	None	None	None
1708	PMC5539754.nxml.gz	PMC5539754.nxml.gz_57	9341	9569	L	NNP	9499	9500	O	None	None	None
1709	PMC5539754.nxml.gz	PMC5539754.nxml.gz_57	9341	9569	and	CC	9501	9504	O	None	None	None
1710	PMC5539754.nxml.gz	PMC5539754.nxml.gz_57	9341	9569	3	CD	9505	9506	O	None	None	None
1711	PMC5539754.nxml.gz	PMC5539754.nxml.gz_57	9341	9569	.	.	9506	9507	O	None	None	None
1712	PMC5539754.nxml.gz	PMC5539754.nxml.gz_57	9341	9569	7	CD	9507	9508	O	None	None	None
1713	PMC5539754.nxml.gz	PMC5539754.nxml.gz_57	9341	9569	%	NN	9508	9509	O	None	None	None
1714	PMC5539754.nxml.gz	PMC5539754.nxml.gz_57	9341	9569	at	IN	9510	9512	O	None	None	None
1715	PMC5539754.nxml.gz	PMC5539754.nxml.gz_57	9341	9569	103	CD	9513	9516	O	None	None	None
1716	PMC5539754.nxml.gz	PMC5539754.nxml.gz_57	9341	9569	nmol	JJ	9517	9521	O	None	None	None
1717	PMC5539754.nxml.gz	PMC5539754.nxml.gz_57	9341	9569	/	NN	9521	9522	O	None	None	None
1718	PMC5539754.nxml.gz	PMC5539754.nxml.gz_57	9341	9569	L	NNP	9522	9523	O	None	None	None
1719	PMC5539754.nxml.gz	PMC5539754.nxml.gz_57	9341	9569	(	(	9524	9525	O	None	None	None
1720	PMC5539754.nxml.gz	PMC5539754.nxml.gz_57	9341	9569	intra	JJ	9525	9530	O	None	None	None
1721	PMC5539754.nxml.gz	PMC5539754.nxml.gz_57	9341	9569	-	:	9530	9531	O	None	None	None
1722	PMC5539754.nxml.gz	PMC5539754.nxml.gz_57	9341	9569	assay	NN	9531	9536	O	None	None	None
1723	PMC5539754.nxml.gz	PMC5539754.nxml.gz_57	9341	9569	CV	NNP	9537	9539	O	None	None	None
1724	PMC5539754.nxml.gz	PMC5539754.nxml.gz_57	9341	9569	,	,	9539	9540	O	None	None	None
1725	PMC5539754.nxml.gz	PMC5539754.nxml.gz_57	9341	9569	2	CD	9541	9542	O	None	None	None
1726	PMC5539754.nxml.gz	PMC5539754.nxml.gz_57	9341	9569	.	.	9542	9543	O	None	None	None
1727	PMC5539754.nxml.gz	PMC5539754.nxml.gz_57	9341	9569	9	CD	9543	9544	O	None	None	None
1728	PMC5539754.nxml.gz	PMC5539754.nxml.gz_57	9341	9569	%	NN	9544	9545	O	None	None	None
1729	PMC5539754.nxml.gz	PMC5539754.nxml.gz_57	9341	9569	and	CC	9546	9549	O	None	None	None
1730	PMC5539754.nxml.gz	PMC5539754.nxml.gz_57	9341	9569	1	CD	9550	9551	O	None	None	None
1731	PMC5539754.nxml.gz	PMC5539754.nxml.gz_57	9341	9569	.	.	9551	9552	O	None	None	None
1732	PMC5539754.nxml.gz	PMC5539754.nxml.gz_57	9341	9569	4	CD	9552	9553	O	None	None	None
1733	PMC5539754.nxml.gz	PMC5539754.nxml.gz_57	9341	9569	%	NN	9553	9554	O	None	None	None
1734	PMC5539754.nxml.gz	PMC5539754.nxml.gz_57	9341	9569	respectively	RB	9555	9567	O	None	None	None
1735	PMC5539754.nxml.gz	PMC5539754.nxml.gz_57	9341	9569	).	JJ	9567	9569	O	None	None	None
1736	PMC5539754.nxml.gz	PMC5539754.nxml.gz_58	9570	9762	To	TO	9570	9572	O	None	None	None
1737	PMC5539754.nxml.gz	PMC5539754.nxml.gz_58	9570	9762	ensure	VB	9573	9579	O	None	None	None
1738	PMC5539754.nxml.gz	PMC5539754.nxml.gz_58	9570	9762	a	DT	9580	9581	O	None	None	None
1739	PMC5539754.nxml.gz	PMC5539754.nxml.gz_58	9570	9762	high	JJ	9582	9586	O	None	None	None
1740	PMC5539754.nxml.gz	PMC5539754.nxml.gz_58	9570	9762	standard	NN	9587	9595	O	None	None	None
1741	PMC5539754.nxml.gz	PMC5539754.nxml.gz_58	9570	9762	of	IN	9596	9598	O	None	None	None
1742	PMC5539754.nxml.gz	PMC5539754.nxml.gz_58	9570	9762	analysis	NN	9599	9607	O	None	None	None
1743	PMC5539754.nxml.gz	PMC5539754.nxml.gz_58	9570	9762	for	IN	9608	9611	O	None	None	None
1744	PMC5539754.nxml.gz	PMC5539754.nxml.gz_58	9570	9762	serum	NN	9612	9617	O	None	None	None
1745	PMC5539754.nxml.gz	PMC5539754.nxml.gz_58	9570	9762	25OHD	CD	9618	9623	O	None	None	None
1746	PMC5539754.nxml.gz	PMC5539754.nxml.gz_58	9570	9762	concentrations	NNS	9624	9638	O	None	None	None
1747	PMC5539754.nxml.gz	PMC5539754.nxml.gz_58	9570	9762	,	,	9638	9639	O	None	None	None
1748	PMC5539754.nxml.gz	PMC5539754.nxml.gz_58	9570	9762	the	DT	9640	9643	O	None	None	None
1749	PMC5539754.nxml.gz	PMC5539754.nxml.gz_58	9570	9762	laboratory	NN	9644	9654	O	None	None	None
1750	PMC5539754.nxml.gz	PMC5539754.nxml.gz_58	9570	9762	participates	VBZ	9655	9667	O	None	None	None
1751	PMC5539754.nxml.gz	PMC5539754.nxml.gz_58	9570	9762	in	IN	9668	9670	O	None	None	None
1752	PMC5539754.nxml.gz	PMC5539754.nxml.gz_58	9570	9762	an	DT	9671	9673	O	None	None	None
1753	PMC5539754.nxml.gz	PMC5539754.nxml.gz_58	9570	9762	external	JJ	9674	9682	O	None	None	None
1754	PMC5539754.nxml.gz	PMC5539754.nxml.gz_58	9570	9762	quality	NN	9683	9690	O	None	None	None
1755	PMC5539754.nxml.gz	PMC5539754.nxml.gz_58	9570	9762	assurance	NN	9691	9700	O	None	None	None
1756	PMC5539754.nxml.gz	PMC5539754.nxml.gz_58	9570	9762	scheme	NN	9701	9707	O	None	None	None
1757	PMC5539754.nxml.gz	PMC5539754.nxml.gz_58	9570	9762	;	:	9707	9708	O	None	None	None
1758	PMC5539754.nxml.gz	PMC5539754.nxml.gz_58	9570	9762	Vitamin	NNP	9709	9716	O	None	None	None
1759	PMC5539754.nxml.gz	PMC5539754.nxml.gz_58	9570	9762	D	NNP	9717	9718	O	None	None	None
1760	PMC5539754.nxml.gz	PMC5539754.nxml.gz_58	9570	9762	External	NNP	9719	9727	O	None	None	None
1761	PMC5539754.nxml.gz	PMC5539754.nxml.gz_58	9570	9762	Quality	NNP	9728	9735	O	None	None	None
1762	PMC5539754.nxml.gz	PMC5539754.nxml.gz_58	9570	9762	Assessment	NNP	9736	9746	O	None	None	None
1763	PMC5539754.nxml.gz	PMC5539754.nxml.gz_58	9570	9762	Scheme	NNP	9747	9753	O	None	None	None
1764	PMC5539754.nxml.gz	PMC5539754.nxml.gz_58	9570	9762	(	(	9754	9755	O	None	None	None
1765	PMC5539754.nxml.gz	PMC5539754.nxml.gz_58	9570	9762	DEQAS	NNP	9755	9760	O	None	None	None
1766	PMC5539754.nxml.gz	PMC5539754.nxml.gz_58	9570	9762	).	NNP	9760	9762	O	None	None	None
1767	PMC5539754.nxml.gz	PMC5539754.nxml.gz_59	9763	9863	Multianalyte	NNP	9763	9775	O	None	None	None
1768	PMC5539754.nxml.gz	PMC5539754.nxml.gz_59	9763	9863	profiling	NN	9776	9785	O	None	None	None
1769	PMC5539754.nxml.gz	PMC5539754.nxml.gz_59	9763	9863	was	VBD	9786	9789	O	None	None	None
1770	PMC5539754.nxml.gz	PMC5539754.nxml.gz_59	9763	9863	performed	VBN	9790	9799	O	None	None	None
1771	PMC5539754.nxml.gz	PMC5539754.nxml.gz_59	9763	9863	on	IN	9800	9802	O	None	None	None
1772	PMC5539754.nxml.gz	PMC5539754.nxml.gz_59	9763	9863	the	DT	9803	9806	O	None	None	None
1773	PMC5539754.nxml.gz	PMC5539754.nxml.gz_59	9763	9863	Luminex	NNP	9807	9814	O	None	None	None
1774	PMC5539754.nxml.gz	PMC5539754.nxml.gz_59	9763	9863	Magpix	NNP	9815	9821	O	None	None	None
1775	PMC5539754.nxml.gz	PMC5539754.nxml.gz_59	9763	9863	system	NN	9822	9828	O	None	None	None
1776	PMC5539754.nxml.gz	PMC5539754.nxml.gz_59	9763	9863	(	(	9829	9830	O	None	None	None
1777	PMC5539754.nxml.gz	PMC5539754.nxml.gz_59	9763	9863	Luminex	NNP	9830	9837	O	None	None	None
1778	PMC5539754.nxml.gz	PMC5539754.nxml.gz_59	9763	9863	Corporation	NNP	9838	9849	O	None	None	None
1779	PMC5539754.nxml.gz	PMC5539754.nxml.gz_59	9763	9863	Austin	NNP	9850	9856	O	None	None	None
1780	PMC5539754.nxml.gz	PMC5539754.nxml.gz_59	9763	9863	,	,	9856	9857	O	None	None	None
1781	PMC5539754.nxml.gz	PMC5539754.nxml.gz_59	9763	9863	USA	NNP	9858	9861	O	None	None	None
1782	PMC5539754.nxml.gz	PMC5539754.nxml.gz_59	9763	9863	).	NNP	9861	9863	O	None	None	None
1783	PMC5539754.nxml.gz	PMC5539754.nxml.gz_60	9864	9942	Plasma	NNP	9864	9870	O	None	None	None
1784	PMC5539754.nxml.gz	PMC5539754.nxml.gz_60	9864	9942	concentrations	NNS	9871	9885	O	None	None	None
1785	PMC5539754.nxml.gz	PMC5539754.nxml.gz_60	9864	9942	of	IN	9886	9888	O	None	None	None
1786	PMC5539754.nxml.gz	PMC5539754.nxml.gz_60	9864	9942	insulin	NN	9889	9896	O	None	None	None
1787	PMC5539754.nxml.gz	PMC5539754.nxml.gz_60	9864	9942	were	VBD	9897	9901	O	None	None	None
1788	PMC5539754.nxml.gz	PMC5539754.nxml.gz_60	9864	9942	determined	VBN	9902	9912	O	None	None	None
1789	PMC5539754.nxml.gz	PMC5539754.nxml.gz_60	9864	9942	by	IN	9913	9915	O	None	None	None
1790	PMC5539754.nxml.gz	PMC5539754.nxml.gz_60	9864	9942	the	DT	9916	9919	O	None	None	None
1791	PMC5539754.nxml.gz	PMC5539754.nxml.gz_60	9864	9942	Human	NNP	9920	9925	B	NCBITaxon_EXT_2021_10_26_Instance_3634	None	None
1792	PMC5539754.nxml.gz	PMC5539754.nxml.gz_60	9864	9942	Endocrine	NNP	9926	9935	O	None	None	None
1793	PMC5539754.nxml.gz	PMC5539754.nxml.gz_60	9864	9942	Panel	NNP	9936	9941	O	None	None	None
1794	PMC5539754.nxml.gz	PMC5539754.nxml.gz_60	9864	9942	.	.	9941	9942	O	None	None	None
1795	PMC5539754.nxml.gz	PMC5539754.nxml.gz_61	9943	10116	Maternal	NNP	9943	9951	O	None	None	None
1796	PMC5539754.nxml.gz	PMC5539754.nxml.gz_61	9943	10116	insulin	NN	9952	9959	O	None	None	None
1797	PMC5539754.nxml.gz	PMC5539754.nxml.gz_61	9943	10116	resistance	NN	9960	9970	O	None	None	None
1798	PMC5539754.nxml.gz	PMC5539754.nxml.gz_61	9943	10116	was	VBD	9971	9974	O	None	None	None
1799	PMC5539754.nxml.gz	PMC5539754.nxml.gz_61	9943	10116	calculated	VBN	9975	9985	O	None	None	None
1800	PMC5539754.nxml.gz	PMC5539754.nxml.gz_61	9943	10116	using	VBG	9986	9991	O	None	None	None
1801	PMC5539754.nxml.gz	PMC5539754.nxml.gz_61	9943	10116	the	DT	9992	9995	O	None	None	None
1802	PMC5539754.nxml.gz	PMC5539754.nxml.gz_61	9943	10116	Homeostasis	NNP	9996	10007	O	None	None	None
1803	PMC5539754.nxml.gz	PMC5539754.nxml.gz_61	9943	10116	Model	NNP	10008	10013	O	None	None	None
1804	PMC5539754.nxml.gz	PMC5539754.nxml.gz_61	9943	10116	Assessment	NNP	10014	10024	O	None	None	None
1805	PMC5539754.nxml.gz	PMC5539754.nxml.gz_61	9943	10116	(	(	10025	10026	O	None	None	None
1806	PMC5539754.nxml.gz	PMC5539754.nxml.gz_61	9943	10116	HOMA	NNP	10026	10030	O	None	None	None
1807	PMC5539754.nxml.gz	PMC5539754.nxml.gz_61	9943	10116	-	:	10030	10031	O	None	None	None
1808	PMC5539754.nxml.gz	PMC5539754.nxml.gz_61	9943	10116	IR	NN	10031	10033	O	None	None	None
1809	PMC5539754.nxml.gz	PMC5539754.nxml.gz_61	9943	10116	)	)	10033	10034	O	None	None	None
1810	PMC5539754.nxml.gz	PMC5539754.nxml.gz_61	9943	10116	equation	NN	10035	10043	O	None	None	None
1811	PMC5539754.nxml.gz	PMC5539754.nxml.gz_61	9943	10116	:	:	10043	10044	O	None	None	None
1812	PMC5539754.nxml.gz	PMC5539754.nxml.gz_61	9943	10116	[	NN	10045	10046	O	None	None	None
1813	PMC5539754.nxml.gz	PMC5539754.nxml.gz_61	9943	10116	fasting	VBG	10046	10053	O	None	None	None
1814	PMC5539754.nxml.gz	PMC5539754.nxml.gz_61	9943	10116	serum	JJ	10054	10059	O	None	None	None
1815	PMC5539754.nxml.gz	PMC5539754.nxml.gz_61	9943	10116	insulin	NN	10060	10067	O	None	None	None
1816	PMC5539754.nxml.gz	PMC5539754.nxml.gz_61	9943	10116	(	(	10068	10069	O	None	None	None
1817	PMC5539754.nxml.gz	PMC5539754.nxml.gz_61	9943	10116	μU	JJ	10069	10071	O	None	None	None
1818	PMC5539754.nxml.gz	PMC5539754.nxml.gz_61	9943	10116	/	NNP	10071	10072	O	None	None	None
1819	PMC5539754.nxml.gz	PMC5539754.nxml.gz_61	9943	10116	ml	NN	10072	10074	O	None	None	None
1820	PMC5539754.nxml.gz	PMC5539754.nxml.gz_61	9943	10116	)	)	10074	10075	O	None	None	None
1821	PMC5539754.nxml.gz	PMC5539754.nxml.gz_61	9943	10116	×	VBZ	10076	10077	O	None	None	None
1822	PMC5539754.nxml.gz	PMC5539754.nxml.gz_61	9943	10116	fasting	VBG	10078	10085	O	None	None	None
1823	PMC5539754.nxml.gz	PMC5539754.nxml.gz_61	9943	10116	plasma	NNS	10086	10092	O	None	None	None
1824	PMC5539754.nxml.gz	PMC5539754.nxml.gz_61	9943	10116	glucose	RB	10093	10100	O	None	None	None
1825	PMC5539754.nxml.gz	PMC5539754.nxml.gz_61	9943	10116	(	(	10101	10102	O	None	None	None
1826	PMC5539754.nxml.gz	PMC5539754.nxml.gz_61	9943	10116	mmol	JJ	10102	10106	O	None	None	None
1827	PMC5539754.nxml.gz	PMC5539754.nxml.gz_61	9943	10116	/	NNP	10106	10107	O	None	None	None
1828	PMC5539754.nxml.gz	PMC5539754.nxml.gz_61	9943	10116	l	NN	10107	10108	O	None	None	None
1829	PMC5539754.nxml.gz	PMC5539754.nxml.gz_61	9943	10116	)/	VBD	10108	10110	O	None	None	None
1830	PMC5539754.nxml.gz	PMC5539754.nxml.gz_61	9943	10116	22	CD	10110	10112	O	None	None	None
1831	PMC5539754.nxml.gz	PMC5539754.nxml.gz_61	9943	10116	.	.	10112	10113	O	None	None	None
1832	PMC5539754.nxml.gz	PMC5539754.nxml.gz_61	9943	10116	5	CD	10113	10114	O	None	None	None
1833	PMC5539754.nxml.gz	PMC5539754.nxml.gz_61	9943	10116	].	NN	10114	10116	O	None	None	None
1834	PMC5539754.nxml.gz	PMC5539754.nxml.gz_62	10118	10273	Statistical	JJ	10118	10129	O	None	None	None
1835	PMC5539754.nxml.gz	PMC5539754.nxml.gz_62	10118	10273	analysis	NN	10130	10138	O	None	None	None
1836	PMC5539754.nxml.gz	PMC5539754.nxml.gz_62	10118	10273	Serum	NNP	10139	10144	O	None	None	None
1837	PMC5539754.nxml.gz	PMC5539754.nxml.gz_62	10118	10273	25OHD	CD	10145	10150	O	None	None	None
1838	PMC5539754.nxml.gz	PMC5539754.nxml.gz_62	10118	10273	concentrations	NNS	10151	10165	O	None	None	None
1839	PMC5539754.nxml.gz	PMC5539754.nxml.gz_62	10118	10273	in	IN	10166	10168	O	None	None	None
1840	PMC5539754.nxml.gz	PMC5539754.nxml.gz_62	10118	10273	early	JJ	10169	10174	O	None	None	None
1841	PMC5539754.nxml.gz	PMC5539754.nxml.gz_62	10118	10273	pregnancy	NN	10175	10184	O	None	None	None
1842	PMC5539754.nxml.gz	PMC5539754.nxml.gz_62	10118	10273	were	VBD	10185	10189	O	None	None	None
1843	PMC5539754.nxml.gz	PMC5539754.nxml.gz_62	10118	10273	categorised	VBN	10190	10201	O	None	None	None
1844	PMC5539754.nxml.gz	PMC5539754.nxml.gz_62	10118	10273	according	VBG	10202	10211	O	None	None	None
1845	PMC5539754.nxml.gz	PMC5539754.nxml.gz_62	10118	10273	to	TO	10212	10214	O	None	None	None
1846	PMC5539754.nxml.gz	PMC5539754.nxml.gz_62	10118	10273	the	DT	10215	10218	O	None	None	None
1847	PMC5539754.nxml.gz	PMC5539754.nxml.gz_62	10118	10273	Institute	NNP	10219	10228	O	None	None	None
1848	PMC5539754.nxml.gz	PMC5539754.nxml.gz_62	10118	10273	of	IN	10229	10231	O	None	None	None
1849	PMC5539754.nxml.gz	PMC5539754.nxml.gz_62	10118	10273	Medicine	NNP	10232	10240	O	None	None	None
1850	PMC5539754.nxml.gz	PMC5539754.nxml.gz_62	10118	10273	;	:	10240	10241	O	None	None	None
1851	PMC5539754.nxml.gz	PMC5539754.nxml.gz_62	10118	10273	<	VBZ	10242	10243	O	None	None	None
1852	PMC5539754.nxml.gz	PMC5539754.nxml.gz_62	10118	10273	30	CD	10243	10245	O	None	None	None
1853	PMC5539754.nxml.gz	PMC5539754.nxml.gz_62	10118	10273	nmol	JJ	10246	10250	O	None	None	None
1854	PMC5539754.nxml.gz	PMC5539754.nxml.gz_62	10118	10273	/	NNP	10250	10251	O	None	None	None
1855	PMC5539754.nxml.gz	PMC5539754.nxml.gz_62	10118	10273	L	NNP	10251	10252	O	None	None	None
1856	PMC5539754.nxml.gz	PMC5539754.nxml.gz_62	10118	10273	and	CC	10253	10256	O	None	None	None
1857	PMC5539754.nxml.gz	PMC5539754.nxml.gz_62	10118	10273	<	$	10257	10258	O	None	None	None
1858	PMC5539754.nxml.gz	PMC5539754.nxml.gz_62	10118	10273	50	CD	10258	10260	O	None	None	None
1859	PMC5539754.nxml.gz	PMC5539754.nxml.gz_62	10118	10273	nmol	JJ	10261	10265	O	None	None	None
1860	PMC5539754.nxml.gz	PMC5539754.nxml.gz_62	10118	10273	/	NNP	10265	10266	O	None	None	None
1861	PMC5539754.nxml.gz	PMC5539754.nxml.gz_62	10118	10273	L	NNP	10266	10267	O	None	None	None
1862	PMC5539754.nxml.gz	PMC5539754.nxml.gz_62	10118	10273	[	VBD	10268	10269	O	None	None	None
1863	PMC5539754.nxml.gz	PMC5539754.nxml.gz_62	10118	10273	37	CD	10269	10271	O	None	None	None
1864	PMC5539754.nxml.gz	PMC5539754.nxml.gz_62	10118	10273	].	NN	10271	10273	O	None	None	None
1865	PMC5539754.nxml.gz	PMC5539754.nxml.gz_63	10274	10348	The	DT	10274	10277	O	None	None	None
1866	PMC5539754.nxml.gz	PMC5539754.nxml.gz_63	10274	10348	change	NN	10278	10284	O	None	None	None
1867	PMC5539754.nxml.gz	PMC5539754.nxml.gz_63	10274	10348	in	IN	10285	10287	O	None	None	None
1868	PMC5539754.nxml.gz	PMC5539754.nxml.gz_63	10274	10348	25OHD	CD	10288	10293	O	None	None	None
1869	PMC5539754.nxml.gz	PMC5539754.nxml.gz_63	10274	10348	from	IN	10294	10298	O	None	None	None
1870	PMC5539754.nxml.gz	PMC5539754.nxml.gz_63	10274	10348	early	JJ	10299	10304	O	None	None	None
1871	PMC5539754.nxml.gz	PMC5539754.nxml.gz_63	10274	10348	pregnancy	NN	10305	10314	O	None	None	None
1872	PMC5539754.nxml.gz	PMC5539754.nxml.gz_63	10274	10348	to	TO	10315	10317	O	None	None	None
1873	PMC5539754.nxml.gz	PMC5539754.nxml.gz_63	10274	10348	late	JJ	10318	10322	O	None	None	None
1874	PMC5539754.nxml.gz	PMC5539754.nxml.gz_63	10274	10348	pregnancy	NN	10323	10332	O	None	None	None
1875	PMC5539754.nxml.gz	PMC5539754.nxml.gz_63	10274	10348	was	VBD	10333	10336	O	None	None	None
1876	PMC5539754.nxml.gz	PMC5539754.nxml.gz_63	10274	10348	calculated	VBN	10337	10347	O	None	None	None
1877	PMC5539754.nxml.gz	PMC5539754.nxml.gz_63	10274	10348	.	.	10347	10348	O	None	None	None
1878	PMC5539754.nxml.gz	PMC5539754.nxml.gz_64	10349	10513	Participants	NNS	10349	10361	O	None	None	None
1879	PMC5539754.nxml.gz	PMC5539754.nxml.gz_64	10349	10513	were	VBD	10362	10366	O	None	None	None
1880	PMC5539754.nxml.gz	PMC5539754.nxml.gz_64	10349	10513	dichotomised	VBN	10367	10379	O	None	None	None
1881	PMC5539754.nxml.gz	PMC5539754.nxml.gz_64	10349	10513	into	IN	10380	10384	O	None	None	None
1882	PMC5539754.nxml.gz	PMC5539754.nxml.gz_64	10349	10513	the	DT	10385	10388	O	None	None	None
1883	PMC5539754.nxml.gz	PMC5539754.nxml.gz_64	10349	10513	season	NN	10389	10395	O	None	None	None
1884	PMC5539754.nxml.gz	PMC5539754.nxml.gz_64	10349	10513	during	IN	10396	10402	O	None	None	None
1885	PMC5539754.nxml.gz	PMC5539754.nxml.gz_64	10349	10513	which	WDT	10403	10408	O	None	None	None
1886	PMC5539754.nxml.gz	PMC5539754.nxml.gz_64	10349	10513	the	DT	10409	10412	O	None	None	None
1887	PMC5539754.nxml.gz	PMC5539754.nxml.gz_64	10349	10513	first	JJ	10413	10418	O	None	None	None
1888	PMC5539754.nxml.gz	PMC5539754.nxml.gz_64	10349	10513	antenatal	JJ	10419	10428	O	None	None	None
1889	PMC5539754.nxml.gz	PMC5539754.nxml.gz_64	10349	10513	visit	NN	10429	10434	O	None	None	None
1890	PMC5539754.nxml.gz	PMC5539754.nxml.gz_64	10349	10513	took	VBD	10435	10439	O	None	None	None
1891	PMC5539754.nxml.gz	PMC5539754.nxml.gz_64	10349	10513	place	NN	10440	10445	O	None	None	None
1892	PMC5539754.nxml.gz	PMC5539754.nxml.gz_64	10349	10513	;	:	10445	10446	O	None	None	None
1893	PMC5539754.nxml.gz	PMC5539754.nxml.gz_64	10349	10513	extended	VBN	10447	10455	O	None	None	None
1894	PMC5539754.nxml.gz	PMC5539754.nxml.gz_64	10349	10513	summer	NN	10456	10462	O	None	None	None
1895	PMC5539754.nxml.gz	PMC5539754.nxml.gz_64	10349	10513	(	(	10463	10464	O	None	None	None
1896	PMC5539754.nxml.gz	PMC5539754.nxml.gz_64	10349	10513	May	NNP	10464	10467	O	None	None	None
1897	PMC5539754.nxml.gz	PMC5539754.nxml.gz_64	10349	10513	–	NNP	10467	10468	O	None	None	None
1898	PMC5539754.nxml.gz	PMC5539754.nxml.gz_64	10349	10513	October	NNP	10468	10475	O	None	None	None
1899	PMC5539754.nxml.gz	PMC5539754.nxml.gz_64	10349	10513	)	)	10475	10476	O	None	None	None
1900	PMC5539754.nxml.gz	PMC5539754.nxml.gz_64	10349	10513	or	CC	10477	10479	O	None	None	None
1901	PMC5539754.nxml.gz	PMC5539754.nxml.gz_64	10349	10513	extended	VBN	10480	10488	O	None	None	None
1902	PMC5539754.nxml.gz	PMC5539754.nxml.gz_64	10349	10513	winter	NN	10489	10495	O	None	None	None
1903	PMC5539754.nxml.gz	PMC5539754.nxml.gz_64	10349	10513	(	(	10496	10497	O	None	None	None
1904	PMC5539754.nxml.gz	PMC5539754.nxml.gz_64	10349	10513	November	NNP	10497	10505	O	None	None	None
1905	PMC5539754.nxml.gz	PMC5539754.nxml.gz_64	10349	10513	–	NNP	10505	10506	O	None	None	None
1906	PMC5539754.nxml.gz	PMC5539754.nxml.gz_64	10349	10513	April	NNP	10506	10511	O	None	None	None
1907	PMC5539754.nxml.gz	PMC5539754.nxml.gz_64	10349	10513	).	NN	10511	10513	O	None	None	None
1908	PMC5539754.nxml.gz	PMC5539754.nxml.gz_65	10514	10617	Data	NNS	10514	10518	O	None	None	None
1909	PMC5539754.nxml.gz	PMC5539754.nxml.gz_65	10514	10617	were	VBD	10519	10523	O	None	None	None
1910	PMC5539754.nxml.gz	PMC5539754.nxml.gz_65	10514	10617	assessed	VBN	10524	10532	O	None	None	None
1911	PMC5539754.nxml.gz	PMC5539754.nxml.gz_65	10514	10617	for	IN	10533	10536	O	None	None	None
1912	PMC5539754.nxml.gz	PMC5539754.nxml.gz_65	10514	10617	normality	NN	10537	10546	O	None	None	None
1913	PMC5539754.nxml.gz	PMC5539754.nxml.gz_65	10514	10617	using	VBG	10547	10552	O	None	None	None
1914	PMC5539754.nxml.gz	PMC5539754.nxml.gz_65	10514	10617	the	DT	10553	10556	O	None	None	None
1915	PMC5539754.nxml.gz	PMC5539754.nxml.gz_65	10514	10617	Kolmogorov	NNP	10557	10567	O	None	None	None
1916	PMC5539754.nxml.gz	PMC5539754.nxml.gz_65	10514	10617	-	:	10567	10568	O	None	None	None
1917	PMC5539754.nxml.gz	PMC5539754.nxml.gz_65	10514	10617	Smirnov	NNP	10568	10575	O	None	None	None
1918	PMC5539754.nxml.gz	PMC5539754.nxml.gz_65	10514	10617	test	NN	10576	10580	O	None	None	None
1919	PMC5539754.nxml.gz	PMC5539754.nxml.gz_65	10514	10617	and	CC	10581	10584	O	None	None	None
1920	PMC5539754.nxml.gz	PMC5539754.nxml.gz_65	10514	10617	visual	JJ	10585	10591	O	None	None	None
1921	PMC5539754.nxml.gz	PMC5539754.nxml.gz_65	10514	10617	inspection	NN	10592	10602	O	None	None	None
1922	PMC5539754.nxml.gz	PMC5539754.nxml.gz_65	10514	10617	of	IN	10603	10605	O	None	None	None
1923	PMC5539754.nxml.gz	PMC5539754.nxml.gz_65	10514	10617	histograms	NNS	10606	10616	O	None	None	None
1924	PMC5539754.nxml.gz	PMC5539754.nxml.gz_65	10514	10617	.	.	10616	10617	O	None	None	None
1925	PMC5539754.nxml.gz	PMC5539754.nxml.gz_66	10618	10703	Non	NNP	10618	10621	O	None	None	None
1926	PMC5539754.nxml.gz	PMC5539754.nxml.gz_66	10618	10703	-	:	10621	10622	O	None	None	None
1927	PMC5539754.nxml.gz	PMC5539754.nxml.gz_66	10618	10703	normally	RB	10622	10630	O	None	None	None
1928	PMC5539754.nxml.gz	PMC5539754.nxml.gz_66	10618	10703	distributed	VBN	10631	10642	O	None	None	None
1929	PMC5539754.nxml.gz	PMC5539754.nxml.gz_66	10618	10703	variables	NNS	10643	10652	O	None	None	None
1930	PMC5539754.nxml.gz	PMC5539754.nxml.gz_66	10618	10703	were	VBD	10653	10657	O	None	None	None
1931	PMC5539754.nxml.gz	PMC5539754.nxml.gz_66	10618	10703	log	NN	10658	10661	O	None	None	None
1932	PMC5539754.nxml.gz	PMC5539754.nxml.gz_66	10618	10703	transformed	VBN	10662	10673	O	None	None	None
1933	PMC5539754.nxml.gz	PMC5539754.nxml.gz_66	10618	10703	prior	RB	10674	10679	O	None	None	None
1934	PMC5539754.nxml.gz	PMC5539754.nxml.gz_66	10618	10703	to	TO	10680	10682	O	None	None	None
1935	PMC5539754.nxml.gz	PMC5539754.nxml.gz_66	10618	10703	regression	NN	10683	10693	O	None	None	None
1936	PMC5539754.nxml.gz	PMC5539754.nxml.gz_66	10618	10703	analysis	NN	10694	10702	O	None	None	None
1937	PMC5539754.nxml.gz	PMC5539754.nxml.gz_66	10618	10703	.	.	10702	10703	O	None	None	None
1938	PMC5539754.nxml.gz	PMC5539754.nxml.gz_67	10704	10812	Maternal	JJ	10704	10712	O	None	None	None
1939	PMC5539754.nxml.gz	PMC5539754.nxml.gz_67	10704	10812	characteristics	NNS	10713	10728	O	None	None	None
1940	PMC5539754.nxml.gz	PMC5539754.nxml.gz_67	10704	10812	were	VBD	10729	10733	O	None	None	None
1941	PMC5539754.nxml.gz	PMC5539754.nxml.gz_67	10704	10812	explored	VBN	10734	10742	O	None	None	None
1942	PMC5539754.nxml.gz	PMC5539754.nxml.gz_67	10704	10812	using	VBG	10743	10748	O	None	None	None
1943	PMC5539754.nxml.gz	PMC5539754.nxml.gz_67	10704	10812	independent	JJ	10749	10760	O	None	None	None
1944	PMC5539754.nxml.gz	PMC5539754.nxml.gz_67	10704	10812	t	NN	10761	10762	O	None	None	None
1945	PMC5539754.nxml.gz	PMC5539754.nxml.gz_67	10704	10812	tests	NNS	10763	10768	O	None	None	None
1946	PMC5539754.nxml.gz	PMC5539754.nxml.gz_67	10704	10812	,	,	10768	10769	O	None	None	None
1947	PMC5539754.nxml.gz	PMC5539754.nxml.gz_67	10704	10812	Mann	NNP	10770	10774	O	None	None	None
1948	PMC5539754.nxml.gz	PMC5539754.nxml.gz_67	10704	10812	-	:	10774	10775	O	None	None	None
1949	PMC5539754.nxml.gz	PMC5539754.nxml.gz_67	10704	10812	Whitney	NNP	10775	10782	O	None	None	None
1950	PMC5539754.nxml.gz	PMC5539754.nxml.gz_67	10704	10812	U	NNP	10783	10784	O	None	None	None
1951	PMC5539754.nxml.gz	PMC5539754.nxml.gz_67	10704	10812	tests	NNS	10785	10790	O	None	None	None
1952	PMC5539754.nxml.gz	PMC5539754.nxml.gz_67	10704	10812	and	CC	10791	10794	O	None	None	None
1953	PMC5539754.nxml.gz	PMC5539754.nxml.gz_67	10704	10812	Chi	NNP	10795	10798	O	None	None	None
1954	PMC5539754.nxml.gz	PMC5539754.nxml.gz_67	10704	10812	-	:	10798	10799	O	None	None	None
1955	PMC5539754.nxml.gz	PMC5539754.nxml.gz_67	10704	10812	square	NN	10799	10805	O	None	None	None
1956	PMC5539754.nxml.gz	PMC5539754.nxml.gz_67	10704	10812	tests	NNS	10806	10811	O	None	None	None
1957	PMC5539754.nxml.gz	PMC5539754.nxml.gz_67	10704	10812	.	.	10811	10812	O	None	None	None
1958	PMC5539754.nxml.gz	PMC5539754.nxml.gz_68	10813	10949	Simple	JJ	10813	10819	O	None	None	None
1959	PMC5539754.nxml.gz	PMC5539754.nxml.gz_68	10813	10949	linear	JJ	10820	10826	O	None	None	None
1960	PMC5539754.nxml.gz	PMC5539754.nxml.gz_68	10813	10949	regression	NN	10827	10837	O	None	None	None
1961	PMC5539754.nxml.gz	PMC5539754.nxml.gz_68	10813	10949	was	VBD	10838	10841	O	None	None	None
1962	PMC5539754.nxml.gz	PMC5539754.nxml.gz_68	10813	10949	used	VBN	10842	10846	O	None	None	None
1963	PMC5539754.nxml.gz	PMC5539754.nxml.gz_68	10813	10949	to	TO	10847	10849	O	None	None	None
1964	PMC5539754.nxml.gz	PMC5539754.nxml.gz_68	10813	10949	determine	VB	10850	10859	O	None	None	None
1965	PMC5539754.nxml.gz	PMC5539754.nxml.gz_68	10813	10949	the	DT	10860	10863	O	None	None	None
1966	PMC5539754.nxml.gz	PMC5539754.nxml.gz_68	10813	10949	univariate	JJ	10864	10874	O	None	None	None
1967	PMC5539754.nxml.gz	PMC5539754.nxml.gz_68	10813	10949	associations	NNS	10875	10887	O	None	None	None
1968	PMC5539754.nxml.gz	PMC5539754.nxml.gz_68	10813	10949	between	IN	10888	10895	O	None	None	None
1969	PMC5539754.nxml.gz	PMC5539754.nxml.gz_68	10813	10949	metabolic	JJ	10896	10905	O	None	None	None
1970	PMC5539754.nxml.gz	PMC5539754.nxml.gz_68	10813	10949	markers	NNS	10906	10913	O	None	None	None
1971	PMC5539754.nxml.gz	PMC5539754.nxml.gz_68	10813	10949	,	,	10913	10914	O	None	None	None
1972	PMC5539754.nxml.gz	PMC5539754.nxml.gz_68	10813	10949	25OHD	CD	10915	10920	O	None	None	None
1973	PMC5539754.nxml.gz	PMC5539754.nxml.gz_68	10813	10949	,	,	10920	10921	O	None	None	None
1974	PMC5539754.nxml.gz	PMC5539754.nxml.gz_68	10813	10949	and	CC	10922	10925	O	None	None	None
1975	PMC5539754.nxml.gz	PMC5539754.nxml.gz_68	10813	10949	early	JJ	10926	10931	O	None	None	None
1976	PMC5539754.nxml.gz	PMC5539754.nxml.gz_68	10813	10949	-	:	10931	10932	O	None	None	None
1977	PMC5539754.nxml.gz	PMC5539754.nxml.gz_68	10813	10949	pregnancy	NN	10932	10941	O	None	None	None
1978	PMC5539754.nxml.gz	PMC5539754.nxml.gz_68	10813	10949	season	NN	10942	10948	O	None	None	None
1979	PMC5539754.nxml.gz	PMC5539754.nxml.gz_68	10813	10949	.	.	10948	10949	O	None	None	None
1980	PMC5539754.nxml.gz	PMC5539754.nxml.gz_69	10950	11061	Multiple	JJ	10950	10958	O	None	None	None
1981	PMC5539754.nxml.gz	PMC5539754.nxml.gz_69	10950	11061	linear	JJ	10959	10965	O	None	None	None
1982	PMC5539754.nxml.gz	PMC5539754.nxml.gz_69	10950	11061	regression	NN	10966	10976	O	None	None	None
1983	PMC5539754.nxml.gz	PMC5539754.nxml.gz_69	10950	11061	models	NNS	10977	10983	O	None	None	None
1984	PMC5539754.nxml.gz	PMC5539754.nxml.gz_69	10950	11061	were	VBD	10984	10988	O	None	None	None
1985	PMC5539754.nxml.gz	PMC5539754.nxml.gz_69	10950	11061	created	VBN	10989	10996	O	None	None	None
1986	PMC5539754.nxml.gz	PMC5539754.nxml.gz_69	10950	11061	using	VBG	10997	11002	O	None	None	None
1987	PMC5539754.nxml.gz	PMC5539754.nxml.gz_69	10950	11061	a	DT	11003	11004	O	None	None	None
1988	PMC5539754.nxml.gz	PMC5539754.nxml.gz_69	10950	11061	forced	VBN	11005	11011	O	None	None	None
1989	PMC5539754.nxml.gz	PMC5539754.nxml.gz_69	10950	11061	-	:	11011	11012	O	None	None	None
1990	PMC5539754.nxml.gz	PMC5539754.nxml.gz_69	10950	11061	enter	NN	11012	11017	O	None	None	None
1991	PMC5539754.nxml.gz	PMC5539754.nxml.gz_69	10950	11061	approach	NN	11018	11026	O	None	None	None
1992	PMC5539754.nxml.gz	PMC5539754.nxml.gz_69	10950	11061	and	CC	11027	11030	O	None	None	None
1993	PMC5539754.nxml.gz	PMC5539754.nxml.gz_69	10950	11061	were	VBD	11031	11035	O	None	None	None
1994	PMC5539754.nxml.gz	PMC5539754.nxml.gz_69	10950	11061	adjusted	VBN	11036	11044	O	None	None	None
1995	PMC5539754.nxml.gz	PMC5539754.nxml.gz_69	10950	11061	for	IN	11045	11048	O	None	None	None
1996	PMC5539754.nxml.gz	PMC5539754.nxml.gz_69	10950	11061	confounders	NNS	11049	11060	O	None	None	None
1997	PMC5539754.nxml.gz	PMC5539754.nxml.gz_69	10950	11061	.	.	11060	11061	O	None	None	None
1998	PMC5539754.nxml.gz	PMC5539754.nxml.gz_70	11062	11245	To	TO	11062	11064	O	None	None	None
1999	PMC5539754.nxml.gz	PMC5539754.nxml.gz_70	11062	11245	estimate	VB	11065	11073	O	None	None	None
2000	PMC5539754.nxml.gz	PMC5539754.nxml.gz_70	11062	11245	the	DT	11074	11077	O	None	None	None
2001	PMC5539754.nxml.gz	PMC5539754.nxml.gz_70	11062	11245	association	NN	11078	11089	O	None	None	None
2002	PMC5539754.nxml.gz	PMC5539754.nxml.gz_70	11062	11245	between	IN	11090	11097	O	None	None	None
2003	PMC5539754.nxml.gz	PMC5539754.nxml.gz_70	11062	11245	exposure	NN	11098	11106	O	None	None	None
2004	PMC5539754.nxml.gz	PMC5539754.nxml.gz_70	11062	11245	to	TO	11107	11109	O	None	None	None
2005	PMC5539754.nxml.gz	PMC5539754.nxml.gz_70	11062	11245	extended	VBN	11110	11118	O	None	None	None
2006	PMC5539754.nxml.gz	PMC5539754.nxml.gz_70	11062	11245	winter	NN	11119	11125	O	None	None	None
2007	PMC5539754.nxml.gz	PMC5539754.nxml.gz_70	11062	11245	and	CC	11126	11129	O	None	None	None
2008	PMC5539754.nxml.gz	PMC5539754.nxml.gz_70	11062	11245	the	DT	11130	11133	O	None	None	None
2009	PMC5539754.nxml.gz	PMC5539754.nxml.gz_70	11062	11245	transformed	JJ	11134	11145	O	None	None	None
2010	PMC5539754.nxml.gz	PMC5539754.nxml.gz_70	11062	11245	metabolic	JJ	11146	11155	O	None	None	None
2011	PMC5539754.nxml.gz	PMC5539754.nxml.gz_70	11062	11245	markers	NNS	11156	11163	O	None	None	None
2012	PMC5539754.nxml.gz	PMC5539754.nxml.gz_70	11062	11245	,	,	11163	11164	O	None	None	None
2013	PMC5539754.nxml.gz	PMC5539754.nxml.gz_70	11062	11245	the	DT	11165	11168	O	None	None	None
2014	PMC5539754.nxml.gz	PMC5539754.nxml.gz_70	11062	11245	reverse	JJ	11169	11176	O	None	None	None
2015	PMC5539754.nxml.gz	PMC5539754.nxml.gz_70	11062	11245	transformation	NN	11177	11191	O	None	None	None
2016	PMC5539754.nxml.gz	PMC5539754.nxml.gz_70	11062	11245	of	IN	11192	11194	O	None	None	None
2017	PMC5539754.nxml.gz	PMC5539754.nxml.gz_70	11062	11245	the	DT	11195	11198	O	None	None	None
2018	PMC5539754.nxml.gz	PMC5539754.nxml.gz_70	11062	11245	B	NNP	11199	11200	O	None	None	None
2019	PMC5539754.nxml.gz	PMC5539754.nxml.gz_70	11062	11245	values	NNS	11201	11207	O	None	None	None
2020	PMC5539754.nxml.gz	PMC5539754.nxml.gz_70	11062	11245	from	IN	11208	11212	O	None	None	None
2021	PMC5539754.nxml.gz	PMC5539754.nxml.gz_70	11062	11245	regression	NN	11213	11223	O	None	None	None
2022	PMC5539754.nxml.gz	PMC5539754.nxml.gz_70	11062	11245	models	NNS	11224	11230	O	None	None	None
2023	PMC5539754.nxml.gz	PMC5539754.nxml.gz_70	11062	11245	were	VBD	11231	11235	O	None	None	None
2024	PMC5539754.nxml.gz	PMC5539754.nxml.gz_70	11062	11245	computed	VBN	11236	11244	O	None	None	None
2025	PMC5539754.nxml.gz	PMC5539754.nxml.gz_70	11062	11245	.	.	11244	11245	O	None	None	None
2026	PMC5539754.nxml.gz	PMC5539754.nxml.gz_71	11246	11339	Percentage	NN	11246	11256	O	None	None	None
2027	PMC5539754.nxml.gz	PMC5539754.nxml.gz_71	11246	11339	differences	NNS	11257	11268	O	None	None	None
2028	PMC5539754.nxml.gz	PMC5539754.nxml.gz_71	11246	11339	in	IN	11269	11271	O	None	None	None
2029	PMC5539754.nxml.gz	PMC5539754.nxml.gz_71	11246	11339	metabolic	JJ	11272	11281	O	None	None	None
2030	PMC5539754.nxml.gz	PMC5539754.nxml.gz_71	11246	11339	markers	NNS	11282	11289	O	None	None	None
2031	PMC5539754.nxml.gz	PMC5539754.nxml.gz_71	11246	11339	were	VBD	11290	11294	O	None	None	None
2032	PMC5539754.nxml.gz	PMC5539754.nxml.gz_71	11246	11339	calculated	VBN	11295	11305	O	None	None	None
2033	PMC5539754.nxml.gz	PMC5539754.nxml.gz_71	11246	11339	using	VBG	11306	11311	O	None	None	None
2034	PMC5539754.nxml.gz	PMC5539754.nxml.gz_71	11246	11339	the	DT	11312	11315	O	None	None	None
2035	PMC5539754.nxml.gz	PMC5539754.nxml.gz_71	11246	11339	equation	NN	11316	11324	O	None	None	None
2036	PMC5539754.nxml.gz	PMC5539754.nxml.gz_71	11246	11339	:	:	11324	11325	O	None	None	None
2037	PMC5539754.nxml.gz	PMC5539754.nxml.gz_71	11246	11339	([	NN	11326	11328	O	None	None	None
2038	PMC5539754.nxml.gz	PMC5539754.nxml.gz_71	11246	11339	eB	SYM	11328	11330	O	None	None	None
2039	PMC5539754.nxml.gz	PMC5539754.nxml.gz_71	11246	11339	-	:	11330	11331	O	None	None	None
2040	PMC5539754.nxml.gz	PMC5539754.nxml.gz_71	11246	11339	1	CD	11331	11332	O	None	None	None
2041	PMC5539754.nxml.gz	PMC5539754.nxml.gz_71	11246	11339	]*	$	11332	11334	O	None	None	None
2042	PMC5539754.nxml.gz	PMC5539754.nxml.gz_71	11246	11339	100	CD	11334	11337	O	None	None	None
2043	PMC5539754.nxml.gz	PMC5539754.nxml.gz_71	11246	11339	).	NN	11337	11339	O	None	None	None
2044	PMC5539754.nxml.gz	PMC5539754.nxml.gz_72	11340	11447	We	PRP	11340	11342	O	None	None	None
2045	PMC5539754.nxml.gz	PMC5539754.nxml.gz_72	11340	11447	carried	VBD	11343	11350	O	None	None	None
2046	PMC5539754.nxml.gz	PMC5539754.nxml.gz_72	11340	11447	out	RP	11351	11354	O	None	None	None
2047	PMC5539754.nxml.gz	PMC5539754.nxml.gz_72	11340	11447	sensitivity	NN	11355	11366	O	None	None	None
2048	PMC5539754.nxml.gz	PMC5539754.nxml.gz_72	11340	11447	analysis	NN	11367	11375	O	None	None	None
2049	PMC5539754.nxml.gz	PMC5539754.nxml.gz_72	11340	11447	using	VBG	11376	11381	O	None	None	None
2050	PMC5539754.nxml.gz	PMC5539754.nxml.gz_72	11340	11447	different	JJ	11382	11391	O	None	None	None
2051	PMC5539754.nxml.gz	PMC5539754.nxml.gz_72	11340	11447	thresholds	NNS	11392	11402	O	None	None	None
2052	PMC5539754.nxml.gz	PMC5539754.nxml.gz_72	11340	11447	for	IN	11403	11406	O	None	None	None
2053	PMC5539754.nxml.gz	PMC5539754.nxml.gz_72	11340	11447	25OHD	CD	11407	11412	O	None	None	None
2054	PMC5539754.nxml.gz	PMC5539754.nxml.gz_72	11340	11447	in	IN	11413	11415	O	None	None	None
2055	PMC5539754.nxml.gz	PMC5539754.nxml.gz_72	11340	11447	the	DT	11416	11419	O	None	None	None
2056	PMC5539754.nxml.gz	PMC5539754.nxml.gz_72	11340	11447	multiple	JJ	11420	11428	O	None	None	None
2057	PMC5539754.nxml.gz	PMC5539754.nxml.gz_72	11340	11447	regression	NN	11429	11439	O	None	None	None
2058	PMC5539754.nxml.gz	PMC5539754.nxml.gz_72	11340	11447	models	NNS	11440	11446	O	None	None	None
2059	PMC5539754.nxml.gz	PMC5539754.nxml.gz_72	11340	11447	.	.	11446	11447	O	None	None	None
2060	PMC5539754.nxml.gz	PMC5539754.nxml.gz_73	11448	11554	Statistical	JJ	11448	11459	O	None	None	None
2061	PMC5539754.nxml.gz	PMC5539754.nxml.gz_73	11448	11554	analyses	NNS	11460	11468	O	None	None	None
2062	PMC5539754.nxml.gz	PMC5539754.nxml.gz_73	11448	11554	were	VBD	11469	11473	O	None	None	None
2063	PMC5539754.nxml.gz	PMC5539754.nxml.gz_73	11448	11554	performed	VBN	11474	11483	O	None	None	None
2064	PMC5539754.nxml.gz	PMC5539754.nxml.gz_73	11448	11554	using	VBG	11484	11489	O	None	None	None
2065	PMC5539754.nxml.gz	PMC5539754.nxml.gz_73	11448	11554	IBM	NNP	11490	11493	O	None	None	None
2066	PMC5539754.nxml.gz	PMC5539754.nxml.gz_73	11448	11554	SPSS	NNP	11494	11498	O	None	None	None
2067	PMC5539754.nxml.gz	PMC5539754.nxml.gz_73	11448	11554	Statistics	NNPS	11499	11509	O	None	None	None
2068	PMC5539754.nxml.gz	PMC5539754.nxml.gz_73	11448	11554	for	IN	11510	11513	O	None	None	None
2069	PMC5539754.nxml.gz	PMC5539754.nxml.gz_73	11448	11554	Windows	NNP	11514	11521	O	None	None	None
2070	PMC5539754.nxml.gz	PMC5539754.nxml.gz_73	11448	11554	,	,	11521	11522	O	None	None	None
2071	PMC5539754.nxml.gz	PMC5539754.nxml.gz_73	11448	11554	Version	NNP	11523	11530	O	None	None	None
2072	PMC5539754.nxml.gz	PMC5539754.nxml.gz_73	11448	11554	20	CD	11531	11533	O	None	None	None
2073	PMC5539754.nxml.gz	PMC5539754.nxml.gz_73	11448	11554	.	.	11533	11534	O	None	None	None
2074	PMC5539754.nxml.gz	PMC5539754.nxml.gz_73	11448	11554	0	CD	11534	11535	O	None	None	None
2075	PMC5539754.nxml.gz	PMC5539754.nxml.gz_73	11448	11554	(	(	11536	11537	O	None	None	None
2076	PMC5539754.nxml.gz	PMC5539754.nxml.gz_73	11448	11554	IBM	NNP	11537	11540	O	None	None	None
2077	PMC5539754.nxml.gz	PMC5539754.nxml.gz_73	11448	11554	,	,	11540	11541	O	None	None	None
2078	PMC5539754.nxml.gz	PMC5539754.nxml.gz_73	11448	11554	Armonk	NNP	11542	11548	O	None	None	None
2079	PMC5539754.nxml.gz	PMC5539754.nxml.gz_73	11448	11554	,	,	11548	11549	O	None	None	None
2080	PMC5539754.nxml.gz	PMC5539754.nxml.gz_73	11448	11554	NY	NNP	11550	11552	O	None	None	None
2081	PMC5539754.nxml.gz	PMC5539754.nxml.gz_73	11448	11554	).	NNP	11552	11554	O	None	None	None
2082	PMC5539754.nxml.gz	PMC5539754.nxml.gz_74	11555	11618	Results	NNS	11555	11562	O	None	None	None
2083	PMC5539754.nxml.gz	PMC5539754.nxml.gz_74	11555	11618	were	VBD	11563	11567	O	None	None	None
2084	PMC5539754.nxml.gz	PMC5539754.nxml.gz_74	11555	11618	considered	VBN	11568	11578	O	None	None	None
2085	PMC5539754.nxml.gz	PMC5539754.nxml.gz_74	11555	11618	statistically	RB	11579	11592	O	None	None	None
2086	PMC5539754.nxml.gz	PMC5539754.nxml.gz_74	11555	11618	significant	JJ	11593	11604	O	None	None	None
2087	PMC5539754.nxml.gz	PMC5539754.nxml.gz_74	11555	11618	if	IN	11605	11607	O	None	None	None
2088	PMC5539754.nxml.gz	PMC5539754.nxml.gz_74	11555	11618	P	NNP	11608	11609	O	None	None	None
2089	PMC5539754.nxml.gz	PMC5539754.nxml.gz_74	11555	11618	<	VBD	11611	11612	O	None	None	None
2090	PMC5539754.nxml.gz	PMC5539754.nxml.gz_74	11555	11618	0	CD	11613	11614	O	None	None	None
2091	PMC5539754.nxml.gz	PMC5539754.nxml.gz_74	11555	11618	.	.	11614	11615	O	None	None	None
2092	PMC5539754.nxml.gz	PMC5539754.nxml.gz_74	11555	11618	05	CD	11615	11617	O	None	None	None
2093	PMC5539754.nxml.gz	PMC5539754.nxml.gz_74	11555	11618	.	.	11617	11618	O	None	None	None
2094	PMC5539754.nxml.gz	PMC5539754.nxml.gz_75	11620	11794	Results	NNS	11620	11627	O	None	None	None
2095	PMC5539754.nxml.gz	PMC5539754.nxml.gz_75	11620	11794	Participant	NNP	11629	11640	O	None	None	None
2096	PMC5539754.nxml.gz	PMC5539754.nxml.gz_75	11620	11794	characteristics	NNS	11641	11656	O	None	None	None
2097	PMC5539754.nxml.gz	PMC5539754.nxml.gz_75	11620	11794	-	:	11657	11658	O	None	None	None
2098	PMC5539754.nxml.gz	PMC5539754.nxml.gz_75	11620	11794	demographics	NNS	11659	11671	O	None	None	None
2099	PMC5539754.nxml.gz	PMC5539754.nxml.gz_75	11620	11794	Half	NNP	11672	11676	O	None	None	None
2100	PMC5539754.nxml.gz	PMC5539754.nxml.gz_75	11620	11794	of	IN	11677	11679	O	None	None	None
2101	PMC5539754.nxml.gz	PMC5539754.nxml.gz_75	11620	11794	the	DT	11680	11683	O	None	None	None
2102	PMC5539754.nxml.gz	PMC5539754.nxml.gz_75	11620	11794	participants	NNS	11684	11696	O	None	None	None
2103	PMC5539754.nxml.gz	PMC5539754.nxml.gz_75	11620	11794	attended	VBD	11697	11705	O	None	None	None
2104	PMC5539754.nxml.gz	PMC5539754.nxml.gz_75	11620	11794	their	PRP$	11706	11711	O	None	None	None
2105	PMC5539754.nxml.gz	PMC5539754.nxml.gz_75	11620	11794	first	JJ	11712	11717	O	None	None	None
2106	PMC5539754.nxml.gz	PMC5539754.nxml.gz_75	11620	11794	antenatal	JJ	11718	11727	O	None	None	None
2107	PMC5539754.nxml.gz	PMC5539754.nxml.gz_75	11620	11794	visit	NN	11728	11733	O	None	None	None
2108	PMC5539754.nxml.gz	PMC5539754.nxml.gz_75	11620	11794	during	IN	11734	11740	O	None	None	None
2109	PMC5539754.nxml.gz	PMC5539754.nxml.gz_75	11620	11794	extended	VBN	11741	11749	O	None	None	None
2110	PMC5539754.nxml.gz	PMC5539754.nxml.gz_75	11620	11794	winter	NN	11750	11756	O	None	None	None
2111	PMC5539754.nxml.gz	PMC5539754.nxml.gz_75	11620	11794	(	(	11757	11758	O	None	None	None
2112	PMC5539754.nxml.gz	PMC5539754.nxml.gz_75	11620	11794	November	NNP	11758	11766	O	None	None	None
2113	PMC5539754.nxml.gz	PMC5539754.nxml.gz_75	11620	11794	–	NNP	11766	11767	O	None	None	None
2114	PMC5539754.nxml.gz	PMC5539754.nxml.gz_75	11620	11794	April	NNP	11767	11772	O	None	None	None
2115	PMC5539754.nxml.gz	PMC5539754.nxml.gz_75	11620	11794	)	)	11772	11773	O	None	None	None
2116	PMC5539754.nxml.gz	PMC5539754.nxml.gz_75	11620	11794	(	(	11774	11775	O	None	None	None
2117	PMC5539754.nxml.gz	PMC5539754.nxml.gz_75	11620	11794	n	JJ	11776	11777	O	None	None	None
2118	PMC5539754.nxml.gz	PMC5539754.nxml.gz_75	11620	11794	=	$	11779	11780	O	None	None	None
2119	PMC5539754.nxml.gz	PMC5539754.nxml.gz_75	11620	11794	166	CD	11781	11784	O	None	None	None
2120	PMC5539754.nxml.gz	PMC5539754.nxml.gz_75	11620	11794	[	JJ	11785	11786	O	None	None	None
2121	PMC5539754.nxml.gz	PMC5539754.nxml.gz_75	11620	11794	49	CD	11786	11788	O	None	None	None
2122	PMC5539754.nxml.gz	PMC5539754.nxml.gz_75	11620	11794	.	.	11788	11789	O	None	None	None
2123	PMC5539754.nxml.gz	PMC5539754.nxml.gz_75	11620	11794	7	CD	11789	11790	O	None	None	None
2124	PMC5539754.nxml.gz	PMC5539754.nxml.gz_75	11620	11794	%]).	NN	11790	11794	O	None	None	None
2125	PMC5539754.nxml.gz	PMC5539754.nxml.gz_76	11795	11948	Maternal	JJ	11795	11803	O	None	None	None
2126	PMC5539754.nxml.gz	PMC5539754.nxml.gz_76	11795	11948	characteristics	NNS	11804	11819	O	None	None	None
2127	PMC5539754.nxml.gz	PMC5539754.nxml.gz_76	11795	11948	,	,	11819	11820	O	None	None	None
2128	PMC5539754.nxml.gz	PMC5539754.nxml.gz_76	11795	11948	as	IN	11821	11823	O	None	None	None
2129	PMC5539754.nxml.gz	PMC5539754.nxml.gz_76	11795	11948	described	VBN	11824	11833	O	None	None	None
2130	PMC5539754.nxml.gz	PMC5539754.nxml.gz_76	11795	11948	in	IN	11834	11836	O	None	None	None
2131	PMC5539754.nxml.gz	PMC5539754.nxml.gz_76	11795	11948	Table1	NNP	11837	11843	O	None	None	None
2132	PMC5539754.nxml.gz	PMC5539754.nxml.gz_76	11795	11948	,	,	11843	11844	O	None	None	None
2133	PMC5539754.nxml.gz	PMC5539754.nxml.gz_76	11795	11948	did	VBD	11845	11848	O	None	None	None
2134	PMC5539754.nxml.gz	PMC5539754.nxml.gz_76	11795	11948	not	RB	11849	11852	O	None	None	None
2135	PMC5539754.nxml.gz	PMC5539754.nxml.gz_76	11795	11948	differ	VB	11853	11859	O	None	None	None
2136	PMC5539754.nxml.gz	PMC5539754.nxml.gz_76	11795	11948	between	IN	11860	11867	O	None	None	None
2137	PMC5539754.nxml.gz	PMC5539754.nxml.gz_76	11795	11948	those	DT	11868	11873	O	None	None	None
2138	PMC5539754.nxml.gz	PMC5539754.nxml.gz_76	11795	11948	who	WP	11874	11877	O	None	None	None
2139	PMC5539754.nxml.gz	PMC5539754.nxml.gz_76	11795	11948	attended	VBD	11878	11886	O	None	None	None
2140	PMC5539754.nxml.gz	PMC5539754.nxml.gz_76	11795	11948	their	PRP$	11887	11892	O	None	None	None
2141	PMC5539754.nxml.gz	PMC5539754.nxml.gz_76	11795	11948	first	JJ	11893	11898	O	None	None	None
2142	PMC5539754.nxml.gz	PMC5539754.nxml.gz_76	11795	11948	antenatal	JJ	11899	11908	O	None	None	None
2143	PMC5539754.nxml.gz	PMC5539754.nxml.gz_76	11795	11948	visit	NN	11909	11914	O	None	None	None
2144	PMC5539754.nxml.gz	PMC5539754.nxml.gz_76	11795	11948	during	IN	11915	11921	O	None	None	None
2145	PMC5539754.nxml.gz	PMC5539754.nxml.gz_76	11795	11948	extended	JJ	11922	11930	O	None	None	None
2146	PMC5539754.nxml.gz	PMC5539754.nxml.gz_76	11795	11948	winter	NN	11931	11937	O	None	None	None
2147	PMC5539754.nxml.gz	PMC5539754.nxml.gz_76	11795	11948	or	CC	11938	11940	O	None	None	None
2148	PMC5539754.nxml.gz	PMC5539754.nxml.gz_76	11795	11948	summer	NN	11941	11947	O	None	None	None
2149	PMC5539754.nxml.gz	PMC5539754.nxml.gz_76	11795	11948	.	.	11947	11948	O	None	None	None
2150	PMC5539754.nxml.gz	PMC5539754.nxml.gz_77	11949	12113	A	DT	11949	11950	O	None	None	None
2151	PMC5539754.nxml.gz	PMC5539754.nxml.gz_77	11949	12113	comparison	NN	11951	11961	O	None	None	None
2152	PMC5539754.nxml.gz	PMC5539754.nxml.gz_77	11949	12113	of	IN	11962	11964	O	None	None	None
2153	PMC5539754.nxml.gz	PMC5539754.nxml.gz_77	11949	12113	the	DT	11965	11968	O	None	None	None
2154	PMC5539754.nxml.gz	PMC5539754.nxml.gz_77	11949	12113	maternal	JJ	11969	11977	O	None	None	None
2155	PMC5539754.nxml.gz	PMC5539754.nxml.gz_77	11949	12113	characteristics	NNS	11978	11993	O	None	None	None
2156	PMC5539754.nxml.gz	PMC5539754.nxml.gz_77	11949	12113	between	IN	11994	12001	O	None	None	None
2157	PMC5539754.nxml.gz	PMC5539754.nxml.gz_77	11949	12113	those	DT	12002	12007	O	None	None	None
2158	PMC5539754.nxml.gz	PMC5539754.nxml.gz_77	11949	12113	included	VBN	12008	12016	O	None	None	None
2159	PMC5539754.nxml.gz	PMC5539754.nxml.gz_77	11949	12113	(	(	12017	12018	O	None	None	None
2160	PMC5539754.nxml.gz	PMC5539754.nxml.gz_77	11949	12113	n	JJ	12019	12020	O	None	None	None
2161	PMC5539754.nxml.gz	PMC5539754.nxml.gz_77	11949	12113	=	NNP	12022	12023	O	None	None	None
2162	PMC5539754.nxml.gz	PMC5539754.nxml.gz_77	11949	12113	334	CD	12024	12027	O	None	None	None
2163	PMC5539754.nxml.gz	PMC5539754.nxml.gz_77	11949	12113	)	)	12027	12028	O	None	None	None
2164	PMC5539754.nxml.gz	PMC5539754.nxml.gz_77	11949	12113	and	CC	12029	12032	O	None	None	None
2165	PMC5539754.nxml.gz	PMC5539754.nxml.gz_77	11949	12113	excluded	VBN	12033	12041	O	None	None	None
2166	PMC5539754.nxml.gz	PMC5539754.nxml.gz_77	11949	12113	from	IN	12042	12046	O	None	None	None
2167	PMC5539754.nxml.gz	PMC5539754.nxml.gz_77	11949	12113	the	DT	12047	12050	O	None	None	None
2168	PMC5539754.nxml.gz	PMC5539754.nxml.gz_77	11949	12113	original	JJ	12051	12059	O	None	None	None
2169	PMC5539754.nxml.gz	PMC5539754.nxml.gz_77	11949	12113	ROLO	NNP	12060	12064	O	None	None	None
2170	PMC5539754.nxml.gz	PMC5539754.nxml.gz_77	11949	12113	study	NN	12065	12070	O	None	None	None
2171	PMC5539754.nxml.gz	PMC5539754.nxml.gz_77	11949	12113	is	VBZ	12071	12073	O	None	None	None
2172	PMC5539754.nxml.gz	PMC5539754.nxml.gz_77	11949	12113	included	VBN	12074	12082	O	None	None	None
2173	PMC5539754.nxml.gz	PMC5539754.nxml.gz_77	11949	12113	in	IN	12083	12085	O	None	None	None
2174	PMC5539754.nxml.gz	PMC5539754.nxml.gz_77	11949	12113	Additional	NNP	12086	12096	O	None	None	None
2175	PMC5539754.nxml.gz	PMC5539754.nxml.gz_77	11949	12113	file1	NN	12097	12102	O	None	None	None
2176	PMC5539754.nxml.gz	PMC5539754.nxml.gz_77	11949	12113	:	:	12102	12103	O	None	None	None
2177	PMC5539754.nxml.gz	PMC5539754.nxml.gz_77	11949	12113	Table	JJ	12104	12109	O	None	None	None
2178	PMC5539754.nxml.gz	PMC5539754.nxml.gz_77	11949	12113	S1	NNP	12110	12112	O	None	None	None
2179	PMC5539754.nxml.gz	PMC5539754.nxml.gz_77	11949	12113	.	.	12112	12113	O	None	None	None
2180	PMC5539754.nxml.gz	PMC5539754.nxml.gz_78	12115	13358	Caption	NNP	12115	12122	O	None	None	None
2181	PMC5539754.nxml.gz	PMC5539754.nxml.gz_78	12115	13358	(	(	12123	12124	O	None	None	None
2182	PMC5539754.nxml.gz	PMC5539754.nxml.gz_78	12115	13358	TABLE	NNP	12124	12129	O	None	None	None
2183	PMC5539754.nxml.gz	PMC5539754.nxml.gz_78	12115	13358	-	:	12129	12130	O	None	None	None
2184	PMC5539754.nxml.gz	PMC5539754.nxml.gz_78	12115	13358	WRAP	NNP	12130	12134	O	None	None	None
2185	PMC5539754.nxml.gz	PMC5539754.nxml.gz_78	12115	13358	):	NNP	12134	12136	O	None	None	None
2186	PMC5539754.nxml.gz	PMC5539754.nxml.gz_78	12115	13358	TABLE	NNP	12137	12142	O	None	None	None
2187	PMC5539754.nxml.gz	PMC5539754.nxml.gz_78	12115	13358	1	CD	12143	12144	O	None	None	None
2188	PMC5539754.nxml.gz	PMC5539754.nxml.gz_78	12115	13358	Participant	NNP	12146	12157	O	None	None	None
2189	PMC5539754.nxml.gz	PMC5539754.nxml.gz_78	12115	13358	CharacteristicsSeason	NNP	12158	12179	O	None	None	None
2190	PMC5539754.nxml.gz	PMC5539754.nxml.gz_78	12115	13358	at	IN	12180	12182	O	None	None	None
2191	PMC5539754.nxml.gz	PMC5539754.nxml.gz_78	12115	13358	first	JJ	12183	12188	O	None	None	None
2192	PMC5539754.nxml.gz	PMC5539754.nxml.gz_78	12115	13358	antenatal	JJ	12189	12198	O	None	None	None
2193	PMC5539754.nxml.gz	PMC5539754.nxml.gz_78	12115	13358	visitCharacteristicTotal	NN	12199	12223	O	None	None	None
2194	PMC5539754.nxml.gz	PMC5539754.nxml.gz_78	12115	13358	Group	NNP	12224	12229	O	None	None	None
2195	PMC5539754.nxml.gz	PMC5539754.nxml.gz_78	12115	13358	(	(	12229	12230	O	None	None	None
2196	PMC5539754.nxml.gz	PMC5539754.nxml.gz_78	12115	13358	n	JJ	12231	12232	O	None	None	None
2197	PMC5539754.nxml.gz	PMC5539754.nxml.gz_78	12115	13358	=	NNP	12234	12235	O	None	None	None
2198	PMC5539754.nxml.gz	PMC5539754.nxml.gz_78	12115	13358	334	CD	12236	12239	O	None	None	None
2199	PMC5539754.nxml.gz	PMC5539754.nxml.gz_78	12115	13358	)	)	12239	12240	O	None	None	None
2200	PMC5539754.nxml.gz	PMC5539754.nxml.gz_78	12115	13358	Winter	NN	12240	12246	O	None	None	None
2201	PMC5539754.nxml.gz	PMC5539754.nxml.gz_78	12115	13358	(	(	12246	12247	O	None	None	None
2202	PMC5539754.nxml.gz	PMC5539754.nxml.gz_78	12115	13358	n	JJ	12248	12249	O	None	None	None
2203	PMC5539754.nxml.gz	PMC5539754.nxml.gz_78	12115	13358	=	NNP	12251	12252	O	None	None	None
2204	PMC5539754.nxml.gz	PMC5539754.nxml.gz_78	12115	13358	166	CD	12253	12256	O	None	None	None
2205	PMC5539754.nxml.gz	PMC5539754.nxml.gz_78	12115	13358	)	)	12256	12257	O	None	None	None
2206	PMC5539754.nxml.gz	PMC5539754.nxml.gz_78	12115	13358	Summer	NNP	12257	12263	O	None	None	None
2207	PMC5539754.nxml.gz	PMC5539754.nxml.gz_78	12115	13358	(	(	12263	12264	O	None	None	None
2208	PMC5539754.nxml.gz	PMC5539754.nxml.gz_78	12115	13358	n	JJ	12265	12266	O	None	None	None
2209	PMC5539754.nxml.gz	PMC5539754.nxml.gz_78	12115	13358	=	NNP	12268	12269	O	None	None	None
2210	PMC5539754.nxml.gz	PMC5539754.nxml.gz_78	12115	13358	168	CD	12270	12273	O	None	None	None
2211	PMC5539754.nxml.gz	PMC5539754.nxml.gz_78	12115	13358	)	)	12273	12274	O	None	None	None
2212	PMC5539754.nxml.gz	PMC5539754.nxml.gz_78	12115	13358	PaAge	NNP	12275	12280	O	None	None	None
2213	PMC5539754.nxml.gz	PMC5539754.nxml.gz_78	12115	13358	(	(	12281	12282	O	None	None	None
2214	PMC5539754.nxml.gz	PMC5539754.nxml.gz_78	12115	13358	years	NNS	12282	12287	O	None	None	None
2215	PMC5539754.nxml.gz	PMC5539754.nxml.gz_78	12115	13358	)	)	12287	12288	O	None	None	None
2216	PMC5539754.nxml.gz	PMC5539754.nxml.gz_78	12115	13358	33	CD	12288	12290	O	None	None	None
2217	PMC5539754.nxml.gz	PMC5539754.nxml.gz_78	12115	13358	.	.	12290	12291	O	None	None	None
2218	PMC5539754.nxml.gz	PMC5539754.nxml.gz_78	12115	13358	0	CD	12291	12292	O	None	None	None
2219	PMC5539754.nxml.gz	PMC5539754.nxml.gz_78	12115	13358	(	(	12293	12294	O	None	None	None
2220	PMC5539754.nxml.gz	PMC5539754.nxml.gz_78	12115	13358	3	CD	12294	12295	O	None	None	None
2221	PMC5539754.nxml.gz	PMC5539754.nxml.gz_78	12115	13358	.	.	12295	12296	O	None	None	None
2222	PMC5539754.nxml.gz	PMC5539754.nxml.gz_78	12115	13358	9	CD	12296	12297	O	None	None	None
2223	PMC5539754.nxml.gz	PMC5539754.nxml.gz_78	12115	13358	)	)	12297	12298	O	None	None	None
2224	PMC5539754.nxml.gz	PMC5539754.nxml.gz_78	12115	13358	32	CD	12298	12300	O	None	None	None
2225	PMC5539754.nxml.gz	PMC5539754.nxml.gz_78	12115	13358	.	.	12300	12301	O	None	None	None
2226	PMC5539754.nxml.gz	PMC5539754.nxml.gz_78	12115	13358	8	CD	12301	12302	O	None	None	None
2227	PMC5539754.nxml.gz	PMC5539754.nxml.gz_78	12115	13358	(	(	12303	12304	O	None	None	None
2228	PMC5539754.nxml.gz	PMC5539754.nxml.gz_78	12115	13358	3	CD	12304	12305	O	None	None	None
2229	PMC5539754.nxml.gz	PMC5539754.nxml.gz_78	12115	13358	.	.	12305	12306	O	None	None	None
2230	PMC5539754.nxml.gz	PMC5539754.nxml.gz_78	12115	13358	7	CD	12306	12307	O	None	None	None
2231	PMC5539754.nxml.gz	PMC5539754.nxml.gz_78	12115	13358	)	)	12307	12308	O	None	None	None
2232	PMC5539754.nxml.gz	PMC5539754.nxml.gz_78	12115	13358	33	CD	12308	12310	O	None	None	None
2233	PMC5539754.nxml.gz	PMC5539754.nxml.gz_78	12115	13358	.	.	12310	12311	O	None	None	None
2234	PMC5539754.nxml.gz	PMC5539754.nxml.gz_78	12115	13358	2	CD	12311	12312	O	None	None	None
2235	PMC5539754.nxml.gz	PMC5539754.nxml.gz_78	12115	13358	(	(	12313	12314	O	None	None	None
2236	PMC5539754.nxml.gz	PMC5539754.nxml.gz_78	12115	13358	4	CD	12314	12315	O	None	None	None
2237	PMC5539754.nxml.gz	PMC5539754.nxml.gz_78	12115	13358	.	.	12315	12316	O	None	None	None
2238	PMC5539754.nxml.gz	PMC5539754.nxml.gz_78	12115	13358	0	CD	12316	12317	O	None	None	None
2239	PMC5539754.nxml.gz	PMC5539754.nxml.gz_78	12115	13358	)	)	12317	12318	O	None	None	None
2240	PMC5539754.nxml.gz	PMC5539754.nxml.gz_78	12115	13358	0	CD	12318	12319	O	None	None	None
2241	PMC5539754.nxml.gz	PMC5539754.nxml.gz_78	12115	13358	.	.	12319	12320	O	None	None	None
2242	PMC5539754.nxml.gz	PMC5539754.nxml.gz_78	12115	13358	409Gestation	CD	12320	12332	O	None	None	None
2243	PMC5539754.nxml.gz	PMC5539754.nxml.gz_78	12115	13358	at	IN	12333	12335	O	None	None	None
2244	PMC5539754.nxml.gz	PMC5539754.nxml.gz_78	12115	13358	first	JJ	12336	12341	O	None	None	None
2245	PMC5539754.nxml.gz	PMC5539754.nxml.gz_78	12115	13358	antenatal	JJ	12342	12351	O	None	None	None
2246	PMC5539754.nxml.gz	PMC5539754.nxml.gz_78	12115	13358	visit	NN	12352	12357	O	None	None	None
2247	PMC5539754.nxml.gz	PMC5539754.nxml.gz_78	12115	13358	(	(	12358	12359	O	None	None	None
2248	PMC5539754.nxml.gz	PMC5539754.nxml.gz_78	12115	13358	weeks	NNS	12359	12364	O	None	None	None
2249	PMC5539754.nxml.gz	PMC5539754.nxml.gz_78	12115	13358	)	)	12364	12365	O	None	None	None
2250	PMC5539754.nxml.gz	PMC5539754.nxml.gz_78	12115	13358	12	CD	12365	12367	O	None	None	None
2251	PMC5539754.nxml.gz	PMC5539754.nxml.gz_78	12115	13358	.	.	12367	12368	O	None	None	None
2252	PMC5539754.nxml.gz	PMC5539754.nxml.gz_78	12115	13358	8	CD	12368	12369	O	None	None	None
2253	PMC5539754.nxml.gz	PMC5539754.nxml.gz_78	12115	13358	(	(	12370	12371	O	None	None	None
2254	PMC5539754.nxml.gz	PMC5539754.nxml.gz_78	12115	13358	2	CD	12371	12372	O	None	None	None
2255	PMC5539754.nxml.gz	PMC5539754.nxml.gz_78	12115	13358	.	.	12372	12373	O	None	None	None
2256	PMC5539754.nxml.gz	PMC5539754.nxml.gz_78	12115	13358	3	CD	12373	12374	O	None	None	None
2257	PMC5539754.nxml.gz	PMC5539754.nxml.gz_78	12115	13358	)	)	12374	12375	O	None	None	None
2258	PMC5539754.nxml.gz	PMC5539754.nxml.gz_78	12115	13358	12	CD	12375	12377	O	None	None	None
2259	PMC5539754.nxml.gz	PMC5539754.nxml.gz_78	12115	13358	.	.	12377	12378	O	None	None	None
2260	PMC5539754.nxml.gz	PMC5539754.nxml.gz_78	12115	13358	7	CD	12378	12379	O	None	None	None
2261	PMC5539754.nxml.gz	PMC5539754.nxml.gz_78	12115	13358	(	(	12380	12381	O	None	None	None
2262	PMC5539754.nxml.gz	PMC5539754.nxml.gz_78	12115	13358	2	CD	12381	12382	O	None	None	None
2263	PMC5539754.nxml.gz	PMC5539754.nxml.gz_78	12115	13358	.	.	12382	12383	O	None	None	None
2264	PMC5539754.nxml.gz	PMC5539754.nxml.gz_78	12115	13358	3	CD	12383	12384	O	None	None	None
2265	PMC5539754.nxml.gz	PMC5539754.nxml.gz_78	12115	13358	)	)	12384	12385	O	None	None	None
2266	PMC5539754.nxml.gz	PMC5539754.nxml.gz_78	12115	13358	12	CD	12385	12387	O	None	None	None
2267	PMC5539754.nxml.gz	PMC5539754.nxml.gz_78	12115	13358	.	.	12387	12388	O	None	None	None
2268	PMC5539754.nxml.gz	PMC5539754.nxml.gz_78	12115	13358	9	CD	12388	12389	O	None	None	None
2269	PMC5539754.nxml.gz	PMC5539754.nxml.gz_78	12115	13358	(	(	12390	12391	O	None	None	None
2270	PMC5539754.nxml.gz	PMC5539754.nxml.gz_78	12115	13358	2	CD	12391	12392	O	None	None	None
2271	PMC5539754.nxml.gz	PMC5539754.nxml.gz_78	12115	13358	.	.	12392	12393	O	None	None	None
2272	PMC5539754.nxml.gz	PMC5539754.nxml.gz_78	12115	13358	2	CD	12393	12394	O	None	None	None
2273	PMC5539754.nxml.gz	PMC5539754.nxml.gz_78	12115	13358	)	)	12394	12395	O	None	None	None
2274	PMC5539754.nxml.gz	PMC5539754.nxml.gz_78	12115	13358	0	CD	12395	12396	O	None	None	None
2275	PMC5539754.nxml.gz	PMC5539754.nxml.gz_78	12115	13358	.	.	12396	12397	O	None	None	None
2276	PMC5539754.nxml.gz	PMC5539754.nxml.gz_78	12115	13358	556BMI	CD	12397	12403	O	None	None	None
2277	PMC5539754.nxml.gz	PMC5539754.nxml.gz_78	12115	13358	at	IN	12404	12406	O	None	None	None
2278	PMC5539754.nxml.gz	PMC5539754.nxml.gz_78	12115	13358	first	JJ	12407	12412	O	None	None	None
2279	PMC5539754.nxml.gz	PMC5539754.nxml.gz_78	12115	13358	antenatal	JJ	12413	12422	O	None	None	None
2280	PMC5539754.nxml.gz	PMC5539754.nxml.gz_78	12115	13358	visit	NN	12423	12428	O	None	None	None
2281	PMC5539754.nxml.gz	PMC5539754.nxml.gz_78	12115	13358	Mean	NNP	12429	12433	O	None	None	None
2282	PMC5539754.nxml.gz	PMC5539754.nxml.gz_78	12115	13358	(	(	12434	12435	O	None	None	None
2283	PMC5539754.nxml.gz	PMC5539754.nxml.gz_78	12115	13358	SD	NNP	12435	12437	O	None	None	None
2284	PMC5539754.nxml.gz	PMC5539754.nxml.gz_78	12115	13358	),	NNP	12437	12439	O	None	None	None
2285	PMC5539754.nxml.gz	PMC5539754.nxml.gz_78	12115	13358	(	(	12440	12441	O	None	None	None
2286	PMC5539754.nxml.gz	PMC5539754.nxml.gz_78	12115	13358	kg	VB	12441	12443	O	None	None	None
2287	PMC5539754.nxml.gz	PMC5539754.nxml.gz_78	12115	13358	/	NNP	12443	12444	O	None	None	None
2288	PMC5539754.nxml.gz	PMC5539754.nxml.gz_78	12115	13358	m2	NN	12444	12446	O	None	None	None
2289	PMC5539754.nxml.gz	PMC5539754.nxml.gz_78	12115	13358	)	)	12446	12447	O	None	None	None
2290	PMC5539754.nxml.gz	PMC5539754.nxml.gz_78	12115	13358	26	CD	12447	12449	O	None	None	None
2291	PMC5539754.nxml.gz	PMC5539754.nxml.gz_78	12115	13358	.	.	12449	12450	O	None	None	None
2292	PMC5539754.nxml.gz	PMC5539754.nxml.gz_78	12115	13358	3	CD	12450	12451	O	None	None	None
2293	PMC5539754.nxml.gz	PMC5539754.nxml.gz_78	12115	13358	(	(	12452	12453	O	None	None	None
2294	PMC5539754.nxml.gz	PMC5539754.nxml.gz_78	12115	13358	4	CD	12453	12454	O	None	None	None
2295	PMC5539754.nxml.gz	PMC5539754.nxml.gz_78	12115	13358	.	.	12454	12455	O	None	None	None
2296	PMC5539754.nxml.gz	PMC5539754.nxml.gz_78	12115	13358	5	CD	12455	12456	O	None	None	None
2297	PMC5539754.nxml.gz	PMC5539754.nxml.gz_78	12115	13358	)	)	12456	12457	O	None	None	None
2298	PMC5539754.nxml.gz	PMC5539754.nxml.gz_78	12115	13358	26	CD	12457	12459	O	None	None	None
2299	PMC5539754.nxml.gz	PMC5539754.nxml.gz_78	12115	13358	.	.	12459	12460	O	None	None	None
2300	PMC5539754.nxml.gz	PMC5539754.nxml.gz_78	12115	13358	3	CD	12460	12461	O	None	None	None
2301	PMC5539754.nxml.gz	PMC5539754.nxml.gz_78	12115	13358	(	(	12462	12463	O	None	None	None
2302	PMC5539754.nxml.gz	PMC5539754.nxml.gz_78	12115	13358	4	CD	12463	12464	O	None	None	None
2303	PMC5539754.nxml.gz	PMC5539754.nxml.gz_78	12115	13358	.	.	12464	12465	O	None	None	None
2304	PMC5539754.nxml.gz	PMC5539754.nxml.gz_78	12115	13358	4	CD	12465	12466	O	None	None	None
2305	PMC5539754.nxml.gz	PMC5539754.nxml.gz_78	12115	13358	)	)	12466	12467	O	None	None	None
2306	PMC5539754.nxml.gz	PMC5539754.nxml.gz_78	12115	13358	26	CD	12467	12469	O	None	None	None
2307	PMC5539754.nxml.gz	PMC5539754.nxml.gz_78	12115	13358	.	.	12469	12470	O	None	None	None
2308	PMC5539754.nxml.gz	PMC5539754.nxml.gz_78	12115	13358	2	CD	12470	12471	O	None	None	None
2309	PMC5539754.nxml.gz	PMC5539754.nxml.gz_78	12115	13358	(	(	12472	12473	O	None	None	None
2310	PMC5539754.nxml.gz	PMC5539754.nxml.gz_78	12115	13358	4	CD	12473	12474	O	None	None	None
2311	PMC5539754.nxml.gz	PMC5539754.nxml.gz_78	12115	13358	.	.	12474	12475	O	None	None	None
2312	PMC5539754.nxml.gz	PMC5539754.nxml.gz_78	12115	13358	7	CD	12475	12476	O	None	None	None
2313	PMC5539754.nxml.gz	PMC5539754.nxml.gz_78	12115	13358	)	)	12476	12477	O	None	None	None
2314	PMC5539754.nxml.gz	PMC5539754.nxml.gz_78	12115	13358	0	CD	12477	12478	O	None	None	None
2315	PMC5539754.nxml.gz	PMC5539754.nxml.gz_78	12115	13358	.	.	12478	12479	O	None	None	None
2316	PMC5539754.nxml.gz	PMC5539754.nxml.gz_78	12115	13358	948	CD	12479	12482	O	None	None	None
2317	PMC5539754.nxml.gz	PMC5539754.nxml.gz_78	12115	13358	Underweight	NNP	12483	12494	O	None	None	None
2318	PMC5539754.nxml.gz	PMC5539754.nxml.gz_78	12115	13358	(	(	12495	12496	O	None	None	None
2319	PMC5539754.nxml.gz	PMC5539754.nxml.gz_78	12115	13358	BMI	NNP	12496	12499	O	None	None	None
2320	PMC5539754.nxml.gz	PMC5539754.nxml.gz_78	12115	13358	<	VBZ	12500	12501	O	None	None	None
2321	PMC5539754.nxml.gz	PMC5539754.nxml.gz_78	12115	13358	18	CD	12501	12503	O	None	None	None
2322	PMC5539754.nxml.gz	PMC5539754.nxml.gz_78	12115	13358	.	.	12503	12504	O	None	None	None
2323	PMC5539754.nxml.gz	PMC5539754.nxml.gz_78	12115	13358	5	CD	12504	12505	O	None	None	None
2324	PMC5539754.nxml.gz	PMC5539754.nxml.gz_78	12115	13358	kg	JJ	12506	12508	O	None	None	None
2325	PMC5539754.nxml.gz	PMC5539754.nxml.gz_78	12115	13358	/	NNP	12508	12509	O	None	None	None
2326	PMC5539754.nxml.gz	PMC5539754.nxml.gz_78	12115	13358	m2	NN	12509	12511	O	None	None	None
2327	PMC5539754.nxml.gz	PMC5539754.nxml.gz_78	12115	13358	)	)	12511	12512	O	None	None	None
2328	PMC5539754.nxml.gz	PMC5539754.nxml.gz_78	12115	13358	[	VBZ	12513	12514	O	None	None	None
2329	PMC5539754.nxml.gz	PMC5539754.nxml.gz_78	12115	13358	n	JJ	12514	12515	O	None	None	None
2330	PMC5539754.nxml.gz	PMC5539754.nxml.gz_78	12115	13358	(%)]	$	12516	12520	O	None	None	None
2331	PMC5539754.nxml.gz	PMC5539754.nxml.gz_78	12115	13358	2	CD	12520	12521	O	None	None	None
2332	PMC5539754.nxml.gz	PMC5539754.nxml.gz_78	12115	13358	(	(	12522	12523	O	None	None	None
2333	PMC5539754.nxml.gz	PMC5539754.nxml.gz_78	12115	13358	0	CD	12523	12524	O	None	None	None
2334	PMC5539754.nxml.gz	PMC5539754.nxml.gz_78	12115	13358	.	.	12524	12525	O	None	None	None
2335	PMC5539754.nxml.gz	PMC5539754.nxml.gz_78	12115	13358	6	CD	12525	12526	O	None	None	None
2336	PMC5539754.nxml.gz	PMC5539754.nxml.gz_78	12115	13358	)	)	12526	12527	O	None	None	None
2337	PMC5539754.nxml.gz	PMC5539754.nxml.gz_78	12115	13358	1	CD	12527	12528	O	None	None	None
2338	PMC5539754.nxml.gz	PMC5539754.nxml.gz_78	12115	13358	(	(	12529	12530	O	None	None	None
2339	PMC5539754.nxml.gz	PMC5539754.nxml.gz_78	12115	13358	0	CD	12530	12531	O	None	None	None
2340	PMC5539754.nxml.gz	PMC5539754.nxml.gz_78	12115	13358	.	.	12531	12532	O	None	None	None
2341	PMC5539754.nxml.gz	PMC5539754.nxml.gz_78	12115	13358	6	CD	12532	12533	O	None	None	None
2342	PMC5539754.nxml.gz	PMC5539754.nxml.gz_78	12115	13358	)	)	12533	12534	O	None	None	None
2343	PMC5539754.nxml.gz	PMC5539754.nxml.gz_78	12115	13358	1	CD	12534	12535	O	None	None	None
2344	PMC5539754.nxml.gz	PMC5539754.nxml.gz_78	12115	13358	(	(	12536	12537	O	None	None	None
2345	PMC5539754.nxml.gz	PMC5539754.nxml.gz_78	12115	13358	0	CD	12537	12538	O	None	None	None
2346	PMC5539754.nxml.gz	PMC5539754.nxml.gz_78	12115	13358	.	.	12538	12539	O	None	None	None
2347	PMC5539754.nxml.gz	PMC5539754.nxml.gz_78	12115	13358	6	CD	12539	12540	O	None	None	None
2348	PMC5539754.nxml.gz	PMC5539754.nxml.gz_78	12115	13358	)	)	12540	12541	O	None	None	None
2349	PMC5539754.nxml.gz	PMC5539754.nxml.gz_78	12115	13358	0	CD	12541	12542	O	None	None	None
2350	PMC5539754.nxml.gz	PMC5539754.nxml.gz_78	12115	13358	.	.	12542	12543	O	None	None	None
2351	PMC5539754.nxml.gz	PMC5539754.nxml.gz_78	12115	13358	953	CD	12543	12546	O	None	None	None
2352	PMC5539754.nxml.gz	PMC5539754.nxml.gz_78	12115	13358	Normal	NNP	12547	12553	O	None	None	None
2353	PMC5539754.nxml.gz	PMC5539754.nxml.gz_78	12115	13358	(	(	12554	12555	O	None	None	None
2354	PMC5539754.nxml.gz	PMC5539754.nxml.gz_78	12115	13358	BMI	NNP	12555	12558	O	None	None	None
2355	PMC5539754.nxml.gz	PMC5539754.nxml.gz_78	12115	13358	18	CD	12559	12561	O	None	None	None
2356	PMC5539754.nxml.gz	PMC5539754.nxml.gz_78	12115	13358	.	.	12561	12562	O	None	None	None
2357	PMC5539754.nxml.gz	PMC5539754.nxml.gz_78	12115	13358	5	CD	12562	12563	O	None	None	None
2358	PMC5539754.nxml.gz	PMC5539754.nxml.gz_78	12115	13358	–	JJ	12563	12564	O	None	None	None
2359	PMC5539754.nxml.gz	PMC5539754.nxml.gz_78	12115	13358	24	CD	12564	12566	O	None	None	None
2360	PMC5539754.nxml.gz	PMC5539754.nxml.gz_78	12115	13358	.	.	12566	12567	O	None	None	None
2361	PMC5539754.nxml.gz	PMC5539754.nxml.gz_78	12115	13358	9	CD	12567	12568	O	None	None	None
2362	PMC5539754.nxml.gz	PMC5539754.nxml.gz_78	12115	13358	kg	JJ	12569	12571	O	None	None	None
2363	PMC5539754.nxml.gz	PMC5539754.nxml.gz_78	12115	13358	/	NNP	12571	12572	O	None	None	None
2364	PMC5539754.nxml.gz	PMC5539754.nxml.gz_78	12115	13358	m2	NN	12572	12574	O	None	None	None
2365	PMC5539754.nxml.gz	PMC5539754.nxml.gz_78	12115	13358	)	)	12574	12575	O	None	None	None
2366	PMC5539754.nxml.gz	PMC5539754.nxml.gz_78	12115	13358	[	VBZ	12576	12577	O	None	None	None
2367	PMC5539754.nxml.gz	PMC5539754.nxml.gz_78	12115	13358	n	JJ	12577	12578	O	None	None	None
2368	PMC5539754.nxml.gz	PMC5539754.nxml.gz_78	12115	13358	(%)]	$	12579	12583	O	None	None	None
2369	PMC5539754.nxml.gz	PMC5539754.nxml.gz_78	12115	13358	153	CD	12583	12586	O	None	None	None
2370	PMC5539754.nxml.gz	PMC5539754.nxml.gz_78	12115	13358	(	(	12587	12588	O	None	None	None
2371	PMC5539754.nxml.gz	PMC5539754.nxml.gz_78	12115	13358	45	CD	12588	12590	O	None	None	None
2372	PMC5539754.nxml.gz	PMC5539754.nxml.gz_78	12115	13358	.	.	12590	12591	O	None	None	None
2373	PMC5539754.nxml.gz	PMC5539754.nxml.gz_78	12115	13358	8	CD	12591	12592	O	None	None	None
2374	PMC5539754.nxml.gz	PMC5539754.nxml.gz_78	12115	13358	)	)	12592	12593	O	None	None	None
2375	PMC5539754.nxml.gz	PMC5539754.nxml.gz_78	12115	13358	78	CD	12593	12595	O	None	None	None
2376	PMC5539754.nxml.gz	PMC5539754.nxml.gz_78	12115	13358	(	(	12596	12597	O	None	None	None
2377	PMC5539754.nxml.gz	PMC5539754.nxml.gz_78	12115	13358	46	CD	12597	12599	O	None	None	None
2378	PMC5539754.nxml.gz	PMC5539754.nxml.gz_78	12115	13358	.	.	12599	12600	O	None	None	None
2379	PMC5539754.nxml.gz	PMC5539754.nxml.gz_78	12115	13358	4	CD	12600	12601	O	None	None	None
2380	PMC5539754.nxml.gz	PMC5539754.nxml.gz_78	12115	13358	)	)	12601	12602	O	None	None	None
2381	PMC5539754.nxml.gz	PMC5539754.nxml.gz_78	12115	13358	75	CD	12602	12604	O	None	None	None
2382	PMC5539754.nxml.gz	PMC5539754.nxml.gz_78	12115	13358	(	(	12605	12606	O	None	None	None
2383	PMC5539754.nxml.gz	PMC5539754.nxml.gz_78	12115	13358	45	CD	12606	12608	O	None	None	None
2384	PMC5539754.nxml.gz	PMC5539754.nxml.gz_78	12115	13358	.	.	12608	12609	O	None	None	None
2385	PMC5539754.nxml.gz	PMC5539754.nxml.gz_78	12115	13358	2	CD	12609	12610	O	None	None	None
2386	PMC5539754.nxml.gz	PMC5539754.nxml.gz_78	12115	13358	)	)	12610	12611	O	None	None	None
2387	PMC5539754.nxml.gz	PMC5539754.nxml.gz_78	12115	13358	Overweight	NNP	12612	12622	O	None	None	None
2388	PMC5539754.nxml.gz	PMC5539754.nxml.gz_78	12115	13358	(	(	12623	12624	O	None	None	None
2389	PMC5539754.nxml.gz	PMC5539754.nxml.gz_78	12115	13358	BMI	NNP	12624	12627	O	None	None	None
2390	PMC5539754.nxml.gz	PMC5539754.nxml.gz_78	12115	13358	25	CD	12628	12630	O	None	None	None
2391	PMC5539754.nxml.gz	PMC5539754.nxml.gz_78	12115	13358	.	.	12630	12631	O	None	None	None
2392	PMC5539754.nxml.gz	PMC5539754.nxml.gz_78	12115	13358	0	CD	12631	12632	O	None	None	None
2393	PMC5539754.nxml.gz	PMC5539754.nxml.gz_78	12115	13358	–	JJ	12632	12633	O	None	None	None
2394	PMC5539754.nxml.gz	PMC5539754.nxml.gz_78	12115	13358	29	CD	12633	12635	O	None	None	None
2395	PMC5539754.nxml.gz	PMC5539754.nxml.gz_78	12115	13358	.	.	12635	12636	O	None	None	None
2396	PMC5539754.nxml.gz	PMC5539754.nxml.gz_78	12115	13358	9	CD	12636	12637	O	None	None	None
2397	PMC5539754.nxml.gz	PMC5539754.nxml.gz_78	12115	13358	kg	JJ	12638	12640	O	None	None	None
2398	PMC5539754.nxml.gz	PMC5539754.nxml.gz_78	12115	13358	/	NNP	12640	12641	O	None	None	None
2399	PMC5539754.nxml.gz	PMC5539754.nxml.gz_78	12115	13358	m2	NN	12641	12643	O	None	None	None
2400	PMC5539754.nxml.gz	PMC5539754.nxml.gz_78	12115	13358	)	)	12643	12644	O	None	None	None
2401	PMC5539754.nxml.gz	PMC5539754.nxml.gz_78	12115	13358	[	VBZ	12645	12646	O	None	None	None
2402	PMC5539754.nxml.gz	PMC5539754.nxml.gz_78	12115	13358	n	JJ	12646	12647	O	None	None	None
2403	PMC5539754.nxml.gz	PMC5539754.nxml.gz_78	12115	13358	(%)]	$	12648	12652	O	None	None	None
2404	PMC5539754.nxml.gz	PMC5539754.nxml.gz_78	12115	13358	125	CD	12652	12655	O	None	None	None
2405	PMC5539754.nxml.gz	PMC5539754.nxml.gz_78	12115	13358	(	(	12656	12657	O	None	None	None
2406	PMC5539754.nxml.gz	PMC5539754.nxml.gz_78	12115	13358	37	CD	12657	12659	O	None	None	None
2407	PMC5539754.nxml.gz	PMC5539754.nxml.gz_78	12115	13358	.	.	12659	12660	O	None	None	None
2408	PMC5539754.nxml.gz	PMC5539754.nxml.gz_78	12115	13358	4	CD	12660	12661	O	None	None	None
2409	PMC5539754.nxml.gz	PMC5539754.nxml.gz_78	12115	13358	)	)	12661	12662	O	None	None	None
2410	PMC5539754.nxml.gz	PMC5539754.nxml.gz_78	12115	13358	60	CD	12662	12664	O	None	None	None
2411	PMC5539754.nxml.gz	PMC5539754.nxml.gz_78	12115	13358	(	(	12665	12666	O	None	None	None
2412	PMC5539754.nxml.gz	PMC5539754.nxml.gz_78	12115	13358	35	CD	12666	12668	O	None	None	None
2413	PMC5539754.nxml.gz	PMC5539754.nxml.gz_78	12115	13358	.	.	12668	12669	O	None	None	None
2414	PMC5539754.nxml.gz	PMC5539754.nxml.gz_78	12115	13358	7	CD	12669	12670	O	None	None	None
2415	PMC5539754.nxml.gz	PMC5539754.nxml.gz_78	12115	13358	)	)	12670	12671	O	None	None	None
2416	PMC5539754.nxml.gz	PMC5539754.nxml.gz_78	12115	13358	65	CD	12671	12673	O	None	None	None
2417	PMC5539754.nxml.gz	PMC5539754.nxml.gz_78	12115	13358	(	(	12674	12675	O	None	None	None
2418	PMC5539754.nxml.gz	PMC5539754.nxml.gz_78	12115	13358	39	CD	12675	12677	O	None	None	None
2419	PMC5539754.nxml.gz	PMC5539754.nxml.gz_78	12115	13358	.	.	12677	12678	O	None	None	None
2420	PMC5539754.nxml.gz	PMC5539754.nxml.gz_78	12115	13358	2	CD	12678	12679	O	None	None	None
2421	PMC5539754.nxml.gz	PMC5539754.nxml.gz_78	12115	13358	)	)	12679	12680	O	None	None	None
2422	PMC5539754.nxml.gz	PMC5539754.nxml.gz_78	12115	13358	Obese	FW	12681	12686	O	None	None	None
2423	PMC5539754.nxml.gz	PMC5539754.nxml.gz_78	12115	13358	(	(	12687	12688	O	None	None	None
2424	PMC5539754.nxml.gz	PMC5539754.nxml.gz_78	12115	13358	BMI	NNP	12688	12691	O	None	None	None
2425	PMC5539754.nxml.gz	PMC5539754.nxml.gz_78	12115	13358	>	VBZ	12692	12693	O	None	None	None
2426	PMC5539754.nxml.gz	PMC5539754.nxml.gz_78	12115	13358	30	CD	12693	12695	O	None	None	None
2427	PMC5539754.nxml.gz	PMC5539754.nxml.gz_78	12115	13358	.	.	12695	12696	O	None	None	None
2428	PMC5539754.nxml.gz	PMC5539754.nxml.gz_78	12115	13358	0	CD	12696	12697	O	None	None	None
2429	PMC5539754.nxml.gz	PMC5539754.nxml.gz_78	12115	13358	kg	JJ	12698	12700	O	None	None	None
2430	PMC5539754.nxml.gz	PMC5539754.nxml.gz_78	12115	13358	/	NNP	12700	12701	O	None	None	None
2431	PMC5539754.nxml.gz	PMC5539754.nxml.gz_78	12115	13358	m2	NN	12701	12703	O	None	None	None
2432	PMC5539754.nxml.gz	PMC5539754.nxml.gz_78	12115	13358	)	)	12703	12704	O	None	None	None
2433	PMC5539754.nxml.gz	PMC5539754.nxml.gz_78	12115	13358	[	VBZ	12705	12706	O	None	None	None
2434	PMC5539754.nxml.gz	PMC5539754.nxml.gz_78	12115	13358	n	JJ	12706	12707	O	None	None	None
2435	PMC5539754.nxml.gz	PMC5539754.nxml.gz_78	12115	13358	(%)]	$	12708	12712	O	None	None	None
2436	PMC5539754.nxml.gz	PMC5539754.nxml.gz_78	12115	13358	52	CD	12712	12714	O	None	None	None
2437	PMC5539754.nxml.gz	PMC5539754.nxml.gz_78	12115	13358	(	(	12715	12716	O	None	None	None
2438	PMC5539754.nxml.gz	PMC5539754.nxml.gz_78	12115	13358	15	CD	12716	12718	O	None	None	None
2439	PMC5539754.nxml.gz	PMC5539754.nxml.gz_78	12115	13358	.	.	12718	12719	O	None	None	None
2440	PMC5539754.nxml.gz	PMC5539754.nxml.gz_78	12115	13358	6	CD	12719	12720	O	None	None	None
2441	PMC5539754.nxml.gz	PMC5539754.nxml.gz_78	12115	13358	)	)	12720	12721	O	None	None	None
2442	PMC5539754.nxml.gz	PMC5539754.nxml.gz_78	12115	13358	27	CD	12721	12723	O	None	None	None
2443	PMC5539754.nxml.gz	PMC5539754.nxml.gz_78	12115	13358	(	(	12724	12725	O	None	None	None
2444	PMC5539754.nxml.gz	PMC5539754.nxml.gz_78	12115	13358	16	CD	12725	12727	O	None	None	None
2445	PMC5539754.nxml.gz	PMC5539754.nxml.gz_78	12115	13358	.	.	12727	12728	O	None	None	None
2446	PMC5539754.nxml.gz	PMC5539754.nxml.gz_78	12115	13358	1	CD	12728	12729	O	None	None	None
2447	PMC5539754.nxml.gz	PMC5539754.nxml.gz_78	12115	13358	)	)	12729	12730	O	None	None	None
2448	PMC5539754.nxml.gz	PMC5539754.nxml.gz_78	12115	13358	25	CD	12730	12732	O	None	None	None
2449	PMC5539754.nxml.gz	PMC5539754.nxml.gz_78	12115	13358	(	(	12733	12734	O	None	None	None
2450	PMC5539754.nxml.gz	PMC5539754.nxml.gz_78	12115	13358	15	CD	12734	12736	O	None	None	None
2451	PMC5539754.nxml.gz	PMC5539754.nxml.gz_78	12115	13358	.	.	12736	12737	O	None	None	None
2452	PMC5539754.nxml.gz	PMC5539754.nxml.gz_78	12115	13358	1	CD	12737	12738	O	None	None	None
2453	PMC5539754.nxml.gz	PMC5539754.nxml.gz_78	12115	13358	)	)	12738	12739	O	None	None	None
2454	PMC5539754.nxml.gz	PMC5539754.nxml.gz_78	12115	13358	Smoking	NN	12739	12746	O	None	None	None
2455	PMC5539754.nxml.gz	PMC5539754.nxml.gz_78	12115	13358	at	IN	12747	12749	O	None	None	None
2456	PMC5539754.nxml.gz	PMC5539754.nxml.gz_78	12115	13358	baseline	NN	12750	12758	O	None	None	None
2457	PMC5539754.nxml.gz	PMC5539754.nxml.gz_78	12115	13358	[	NNP	12759	12760	O	None	None	None
2458	PMC5539754.nxml.gz	PMC5539754.nxml.gz_78	12115	13358	n	VBZ	12760	12761	O	None	None	None
2459	PMC5539754.nxml.gz	PMC5539754.nxml.gz_78	12115	13358	(%)]	$	12762	12766	O	None	None	None
2460	PMC5539754.nxml.gz	PMC5539754.nxml.gz_78	12115	13358	7	CD	12766	12767	O	None	None	None
2461	PMC5539754.nxml.gz	PMC5539754.nxml.gz_78	12115	13358	(	(	12768	12769	O	None	None	None
2462	PMC5539754.nxml.gz	PMC5539754.nxml.gz_78	12115	13358	2	CD	12769	12770	O	None	None	None
2463	PMC5539754.nxml.gz	PMC5539754.nxml.gz_78	12115	13358	.	.	12770	12771	O	None	None	None
2464	PMC5539754.nxml.gz	PMC5539754.nxml.gz_78	12115	13358	1	CD	12771	12772	O	None	None	None
2465	PMC5539754.nxml.gz	PMC5539754.nxml.gz_78	12115	13358	)	)	12772	12773	O	None	None	None
2466	PMC5539754.nxml.gz	PMC5539754.nxml.gz_78	12115	13358	4	CD	12773	12774	O	None	None	None
2467	PMC5539754.nxml.gz	PMC5539754.nxml.gz_78	12115	13358	(	(	12775	12776	O	None	None	None
2468	PMC5539754.nxml.gz	PMC5539754.nxml.gz_78	12115	13358	2	CD	12776	12777	O	None	None	None
2469	PMC5539754.nxml.gz	PMC5539754.nxml.gz_78	12115	13358	.	.	12777	12778	O	None	None	None
2470	PMC5539754.nxml.gz	PMC5539754.nxml.gz_78	12115	13358	4	CD	12778	12779	O	None	None	None
2471	PMC5539754.nxml.gz	PMC5539754.nxml.gz_78	12115	13358	)	)	12779	12780	O	None	None	None
2472	PMC5539754.nxml.gz	PMC5539754.nxml.gz_78	12115	13358	3	CD	12780	12781	O	None	None	None
2473	PMC5539754.nxml.gz	PMC5539754.nxml.gz_78	12115	13358	(	(	12782	12783	O	None	None	None
2474	PMC5539754.nxml.gz	PMC5539754.nxml.gz_78	12115	13358	1	CD	12783	12784	O	None	None	None
2475	PMC5539754.nxml.gz	PMC5539754.nxml.gz_78	12115	13358	.	.	12784	12785	O	None	None	None
2476	PMC5539754.nxml.gz	PMC5539754.nxml.gz_78	12115	13358	8	CD	12785	12786	O	None	None	None
2477	PMC5539754.nxml.gz	PMC5539754.nxml.gz_78	12115	13358	)	)	12786	12787	O	None	None	None
2478	PMC5539754.nxml.gz	PMC5539754.nxml.gz_78	12115	13358	0	CD	12787	12788	O	None	None	None
2479	PMC5539754.nxml.gz	PMC5539754.nxml.gz_78	12115	13358	.	.	12788	12789	O	None	None	None
2480	PMC5539754.nxml.gz	PMC5539754.nxml.gz_78	12115	13358	697Intervention	CD	12789	12804	O	None	None	None
2481	PMC5539754.nxml.gz	PMC5539754.nxml.gz_78	12115	13358	group	NN	12805	12810	O	None	None	None
2482	PMC5539754.nxml.gz	PMC5539754.nxml.gz_78	12115	13358	[	NNP	12811	12812	O	None	None	None
2483	PMC5539754.nxml.gz	PMC5539754.nxml.gz_78	12115	13358	n	VBZ	12812	12813	O	None	None	None
2484	PMC5539754.nxml.gz	PMC5539754.nxml.gz_78	12115	13358	(%)]	$	12814	12818	O	None	None	None
2485	PMC5539754.nxml.gz	PMC5539754.nxml.gz_78	12115	13358	171	CD	12818	12821	O	None	None	None
2486	PMC5539754.nxml.gz	PMC5539754.nxml.gz_78	12115	13358	(	(	12822	12823	O	None	None	None
2487	PMC5539754.nxml.gz	PMC5539754.nxml.gz_78	12115	13358	51	CD	12823	12825	O	None	None	None
2488	PMC5539754.nxml.gz	PMC5539754.nxml.gz_78	12115	13358	.	.	12825	12826	O	None	None	None
2489	PMC5539754.nxml.gz	PMC5539754.nxml.gz_78	12115	13358	2	CD	12826	12827	O	None	None	None
2490	PMC5539754.nxml.gz	PMC5539754.nxml.gz_78	12115	13358	)	)	12827	12828	O	None	None	None
2491	PMC5539754.nxml.gz	PMC5539754.nxml.gz_78	12115	13358	84	CD	12828	12830	O	None	None	None
2492	PMC5539754.nxml.gz	PMC5539754.nxml.gz_78	12115	13358	(	(	12831	12832	O	None	None	None
2493	PMC5539754.nxml.gz	PMC5539754.nxml.gz_78	12115	13358	50	CD	12832	12834	O	None	None	None
2494	PMC5539754.nxml.gz	PMC5539754.nxml.gz_78	12115	13358	.	.	12834	12835	O	None	None	None
2495	PMC5539754.nxml.gz	PMC5539754.nxml.gz_78	12115	13358	6	CD	12835	12836	O	None	None	None
2496	PMC5539754.nxml.gz	PMC5539754.nxml.gz_78	12115	13358	)	)	12836	12837	O	None	None	None
2497	PMC5539754.nxml.gz	PMC5539754.nxml.gz_78	12115	13358	87	CD	12837	12839	O	None	None	None
2498	PMC5539754.nxml.gz	PMC5539754.nxml.gz_78	12115	13358	(	(	12840	12841	O	None	None	None
2499	PMC5539754.nxml.gz	PMC5539754.nxml.gz_78	12115	13358	50	CD	12841	12843	O	None	None	None
2500	PMC5539754.nxml.gz	PMC5539754.nxml.gz_78	12115	13358	.	.	12843	12844	O	None	None	None
2501	PMC5539754.nxml.gz	PMC5539754.nxml.gz_78	12115	13358	9	CD	12844	12845	O	None	None	None
2502	PMC5539754.nxml.gz	PMC5539754.nxml.gz_78	12115	13358	)	)	12845	12846	O	None	None	None
2503	PMC5539754.nxml.gz	PMC5539754.nxml.gz_78	12115	13358	0	CD	12846	12847	O	None	None	None
2504	PMC5539754.nxml.gz	PMC5539754.nxml.gz_78	12115	13358	.	.	12847	12848	O	None	None	None
2505	PMC5539754.nxml.gz	PMC5539754.nxml.gz_78	12115	13358	829Ethnicity	CD	12848	12860	O	None	None	None
2506	PMC5539754.nxml.gz	PMC5539754.nxml.gz_78	12115	13358	:	:	12860	12861	O	None	None	None
2507	PMC5539754.nxml.gz	PMC5539754.nxml.gz_78	12115	13358	Caucasian	JJ	12862	12871	O	None	None	None
2508	PMC5539754.nxml.gz	PMC5539754.nxml.gz_78	12115	13358	[	NNP	12872	12873	O	None	None	None
2509	PMC5539754.nxml.gz	PMC5539754.nxml.gz_78	12115	13358	n	NN	12873	12874	O	None	None	None
2510	PMC5539754.nxml.gz	PMC5539754.nxml.gz_78	12115	13358	(%)]	NN	12875	12879	O	None	None	None
2511	PMC5539754.nxml.gz	PMC5539754.nxml.gz_78	12115	13358	331	CD	12879	12882	O	None	None	None
2512	PMC5539754.nxml.gz	PMC5539754.nxml.gz_78	12115	13358	(	(	12883	12884	O	None	None	None
2513	PMC5539754.nxml.gz	PMC5539754.nxml.gz_78	12115	13358	99	CD	12884	12886	O	None	None	None
2514	PMC5539754.nxml.gz	PMC5539754.nxml.gz_78	12115	13358	.	.	12886	12887	O	None	None	None
2515	PMC5539754.nxml.gz	PMC5539754.nxml.gz_78	12115	13358	1	CD	12887	12888	O	None	None	None
2516	PMC5539754.nxml.gz	PMC5539754.nxml.gz_78	12115	13358	)	)	12888	12889	O	None	None	None
2517	PMC5539754.nxml.gz	PMC5539754.nxml.gz_78	12115	13358	166	CD	12889	12892	O	None	None	None
2518	PMC5539754.nxml.gz	PMC5539754.nxml.gz_78	12115	13358	(	(	12893	12894	O	None	None	None
2519	PMC5539754.nxml.gz	PMC5539754.nxml.gz_78	12115	13358	100	CD	12894	12897	O	None	None	None
2520	PMC5539754.nxml.gz	PMC5539754.nxml.gz_78	12115	13358	.	.	12897	12898	O	None	None	None
2521	PMC5539754.nxml.gz	PMC5539754.nxml.gz_78	12115	13358	0	CD	12898	12899	O	None	None	None
2522	PMC5539754.nxml.gz	PMC5539754.nxml.gz_78	12115	13358	)	)	12899	12900	O	None	None	None
2523	PMC5539754.nxml.gz	PMC5539754.nxml.gz_78	12115	13358	165	CD	12900	12903	O	None	None	None
2524	PMC5539754.nxml.gz	PMC5539754.nxml.gz_78	12115	13358	(	(	12904	12905	O	None	None	None
2525	PMC5539754.nxml.gz	PMC5539754.nxml.gz_78	12115	13358	98	CD	12905	12907	O	None	None	None
2526	PMC5539754.nxml.gz	PMC5539754.nxml.gz_78	12115	13358	.	.	12907	12908	O	None	None	None
2527	PMC5539754.nxml.gz	PMC5539754.nxml.gz_78	12115	13358	2	CD	12908	12909	O	None	None	None
2528	PMC5539754.nxml.gz	PMC5539754.nxml.gz_78	12115	13358	)	)	12909	12910	O	None	None	None
2529	PMC5539754.nxml.gz	PMC5539754.nxml.gz_78	12115	13358	0	CD	12910	12911	O	None	None	None
2530	PMC5539754.nxml.gz	PMC5539754.nxml.gz_78	12115	13358	.	.	12911	12912	O	None	None	None
2531	PMC5539754.nxml.gz	PMC5539754.nxml.gz_78	12115	13358	250Achieved	CD	12912	12923	O	None	None	None
2532	PMC5539754.nxml.gz	PMC5539754.nxml.gz_78	12115	13358	3rd	CD	12924	12927	O	None	None	None
2533	PMC5539754.nxml.gz	PMC5539754.nxml.gz_78	12115	13358	level	NN	12928	12933	O	None	None	None
2534	PMC5539754.nxml.gz	PMC5539754.nxml.gz_78	12115	13358	education	NN	12934	12943	O	None	None	None
2535	PMC5539754.nxml.gz	PMC5539754.nxml.gz_78	12115	13358	[	NNP	12944	12945	O	None	None	None
2536	PMC5539754.nxml.gz	PMC5539754.nxml.gz_78	12115	13358	n	VBZ	12945	12946	O	None	None	None
2537	PMC5539754.nxml.gz	PMC5539754.nxml.gz_78	12115	13358	(%)]	$	12947	12951	O	None	None	None
2538	PMC5539754.nxml.gz	PMC5539754.nxml.gz_78	12115	13358	177	CD	12951	12954	O	None	None	None
2539	PMC5539754.nxml.gz	PMC5539754.nxml.gz_78	12115	13358	(	(	12955	12956	O	None	None	None
2540	PMC5539754.nxml.gz	PMC5539754.nxml.gz_78	12115	13358	53	CD	12956	12958	O	None	None	None
2541	PMC5539754.nxml.gz	PMC5539754.nxml.gz_78	12115	13358	.	.	12958	12959	O	None	None	None
2542	PMC5539754.nxml.gz	PMC5539754.nxml.gz_78	12115	13358	0	CD	12959	12960	O	None	None	None
2543	PMC5539754.nxml.gz	PMC5539754.nxml.gz_78	12115	13358	)	)	12960	12961	O	None	None	None
2544	PMC5539754.nxml.gz	PMC5539754.nxml.gz_78	12115	13358	87	CD	12961	12963	O	None	None	None
2545	PMC5539754.nxml.gz	PMC5539754.nxml.gz_78	12115	13358	(	(	12964	12965	O	None	None	None
2546	PMC5539754.nxml.gz	PMC5539754.nxml.gz_78	12115	13358	52	CD	12965	12967	O	None	None	None
2547	PMC5539754.nxml.gz	PMC5539754.nxml.gz_78	12115	13358	.	.	12967	12968	O	None	None	None
2548	PMC5539754.nxml.gz	PMC5539754.nxml.gz_78	12115	13358	6	CD	12968	12969	O	None	None	None
2549	PMC5539754.nxml.gz	PMC5539754.nxml.gz_78	12115	13358	)	)	12969	12970	O	None	None	None
2550	PMC5539754.nxml.gz	PMC5539754.nxml.gz_78	12115	13358	90	CD	12970	12972	O	None	None	None
2551	PMC5539754.nxml.gz	PMC5539754.nxml.gz_78	12115	13358	(	(	12973	12974	O	None	None	None
2552	PMC5539754.nxml.gz	PMC5539754.nxml.gz_78	12115	13358	53	CD	12974	12976	O	None	None	None
2553	PMC5539754.nxml.gz	PMC5539754.nxml.gz_78	12115	13358	.	.	12976	12977	O	None	None	None
2554	PMC5539754.nxml.gz	PMC5539754.nxml.gz_78	12115	13358	6	CD	12977	12978	O	None	None	None
2555	PMC5539754.nxml.gz	PMC5539754.nxml.gz_78	12115	13358	)	)	12978	12979	O	None	None	None
2556	PMC5539754.nxml.gz	PMC5539754.nxml.gz_78	12115	13358	0	CD	12979	12980	O	None	None	None
2557	PMC5539754.nxml.gz	PMC5539754.nxml.gz_78	12115	13358	.	.	12980	12981	O	None	None	None
2558	PMC5539754.nxml.gz	PMC5539754.nxml.gz_78	12115	13358	940Birth	CD	12981	12989	O	None	None	None
2559	PMC5539754.nxml.gz	PMC5539754.nxml.gz_78	12115	13358	weight	NN	12990	12996	O	None	None	None
2560	PMC5539754.nxml.gz	PMC5539754.nxml.gz_78	12115	13358	(	(	12997	12998	O	None	None	None
2561	PMC5539754.nxml.gz	PMC5539754.nxml.gz_78	12115	13358	g	NN	12998	12999	O	None	None	None
2562	PMC5539754.nxml.gz	PMC5539754.nxml.gz_78	12115	13358	)	)	12999	13000	O	None	None	None
2563	PMC5539754.nxml.gz	PMC5539754.nxml.gz_78	12115	13358	4065	CD	13000	13004	O	None	None	None
2564	PMC5539754.nxml.gz	PMC5539754.nxml.gz_78	12115	13358	.	.	13004	13005	O	None	None	None
2565	PMC5539754.nxml.gz	PMC5539754.nxml.gz_78	12115	13358	9	CD	13005	13006	O	None	None	None
2566	PMC5539754.nxml.gz	PMC5539754.nxml.gz_78	12115	13358	(	(	13007	13008	O	None	None	None
2567	PMC5539754.nxml.gz	PMC5539754.nxml.gz_78	12115	13358	470	CD	13008	13011	O	None	None	None
2568	PMC5539754.nxml.gz	PMC5539754.nxml.gz_78	12115	13358	.	.	13011	13012	O	None	None	None
2569	PMC5539754.nxml.gz	PMC5539754.nxml.gz_78	12115	13358	0	CD	13012	13013	O	None	None	None
2570	PMC5539754.nxml.gz	PMC5539754.nxml.gz_78	12115	13358	)	)	13013	13014	O	None	None	None
2571	PMC5539754.nxml.gz	PMC5539754.nxml.gz_78	12115	13358	4043	CD	13014	13018	O	None	None	None
2572	PMC5539754.nxml.gz	PMC5539754.nxml.gz_78	12115	13358	.	.	13018	13019	O	None	None	None
2573	PMC5539754.nxml.gz	PMC5539754.nxml.gz_78	12115	13358	1	CD	13019	13020	O	None	None	None
2574	PMC5539754.nxml.gz	PMC5539754.nxml.gz_78	12115	13358	(	(	13021	13022	O	None	None	None
2575	PMC5539754.nxml.gz	PMC5539754.nxml.gz_78	12115	13358	434	CD	13022	13025	O	None	None	None
2576	PMC5539754.nxml.gz	PMC5539754.nxml.gz_78	12115	13358	.	.	13025	13026	O	None	None	None
2577	PMC5539754.nxml.gz	PMC5539754.nxml.gz_78	12115	13358	4	CD	13026	13027	O	None	None	None
2578	PMC5539754.nxml.gz	PMC5539754.nxml.gz_78	12115	13358	)	)	13027	13028	O	None	None	None
2579	PMC5539754.nxml.gz	PMC5539754.nxml.gz_78	12115	13358	4088	CD	13028	13032	O	None	None	None
2580	PMC5539754.nxml.gz	PMC5539754.nxml.gz_78	12115	13358	.	.	13032	13033	O	None	None	None
2581	PMC5539754.nxml.gz	PMC5539754.nxml.gz_78	12115	13358	4	CD	13033	13034	O	None	None	None
2582	PMC5539754.nxml.gz	PMC5539754.nxml.gz_78	12115	13358	(	(	13035	13036	O	None	None	None
2583	PMC5539754.nxml.gz	PMC5539754.nxml.gz_78	12115	13358	503	CD	13036	13039	O	None	None	None
2584	PMC5539754.nxml.gz	PMC5539754.nxml.gz_78	12115	13358	.	.	13039	13040	O	None	None	None
2585	PMC5539754.nxml.gz	PMC5539754.nxml.gz_78	12115	13358	0	CD	13040	13041	O	None	None	None
2586	PMC5539754.nxml.gz	PMC5539754.nxml.gz_78	12115	13358	)	)	13041	13042	O	None	None	None
2587	PMC5539754.nxml.gz	PMC5539754.nxml.gz_78	12115	13358	0	CD	13042	13043	O	None	None	None
2588	PMC5539754.nxml.gz	PMC5539754.nxml.gz_78	12115	13358	.	.	13043	13044	O	None	None	None
2589	PMC5539754.nxml.gz	PMC5539754.nxml.gz_78	12115	13358	382	CD	13044	13047	O	None	None	None
2590	PMC5539754.nxml.gz	PMC5539754.nxml.gz_78	12115	13358	Data	NNPS	13048	13052	O	None	None	None
2591	PMC5539754.nxml.gz	PMC5539754.nxml.gz_78	12115	13358	are	VBP	13053	13056	O	None	None	None
2592	PMC5539754.nxml.gz	PMC5539754.nxml.gz_78	12115	13358	presented	VBN	13057	13066	O	None	None	None
2593	PMC5539754.nxml.gz	PMC5539754.nxml.gz_78	12115	13358	as	IN	13067	13069	O	None	None	None
2594	PMC5539754.nxml.gz	PMC5539754.nxml.gz_78	12115	13358	mean	NN	13070	13074	O	None	None	None
2595	PMC5539754.nxml.gz	PMC5539754.nxml.gz_78	12115	13358	(	(	13075	13076	O	None	None	None
2596	PMC5539754.nxml.gz	PMC5539754.nxml.gz_78	12115	13358	SD	NNP	13076	13078	O	None	None	None
2597	PMC5539754.nxml.gz	PMC5539754.nxml.gz_78	12115	13358	)	)	13078	13079	O	None	None	None
2598	PMC5539754.nxml.gz	PMC5539754.nxml.gz_78	12115	13358	unless	IN	13080	13086	O	None	None	None
2599	PMC5539754.nxml.gz	PMC5539754.nxml.gz_78	12115	13358	otherwise	RB	13087	13096	O	None	None	None
2600	PMC5539754.nxml.gz	PMC5539754.nxml.gz_78	12115	13358	stated	VBN	13097	13103	O	None	None	None
2601	PMC5539754.nxml.gz	PMC5539754.nxml.gz_78	12115	13358	aComparison	NN	13104	13115	O	None	None	None
2602	PMC5539754.nxml.gz	PMC5539754.nxml.gz_78	12115	13358	between	IN	13116	13123	O	None	None	None
2603	PMC5539754.nxml.gz	PMC5539754.nxml.gz_78	12115	13358	winter	NN	13124	13130	O	None	None	None
2604	PMC5539754.nxml.gz	PMC5539754.nxml.gz_78	12115	13358	and	CC	13131	13134	O	None	None	None
2605	PMC5539754.nxml.gz	PMC5539754.nxml.gz_78	12115	13358	summer	NN	13135	13141	O	None	None	None
2606	PMC5539754.nxml.gz	PMC5539754.nxml.gz_78	12115	13358	Participant	NNP	13143	13154	O	None	None	None
2607	PMC5539754.nxml.gz	PMC5539754.nxml.gz_78	12115	13358	characteristics	NNS	13155	13170	O	None	None	None
2608	PMC5539754.nxml.gz	PMC5539754.nxml.gz_78	12115	13358	-	:	13171	13172	O	None	None	None
2609	PMC5539754.nxml.gz	PMC5539754.nxml.gz_78	12115	13358	25OHD	CD	13173	13178	O	None	None	None
2610	PMC5539754.nxml.gz	PMC5539754.nxml.gz_78	12115	13358	,	,	13178	13179	O	None	None	None
2611	PMC5539754.nxml.gz	PMC5539754.nxml.gz_78	12115	13358	season	NN	13180	13186	O	None	None	None
2612	PMC5539754.nxml.gz	PMC5539754.nxml.gz_78	12115	13358	and	CC	13187	13190	O	None	None	None
2613	PMC5539754.nxml.gz	PMC5539754.nxml.gz_78	12115	13358	markers	NNS	13191	13198	O	None	None	None
2614	PMC5539754.nxml.gz	PMC5539754.nxml.gz_78	12115	13358	of	IN	13199	13201	O	None	None	None
2615	PMC5539754.nxml.gz	PMC5539754.nxml.gz_78	12115	13358	glucose	JJ	13202	13209	O	None	None	None
2616	PMC5539754.nxml.gz	PMC5539754.nxml.gz_78	12115	13358	metabolism	NN	13210	13220	O	None	None	None
2617	PMC5539754.nxml.gz	PMC5539754.nxml.gz_78	12115	13358	Median	NNP	13221	13227	O	None	None	None
2618	PMC5539754.nxml.gz	PMC5539754.nxml.gz_78	12115	13358	(	(	13228	13229	O	None	None	None
2619	PMC5539754.nxml.gz	PMC5539754.nxml.gz_78	12115	13358	IQR	NNP	13229	13232	O	None	None	None
2620	PMC5539754.nxml.gz	PMC5539754.nxml.gz_78	12115	13358	)	)	13232	13233	O	None	None	None
2621	PMC5539754.nxml.gz	PMC5539754.nxml.gz_78	12115	13358	25OHD	CD	13234	13239	O	None	None	None
2622	PMC5539754.nxml.gz	PMC5539754.nxml.gz_78	12115	13358	concentrations	NNS	13240	13254	O	None	None	None
2623	PMC5539754.nxml.gz	PMC5539754.nxml.gz_78	12115	13358	were	VBD	13255	13259	O	None	None	None
2624	PMC5539754.nxml.gz	PMC5539754.nxml.gz_78	12115	13358	39	CD	13260	13262	O	None	None	None
2625	PMC5539754.nxml.gz	PMC5539754.nxml.gz_78	12115	13358	.	.	13262	13263	O	None	None	None
2626	PMC5539754.nxml.gz	PMC5539754.nxml.gz_78	12115	13358	2	CD	13263	13264	O	None	None	None
2627	PMC5539754.nxml.gz	PMC5539754.nxml.gz_78	12115	13358	nmol	JJ	13265	13269	O	None	None	None
2628	PMC5539754.nxml.gz	PMC5539754.nxml.gz_78	12115	13358	/	NN	13269	13270	O	None	None	None
2629	PMC5539754.nxml.gz	PMC5539754.nxml.gz_78	12115	13358	L	NNP	13270	13271	O	None	None	None
2630	PMC5539754.nxml.gz	PMC5539754.nxml.gz_78	12115	13358	(	(	13272	13273	O	None	None	None
2631	PMC5539754.nxml.gz	PMC5539754.nxml.gz_78	12115	13358	27	CD	13273	13275	O	None	None	None
2632	PMC5539754.nxml.gz	PMC5539754.nxml.gz_78	12115	13358	.	.	13275	13276	O	None	None	None
2633	PMC5539754.nxml.gz	PMC5539754.nxml.gz_78	12115	13358	2	CD	13276	13277	O	None	None	None
2634	PMC5539754.nxml.gz	PMC5539754.nxml.gz_78	12115	13358	nmol	JJ	13278	13282	O	None	None	None
2635	PMC5539754.nxml.gz	PMC5539754.nxml.gz_78	12115	13358	/	NNP	13282	13283	O	None	None	None
2636	PMC5539754.nxml.gz	PMC5539754.nxml.gz_78	12115	13358	L	NNP	13283	13284	O	None	None	None
2637	PMC5539754.nxml.gz	PMC5539754.nxml.gz_78	12115	13358	)	)	13284	13285	O	None	None	None
2638	PMC5539754.nxml.gz	PMC5539754.nxml.gz_78	12115	13358	and	CC	13286	13289	O	None	None	None
2639	PMC5539754.nxml.gz	PMC5539754.nxml.gz_78	12115	13358	35	CD	13290	13292	O	None	None	None
2640	PMC5539754.nxml.gz	PMC5539754.nxml.gz_78	12115	13358	.	.	13292	13293	O	None	None	None
2641	PMC5539754.nxml.gz	PMC5539754.nxml.gz_78	12115	13358	8	CD	13293	13294	O	None	None	None
2642	PMC5539754.nxml.gz	PMC5539754.nxml.gz_78	12115	13358	nmol	JJ	13295	13299	O	None	None	None
2643	PMC5539754.nxml.gz	PMC5539754.nxml.gz_78	12115	13358	/	NN	13299	13300	O	None	None	None
2644	PMC5539754.nxml.gz	PMC5539754.nxml.gz_78	12115	13358	L	NNP	13300	13301	O	None	None	None
2645	PMC5539754.nxml.gz	PMC5539754.nxml.gz_78	12115	13358	(	(	13302	13303	O	None	None	None
2646	PMC5539754.nxml.gz	PMC5539754.nxml.gz_78	12115	13358	27	CD	13303	13305	O	None	None	None
2647	PMC5539754.nxml.gz	PMC5539754.nxml.gz_78	12115	13358	.	.	13305	13306	O	None	None	None
2648	PMC5539754.nxml.gz	PMC5539754.nxml.gz_78	12115	13358	3	CD	13306	13307	O	None	None	None
2649	PMC5539754.nxml.gz	PMC5539754.nxml.gz_78	12115	13358	nmol	JJ	13308	13312	O	None	None	None
2650	PMC5539754.nxml.gz	PMC5539754.nxml.gz_78	12115	13358	/	NNP	13312	13313	O	None	None	None
2651	PMC5539754.nxml.gz	PMC5539754.nxml.gz_78	12115	13358	L	NNP	13313	13314	O	None	None	None
2652	PMC5539754.nxml.gz	PMC5539754.nxml.gz_78	12115	13358	)	)	13314	13315	O	None	None	None
2653	PMC5539754.nxml.gz	PMC5539754.nxml.gz_78	12115	13358	in	IN	13316	13318	O	None	None	None
2654	PMC5539754.nxml.gz	PMC5539754.nxml.gz_78	12115	13358	early	JJ	13319	13324	O	None	None	None
2655	PMC5539754.nxml.gz	PMC5539754.nxml.gz_78	12115	13358	and	CC	13325	13328	O	None	None	None
2656	PMC5539754.nxml.gz	PMC5539754.nxml.gz_78	12115	13358	late	JJ	13329	13333	O	None	None	None
2657	PMC5539754.nxml.gz	PMC5539754.nxml.gz_78	12115	13358	pregnancy	NN	13334	13343	O	None	None	None
2658	PMC5539754.nxml.gz	PMC5539754.nxml.gz_78	12115	13358	,	,	13343	13344	O	None	None	None
2659	PMC5539754.nxml.gz	PMC5539754.nxml.gz_78	12115	13358	respectively	RB	13345	13357	O	None	None	None
2660	PMC5539754.nxml.gz	PMC5539754.nxml.gz_78	12115	13358	.	.	13357	13358	O	None	None	None
2661	PMC5539754.nxml.gz	PMC5539754.nxml.gz_79	13359	13590	In	IN	13359	13361	O	None	None	None
2662	PMC5539754.nxml.gz	PMC5539754.nxml.gz_79	13359	13590	early	JJ	13362	13367	O	None	None	None
2663	PMC5539754.nxml.gz	PMC5539754.nxml.gz_79	13359	13590	pregnancy	NN	13368	13377	O	None	None	None
2664	PMC5539754.nxml.gz	PMC5539754.nxml.gz_79	13359	13590	,	,	13377	13378	O	None	None	None
2665	PMC5539754.nxml.gz	PMC5539754.nxml.gz_79	13359	13590	attending	VBG	13379	13388	O	None	None	None
2666	PMC5539754.nxml.gz	PMC5539754.nxml.gz_79	13359	13590	the	DT	13389	13392	O	None	None	None
2667	PMC5539754.nxml.gz	PMC5539754.nxml.gz_79	13359	13590	first	JJ	13393	13398	O	None	None	None
2668	PMC5539754.nxml.gz	PMC5539754.nxml.gz_79	13359	13590	antenatal	JJ	13399	13408	O	None	None	None
2669	PMC5539754.nxml.gz	PMC5539754.nxml.gz_79	13359	13590	visit	NN	13409	13414	O	None	None	None
2670	PMC5539754.nxml.gz	PMC5539754.nxml.gz_79	13359	13590	during	IN	13415	13421	O	None	None	None
2671	PMC5539754.nxml.gz	PMC5539754.nxml.gz_79	13359	13590	extended	JJ	13422	13430	O	None	None	None
2672	PMC5539754.nxml.gz	PMC5539754.nxml.gz_79	13359	13590	winter	NN	13431	13437	O	None	None	None
2673	PMC5539754.nxml.gz	PMC5539754.nxml.gz_79	13359	13590	was	VBD	13438	13441	O	None	None	None
2674	PMC5539754.nxml.gz	PMC5539754.nxml.gz_79	13359	13590	associated	VBN	13442	13452	O	None	None	None
2675	PMC5539754.nxml.gz	PMC5539754.nxml.gz_79	13359	13590	with	IN	13453	13457	O	None	None	None
2676	PMC5539754.nxml.gz	PMC5539754.nxml.gz_79	13359	13590	significantly	RB	13458	13471	O	None	None	None
2677	PMC5539754.nxml.gz	PMC5539754.nxml.gz_79	13359	13590	lower	JJR	13472	13477	O	None	None	None
2678	PMC5539754.nxml.gz	PMC5539754.nxml.gz_79	13359	13590	25OHD	CD	13478	13483	O	None	None	None
2679	PMC5539754.nxml.gz	PMC5539754.nxml.gz_79	13359	13590	concentrations	NNS	13484	13498	O	None	None	None
2680	PMC5539754.nxml.gz	PMC5539754.nxml.gz_79	13359	13590	than	IN	13499	13503	O	None	None	None
2681	PMC5539754.nxml.gz	PMC5539754.nxml.gz_79	13359	13590	extended	VBN	13504	13512	O	None	None	None
2682	PMC5539754.nxml.gz	PMC5539754.nxml.gz_79	13359	13590	summer	NN	13513	13519	O	None	None	None
2683	PMC5539754.nxml.gz	PMC5539754.nxml.gz_79	13359	13590	(	(	13520	13521	O	None	None	None
2684	PMC5539754.nxml.gz	PMC5539754.nxml.gz_79	13359	13590	32	CD	13521	13523	O	None	None	None
2685	PMC5539754.nxml.gz	PMC5539754.nxml.gz_79	13359	13590	.	.	13523	13524	O	None	None	None
2686	PMC5539754.nxml.gz	PMC5539754.nxml.gz_79	13359	13590	9	CD	13524	13525	O	None	None	None
2687	PMC5539754.nxml.gz	PMC5539754.nxml.gz_79	13359	13590	nmol	JJ	13526	13530	O	None	None	None
2688	PMC5539754.nxml.gz	PMC5539754.nxml.gz_79	13359	13590	/	NNP	13530	13531	O	None	None	None
2689	PMC5539754.nxml.gz	PMC5539754.nxml.gz_79	13359	13590	L	NNP	13531	13532	O	None	None	None
2690	PMC5539754.nxml.gz	PMC5539754.nxml.gz_79	13359	13590	[	VBD	13533	13534	O	None	None	None
2691	PMC5539754.nxml.gz	PMC5539754.nxml.gz_79	13359	13590	22	CD	13534	13536	O	None	None	None
2692	PMC5539754.nxml.gz	PMC5539754.nxml.gz_79	13359	13590	.	.	13536	13537	O	None	None	None
2693	PMC5539754.nxml.gz	PMC5539754.nxml.gz_79	13359	13590	6	CD	13537	13538	O	None	None	None
2694	PMC5539754.nxml.gz	PMC5539754.nxml.gz_79	13359	13590	nmol	JJ	13539	13543	O	None	None	None
2695	PMC5539754.nxml.gz	PMC5539754.nxml.gz_79	13359	13590	/	NNP	13543	13544	O	None	None	None
2696	PMC5539754.nxml.gz	PMC5539754.nxml.gz_79	13359	13590	L	NNP	13544	13545	O	None	None	None
2697	PMC5539754.nxml.gz	PMC5539754.nxml.gz_79	13359	13590	]	NNP	13545	13546	O	None	None	None
2698	PMC5539754.nxml.gz	PMC5539754.nxml.gz_79	13359	13590	vs	NN	13547	13549	O	None	None	None
2699	PMC5539754.nxml.gz	PMC5539754.nxml.gz_79	13359	13590	.	.	13549	13550	O	None	None	None
2700	PMC5539754.nxml.gz	PMC5539754.nxml.gz_79	13359	13590	44	CD	13551	13553	O	None	None	None
2701	PMC5539754.nxml.gz	PMC5539754.nxml.gz_79	13359	13590	.	.	13553	13554	O	None	None	None
2702	PMC5539754.nxml.gz	PMC5539754.nxml.gz_79	13359	13590	1	CD	13554	13555	O	None	None	None
2703	PMC5539754.nxml.gz	PMC5539754.nxml.gz_79	13359	13590	nmol	JJ	13556	13560	O	None	None	None
2704	PMC5539754.nxml.gz	PMC5539754.nxml.gz_79	13359	13590	/	NNP	13560	13561	O	None	None	None
2705	PMC5539754.nxml.gz	PMC5539754.nxml.gz_79	13359	13590	L	NNP	13561	13562	O	None	None	None
2706	PMC5539754.nxml.gz	PMC5539754.nxml.gz_79	13359	13590	[	VBD	13563	13564	O	None	None	None
2707	PMC5539754.nxml.gz	PMC5539754.nxml.gz_79	13359	13590	27	CD	13564	13566	O	None	None	None
2708	PMC5539754.nxml.gz	PMC5539754.nxml.gz_79	13359	13590	.	.	13566	13567	O	None	None	None
2709	PMC5539754.nxml.gz	PMC5539754.nxml.gz_79	13359	13590	6	CD	13567	13568	O	None	None	None
2710	PMC5539754.nxml.gz	PMC5539754.nxml.gz_79	13359	13590	nmol	JJ	13569	13573	O	None	None	None
2711	PMC5539754.nxml.gz	PMC5539754.nxml.gz_79	13359	13590	/	NNP	13573	13574	O	None	None	None
2712	PMC5539754.nxml.gz	PMC5539754.nxml.gz_79	13359	13590	L	NNP	13574	13575	O	None	None	None
2713	PMC5539754.nxml.gz	PMC5539754.nxml.gz_79	13359	13590	],	NNP	13575	13577	O	None	None	None
2714	PMC5539754.nxml.gz	PMC5539754.nxml.gz_79	13359	13590	P	NNP	13578	13579	O	None	None	None
2715	PMC5539754.nxml.gz	PMC5539754.nxml.gz_79	13359	13590	<	VBD	13581	13582	O	None	None	None
2716	PMC5539754.nxml.gz	PMC5539754.nxml.gz_79	13359	13590	0	CD	13583	13584	O	None	None	None
2717	PMC5539754.nxml.gz	PMC5539754.nxml.gz_79	13359	13590	.	.	13584	13585	O	None	None	None
2718	PMC5539754.nxml.gz	PMC5539754.nxml.gz_79	13359	13590	001	CD	13585	13588	O	None	None	None
2719	PMC5539754.nxml.gz	PMC5539754.nxml.gz_79	13359	13590	).	NN	13588	13590	O	None	None	None
2720	PMC5539754.nxml.gz	PMC5539754.nxml.gz_80	13591	13870	In	IN	13591	13593	O	None	None	None
2721	PMC5539754.nxml.gz	PMC5539754.nxml.gz_80	13591	13870	early	JJ	13594	13599	O	None	None	None
2722	PMC5539754.nxml.gz	PMC5539754.nxml.gz_80	13591	13870	pregnancy	NN	13600	13609	O	None	None	None
2723	PMC5539754.nxml.gz	PMC5539754.nxml.gz_80	13591	13870	,	,	13609	13610	O	None	None	None
2724	PMC5539754.nxml.gz	PMC5539754.nxml.gz_80	13591	13870	those	DT	13611	13616	O	None	None	None
2725	PMC5539754.nxml.gz	PMC5539754.nxml.gz_80	13591	13870	who	WP	13617	13620	O	None	None	None
2726	PMC5539754.nxml.gz	PMC5539754.nxml.gz_80	13591	13870	attended	VBD	13621	13629	O	None	None	None
2727	PMC5539754.nxml.gz	PMC5539754.nxml.gz_80	13591	13870	their	PRP$	13630	13635	O	None	None	None
2728	PMC5539754.nxml.gz	PMC5539754.nxml.gz_80	13591	13870	first	JJ	13636	13641	O	None	None	None
2729	PMC5539754.nxml.gz	PMC5539754.nxml.gz_80	13591	13870	antenatal	JJ	13642	13651	O	None	None	None
2730	PMC5539754.nxml.gz	PMC5539754.nxml.gz_80	13591	13870	visit	NN	13652	13657	O	None	None	None
2731	PMC5539754.nxml.gz	PMC5539754.nxml.gz_80	13591	13870	in	IN	13658	13660	O	None	None	None
2732	PMC5539754.nxml.gz	PMC5539754.nxml.gz_80	13591	13870	extended	JJ	13661	13669	O	None	None	None
2733	PMC5539754.nxml.gz	PMC5539754.nxml.gz_80	13591	13870	winter	NN	13670	13676	O	None	None	None
2734	PMC5539754.nxml.gz	PMC5539754.nxml.gz_80	13591	13870	were	VBD	13677	13681	O	None	None	None
2735	PMC5539754.nxml.gz	PMC5539754.nxml.gz_80	13591	13870	significantly	RB	13682	13695	O	None	None	None
2736	PMC5539754.nxml.gz	PMC5539754.nxml.gz_80	13591	13870	more	RBR	13696	13700	O	None	None	None
2737	PMC5539754.nxml.gz	PMC5539754.nxml.gz_80	13591	13870	likely	JJ	13701	13707	O	None	None	None
2738	PMC5539754.nxml.gz	PMC5539754.nxml.gz_80	13591	13870	to	TO	13708	13710	O	None	None	None
2739	PMC5539754.nxml.gz	PMC5539754.nxml.gz_80	13591	13870	be	VB	13711	13713	O	None	None	None
2740	PMC5539754.nxml.gz	PMC5539754.nxml.gz_80	13591	13870	at	IN	13714	13716	O	None	None	None
2741	PMC5539754.nxml.gz	PMC5539754.nxml.gz_80	13591	13870	risk	NN	13717	13721	O	None	None	None
2742	PMC5539754.nxml.gz	PMC5539754.nxml.gz_80	13591	13870	of	IN	13722	13724	O	None	None	None
2743	PMC5539754.nxml.gz	PMC5539754.nxml.gz_80	13591	13870	25OHD	CD	13725	13730	O	None	None	None
2744	PMC5539754.nxml.gz	PMC5539754.nxml.gz_80	13591	13870	deficiency	NN	13731	13741	O	None	None	None
2745	PMC5539754.nxml.gz	PMC5539754.nxml.gz_80	13591	13870	(<	VBD	13742	13744	O	None	None	None
2746	PMC5539754.nxml.gz	PMC5539754.nxml.gz_80	13591	13870	30	CD	13744	13746	O	None	None	None
2747	PMC5539754.nxml.gz	PMC5539754.nxml.gz_80	13591	13870	nmol	JJ	13747	13751	O	None	None	None
2748	PMC5539754.nxml.gz	PMC5539754.nxml.gz_80	13591	13870	/	NNP	13751	13752	O	None	None	None
2749	PMC5539754.nxml.gz	PMC5539754.nxml.gz_80	13591	13870	L	NNP	13752	13753	O	None	None	None
2750	PMC5539754.nxml.gz	PMC5539754.nxml.gz_80	13591	13870	)	)	13753	13754	O	None	None	None
2751	PMC5539754.nxml.gz	PMC5539754.nxml.gz_80	13591	13870	and	CC	13755	13758	O	None	None	None
2752	PMC5539754.nxml.gz	PMC5539754.nxml.gz_80	13591	13870	25OHD	CD	13759	13764	O	None	None	None
2753	PMC5539754.nxml.gz	PMC5539754.nxml.gz_80	13591	13870	inadequacy	NN	13765	13775	O	None	None	None
2754	PMC5539754.nxml.gz	PMC5539754.nxml.gz_80	13591	13870	(<	VBD	13776	13778	O	None	None	None
2755	PMC5539754.nxml.gz	PMC5539754.nxml.gz_80	13591	13870	50	CD	13778	13780	O	None	None	None
2756	PMC5539754.nxml.gz	PMC5539754.nxml.gz_80	13591	13870	nmol	JJ	13781	13785	O	None	None	None
2757	PMC5539754.nxml.gz	PMC5539754.nxml.gz_80	13591	13870	/	NNP	13785	13786	O	None	None	None
2758	PMC5539754.nxml.gz	PMC5539754.nxml.gz_80	13591	13870	L	NNP	13786	13787	O	None	None	None
2759	PMC5539754.nxml.gz	PMC5539754.nxml.gz_80	13591	13870	),	NNP	13787	13789	O	None	None	None
2760	PMC5539754.nxml.gz	PMC5539754.nxml.gz_80	13591	13870	than	IN	13790	13794	O	None	None	None
2761	PMC5539754.nxml.gz	PMC5539754.nxml.gz_80	13591	13870	those	DT	13795	13800	O	None	None	None
2762	PMC5539754.nxml.gz	PMC5539754.nxml.gz_80	13591	13870	who	WP	13801	13804	O	None	None	None
2763	PMC5539754.nxml.gz	PMC5539754.nxml.gz_80	13591	13870	attended	VBD	13805	13813	O	None	None	None
2764	PMC5539754.nxml.gz	PMC5539754.nxml.gz_80	13591	13870	their	PRP$	13814	13819	O	None	None	None
2765	PMC5539754.nxml.gz	PMC5539754.nxml.gz_80	13591	13870	first	JJ	13820	13825	O	None	None	None
2766	PMC5539754.nxml.gz	PMC5539754.nxml.gz_80	13591	13870	antenatal	JJ	13826	13835	O	None	None	None
2767	PMC5539754.nxml.gz	PMC5539754.nxml.gz_80	13591	13870	visit	NN	13836	13841	O	None	None	None
2768	PMC5539754.nxml.gz	PMC5539754.nxml.gz_80	13591	13870	in	IN	13842	13844	O	None	None	None
2769	PMC5539754.nxml.gz	PMC5539754.nxml.gz_80	13591	13870	extended	JJ	13845	13853	O	None	None	None
2770	PMC5539754.nxml.gz	PMC5539754.nxml.gz_80	13591	13870	summer	NN	13854	13860	O	None	None	None
2771	PMC5539754.nxml.gz	PMC5539754.nxml.gz_80	13591	13870	(	(	13861	13862	O	None	None	None
2772	PMC5539754.nxml.gz	PMC5539754.nxml.gz_80	13591	13870	Table2	NNP	13862	13868	O	None	None	None
2773	PMC5539754.nxml.gz	PMC5539754.nxml.gz_80	13591	13870	).	NNP	13868	13870	O	None	None	None
2774	PMC5539754.nxml.gz	PMC5539754.nxml.gz_81	13871	14091	The	DT	13871	13874	O	None	None	None
2775	PMC5539754.nxml.gz	PMC5539754.nxml.gz_81	13871	14091	median	NN	13875	13881	O	None	None	None
2776	PMC5539754.nxml.gz	PMC5539754.nxml.gz_81	13871	14091	(	(	13882	13883	O	None	None	None
2777	PMC5539754.nxml.gz	PMC5539754.nxml.gz_81	13871	14091	IQR	NNP	13883	13886	O	None	None	None
2778	PMC5539754.nxml.gz	PMC5539754.nxml.gz_81	13871	14091	)	)	13886	13887	O	None	None	None
2779	PMC5539754.nxml.gz	PMC5539754.nxml.gz_81	13871	14091	change	NN	13888	13894	O	None	None	None
2780	PMC5539754.nxml.gz	PMC5539754.nxml.gz_81	13871	14091	in	IN	13895	13897	O	None	None	None
2781	PMC5539754.nxml.gz	PMC5539754.nxml.gz_81	13871	14091	25OHD	CD	13898	13903	O	None	None	None
2782	PMC5539754.nxml.gz	PMC5539754.nxml.gz_81	13871	14091	from	IN	13904	13908	O	None	None	None
2783	PMC5539754.nxml.gz	PMC5539754.nxml.gz_81	13871	14091	early	JJ	13909	13914	O	None	None	None
2784	PMC5539754.nxml.gz	PMC5539754.nxml.gz_81	13871	14091	pregnancy	NN	13915	13924	O	None	None	None
2785	PMC5539754.nxml.gz	PMC5539754.nxml.gz_81	13871	14091	to	TO	13925	13927	O	None	None	None
2786	PMC5539754.nxml.gz	PMC5539754.nxml.gz_81	13871	14091	late	JJ	13928	13932	O	None	None	None
2787	PMC5539754.nxml.gz	PMC5539754.nxml.gz_81	13871	14091	pregnancy	NN	13933	13942	O	None	None	None
2788	PMC5539754.nxml.gz	PMC5539754.nxml.gz_81	13871	14091	among	IN	13943	13948	O	None	None	None
2789	PMC5539754.nxml.gz	PMC5539754.nxml.gz_81	13871	14091	women	NNS	13949	13954	B	NCBITaxon_EXT_2021_10_26_Instance_3635	None	None
2790	PMC5539754.nxml.gz	PMC5539754.nxml.gz_81	13871	14091	attending	VBG	13955	13964	O	None	None	None
2791	PMC5539754.nxml.gz	PMC5539754.nxml.gz_81	13871	14091	the	DT	13965	13968	O	None	None	None
2792	PMC5539754.nxml.gz	PMC5539754.nxml.gz_81	13871	14091	first	JJ	13969	13974	O	None	None	None
2793	PMC5539754.nxml.gz	PMC5539754.nxml.gz_81	13871	14091	antenatal	JJ	13975	13984	O	None	None	None
2794	PMC5539754.nxml.gz	PMC5539754.nxml.gz_81	13871	14091	visit	NN	13985	13990	O	None	None	None
2795	PMC5539754.nxml.gz	PMC5539754.nxml.gz_81	13871	14091	during	IN	13991	13997	O	None	None	None
2796	PMC5539754.nxml.gz	PMC5539754.nxml.gz_81	13871	14091	extended	JJ	13998	14006	O	None	None	None
2797	PMC5539754.nxml.gz	PMC5539754.nxml.gz_81	13871	14091	winter	NN	14007	14013	O	None	None	None
2798	PMC5539754.nxml.gz	PMC5539754.nxml.gz_81	13871	14091	was	VBD	14014	14017	O	None	None	None
2799	PMC5539754.nxml.gz	PMC5539754.nxml.gz_81	13871	14091	0	CD	14018	14019	O	None	None	None
2800	PMC5539754.nxml.gz	PMC5539754.nxml.gz_81	13871	14091	.	.	14019	14020	O	None	None	None
2801	PMC5539754.nxml.gz	PMC5539754.nxml.gz_81	13871	14091	60	CD	14020	14022	O	None	None	None
2802	PMC5539754.nxml.gz	PMC5539754.nxml.gz_81	13871	14091	nmol	JJ	14023	14027	O	None	None	None
2803	PMC5539754.nxml.gz	PMC5539754.nxml.gz_81	13871	14091	/	NN	14027	14028	O	None	None	None
2804	PMC5539754.nxml.gz	PMC5539754.nxml.gz_81	13871	14091	L	NNP	14028	14029	O	None	None	None
2805	PMC5539754.nxml.gz	PMC5539754.nxml.gz_81	13871	14091	(	(	14030	14031	O	None	None	None
2806	PMC5539754.nxml.gz	PMC5539754.nxml.gz_81	13871	14091	22	CD	14031	14033	O	None	None	None
2807	PMC5539754.nxml.gz	PMC5539754.nxml.gz_81	13871	14091	.	.	14033	14034	O	None	None	None
2808	PMC5539754.nxml.gz	PMC5539754.nxml.gz_81	13871	14091	42	CD	14034	14036	O	None	None	None
2809	PMC5539754.nxml.gz	PMC5539754.nxml.gz_81	13871	14091	)	)	14036	14037	O	None	None	None
2810	PMC5539754.nxml.gz	PMC5539754.nxml.gz_81	13871	14091	and	CC	14038	14041	O	None	None	None
2811	PMC5539754.nxml.gz	PMC5539754.nxml.gz_81	13871	14091	during	IN	14042	14048	O	None	None	None
2812	PMC5539754.nxml.gz	PMC5539754.nxml.gz_81	13871	14091	extended	VBN	14049	14057	O	None	None	None
2813	PMC5539754.nxml.gz	PMC5539754.nxml.gz_81	13871	14091	summer	NN	14058	14064	O	None	None	None
2814	PMC5539754.nxml.gz	PMC5539754.nxml.gz_81	13871	14091	was	VBD	14065	14068	O	None	None	None
2815	PMC5539754.nxml.gz	PMC5539754.nxml.gz_81	13871	14091	−	JJ	14069	14070	O	None	None	None
2816	PMC5539754.nxml.gz	PMC5539754.nxml.gz_81	13871	14091	11	CD	14070	14072	O	None	None	None
2817	PMC5539754.nxml.gz	PMC5539754.nxml.gz_81	13871	14091	.	.	14072	14073	O	None	None	None
2818	PMC5539754.nxml.gz	PMC5539754.nxml.gz_81	13871	14091	14	CD	14073	14075	O	None	None	None
2819	PMC5539754.nxml.gz	PMC5539754.nxml.gz_81	13871	14091	nmol	JJ	14076	14080	O	None	None	None
2820	PMC5539754.nxml.gz	PMC5539754.nxml.gz_81	13871	14091	/	NN	14080	14081	O	None	None	None
2821	PMC5539754.nxml.gz	PMC5539754.nxml.gz_81	13871	14091	L	NNP	14081	14082	O	None	None	None
2822	PMC5539754.nxml.gz	PMC5539754.nxml.gz_81	13871	14091	(	(	14083	14084	O	None	None	None
2823	PMC5539754.nxml.gz	PMC5539754.nxml.gz_81	13871	14091	22	CD	14084	14086	O	None	None	None
2824	PMC5539754.nxml.gz	PMC5539754.nxml.gz_81	13871	14091	.	.	14086	14087	O	None	None	None
2825	PMC5539754.nxml.gz	PMC5539754.nxml.gz_81	13871	14091	75	CD	14087	14089	O	None	None	None
2826	PMC5539754.nxml.gz	PMC5539754.nxml.gz_81	13871	14091	).	NN	14089	14091	O	None	None	None
2827	PMC5539754.nxml.gz	PMC5539754.nxml.gz_82	14092	14195	Mean	NNP	14092	14096	O	None	None	None
2828	PMC5539754.nxml.gz	PMC5539754.nxml.gz_82	14092	14195	early	JJ	14097	14102	O	None	None	None
2829	PMC5539754.nxml.gz	PMC5539754.nxml.gz_82	14092	14195	pregnancy	NN	14103	14112	O	None	None	None
2830	PMC5539754.nxml.gz	PMC5539754.nxml.gz_82	14092	14195	25OHD	CD	14113	14118	O	None	None	None
2831	PMC5539754.nxml.gz	PMC5539754.nxml.gz_82	14092	14195	versus	JJ	14119	14125	O	None	None	None
2832	PMC5539754.nxml.gz	PMC5539754.nxml.gz_82	14092	14195	month	NN	14126	14131	O	None	None	None
2833	PMC5539754.nxml.gz	PMC5539754.nxml.gz_82	14092	14195	of	IN	14132	14134	O	None	None	None
2834	PMC5539754.nxml.gz	PMC5539754.nxml.gz_82	14092	14195	first	JJ	14135	14140	O	None	None	None
2835	PMC5539754.nxml.gz	PMC5539754.nxml.gz_82	14092	14195	antenatal	JJ	14141	14150	O	None	None	None
2836	PMC5539754.nxml.gz	PMC5539754.nxml.gz_82	14092	14195	visit	NN	14151	14156	O	None	None	None
2837	PMC5539754.nxml.gz	PMC5539754.nxml.gz_82	14092	14195	is	VBZ	14157	14159	O	None	None	None
2838	PMC5539754.nxml.gz	PMC5539754.nxml.gz_82	14092	14195	displayed	VBN	14160	14169	O	None	None	None
2839	PMC5539754.nxml.gz	PMC5539754.nxml.gz_82	14092	14195	in	IN	14170	14172	O	None	None	None
2840	PMC5539754.nxml.gz	PMC5539754.nxml.gz_82	14092	14195	Additional	NNP	14173	14183	O	None	None	None
2841	PMC5539754.nxml.gz	PMC5539754.nxml.gz_82	14092	14195	file1	NN	14184	14189	O	None	None	None
2842	PMC5539754.nxml.gz	PMC5539754.nxml.gz_82	14092	14195	:	:	14189	14190	O	None	None	None
2843	PMC5539754.nxml.gz	PMC5539754.nxml.gz_82	14092	14195	Fig	NNP	14191	14194	O	None	None	None
2844	PMC5539754.nxml.gz	PMC5539754.nxml.gz_82	14092	14195	.	.	14194	14195	O	None	None	None
2845	PMC5539754.nxml.gz	PMC5539754.nxml.gz_83	14196	14199	S1	NNP	14196	14198	O	None	None	None
2846	PMC5539754.nxml.gz	PMC5539754.nxml.gz_83	14196	14199	.	.	14198	14199	O	None	None	None
2847	PMC5539754.nxml.gz	PMC5539754.nxml.gz_84	14200	14365	In	IN	14200	14202	O	None	None	None
2848	PMC5539754.nxml.gz	PMC5539754.nxml.gz_84	14200	14365	early	JJ	14203	14208	O	None	None	None
2849	PMC5539754.nxml.gz	PMC5539754.nxml.gz_84	14200	14365	pregnancy	NN	14209	14218	O	None	None	None
2850	PMC5539754.nxml.gz	PMC5539754.nxml.gz_84	14200	14365	,	,	14218	14219	O	None	None	None
2851	PMC5539754.nxml.gz	PMC5539754.nxml.gz_84	14200	14365	insulin	NN	14220	14227	O	None	None	None
2852	PMC5539754.nxml.gz	PMC5539754.nxml.gz_84	14200	14365	and	CC	14228	14231	O	None	None	None
2853	PMC5539754.nxml.gz	PMC5539754.nxml.gz_84	14200	14365	HOMA	NNP	14232	14236	O	None	None	None
2854	PMC5539754.nxml.gz	PMC5539754.nxml.gz_84	14200	14365	-	:	14236	14237	O	None	None	None
2855	PMC5539754.nxml.gz	PMC5539754.nxml.gz_84	14200	14365	IR	NN	14237	14239	O	None	None	None
2856	PMC5539754.nxml.gz	PMC5539754.nxml.gz_84	14200	14365	,	,	14239	14240	O	None	None	None
2857	PMC5539754.nxml.gz	PMC5539754.nxml.gz_84	14200	14365	but	CC	14241	14244	O	None	None	None
2858	PMC5539754.nxml.gz	PMC5539754.nxml.gz_84	14200	14365	not	RB	14245	14248	O	None	None	None
2859	PMC5539754.nxml.gz	PMC5539754.nxml.gz_84	14200	14365	glucose	JJ	14249	14256	O	None	None	None
2860	PMC5539754.nxml.gz	PMC5539754.nxml.gz_84	14200	14365	,	,	14256	14257	O	None	None	None
2861	PMC5539754.nxml.gz	PMC5539754.nxml.gz_84	14200	14365	were	VBD	14258	14262	O	None	None	None
2862	PMC5539754.nxml.gz	PMC5539754.nxml.gz_84	14200	14365	significantly	RB	14263	14276	O	None	None	None
2863	PMC5539754.nxml.gz	PMC5539754.nxml.gz_84	14200	14365	higher	JJR	14277	14283	O	None	None	None
2864	PMC5539754.nxml.gz	PMC5539754.nxml.gz_84	14200	14365	among	IN	14284	14289	O	None	None	None
2865	PMC5539754.nxml.gz	PMC5539754.nxml.gz_84	14200	14365	those	DT	14290	14295	O	None	None	None
2866	PMC5539754.nxml.gz	PMC5539754.nxml.gz_84	14200	14365	who	WP	14296	14299	O	None	None	None
2867	PMC5539754.nxml.gz	PMC5539754.nxml.gz_84	14200	14365	attended	VBD	14300	14308	O	None	None	None
2868	PMC5539754.nxml.gz	PMC5539754.nxml.gz_84	14200	14365	their	PRP$	14309	14314	O	None	None	None
2869	PMC5539754.nxml.gz	PMC5539754.nxml.gz_84	14200	14365	first	JJ	14315	14320	O	None	None	None
2870	PMC5539754.nxml.gz	PMC5539754.nxml.gz_84	14200	14365	antenatal	JJ	14321	14330	O	None	None	None
2871	PMC5539754.nxml.gz	PMC5539754.nxml.gz_84	14200	14365	visit	NN	14331	14336	O	None	None	None
2872	PMC5539754.nxml.gz	PMC5539754.nxml.gz_84	14200	14365	in	IN	14337	14339	O	None	None	None
2873	PMC5539754.nxml.gz	PMC5539754.nxml.gz_84	14200	14365	extended	JJ	14340	14348	O	None	None	None
2874	PMC5539754.nxml.gz	PMC5539754.nxml.gz_84	14200	14365	winter	NN	14349	14355	O	None	None	None
2875	PMC5539754.nxml.gz	PMC5539754.nxml.gz_84	14200	14365	(	(	14356	14357	O	None	None	None
2876	PMC5539754.nxml.gz	PMC5539754.nxml.gz_84	14200	14365	Table2	NNP	14357	14363	O	None	None	None
2877	PMC5539754.nxml.gz	PMC5539754.nxml.gz_84	14200	14365	).	NNP	14363	14365	O	None	None	None
2878	PMC5539754.nxml.gz	PMC5539754.nxml.gz_85	14367	15638	Caption	NNP	14367	14374	O	None	None	None
2879	PMC5539754.nxml.gz	PMC5539754.nxml.gz_85	14367	15638	(	(	14375	14376	O	None	None	None
2880	PMC5539754.nxml.gz	PMC5539754.nxml.gz_85	14367	15638	TABLE	NNP	14376	14381	O	None	None	None
2881	PMC5539754.nxml.gz	PMC5539754.nxml.gz_85	14367	15638	-	:	14381	14382	O	None	None	None
2882	PMC5539754.nxml.gz	PMC5539754.nxml.gz_85	14367	15638	WRAP	NNP	14382	14386	O	None	None	None
2883	PMC5539754.nxml.gz	PMC5539754.nxml.gz_85	14367	15638	):	NNP	14386	14388	O	None	None	None
2884	PMC5539754.nxml.gz	PMC5539754.nxml.gz_85	14367	15638	TABLE	NNP	14389	14394	O	None	None	None
2885	PMC5539754.nxml.gz	PMC5539754.nxml.gz_85	14367	15638	2	CD	14395	14396	O	None	None	None
2886	PMC5539754.nxml.gz	PMC5539754.nxml.gz_85	14367	15638	Maternal	NNP	14398	14406	O	None	None	None
2887	PMC5539754.nxml.gz	PMC5539754.nxml.gz_85	14367	15638	25OHD	CD	14407	14412	O	None	None	None
2888	PMC5539754.nxml.gz	PMC5539754.nxml.gz_85	14367	15638	and	CC	14413	14416	O	None	None	None
2889	PMC5539754.nxml.gz	PMC5539754.nxml.gz_85	14367	15638	markers	NNS	14417	14424	O	None	None	None
2890	PMC5539754.nxml.gz	PMC5539754.nxml.gz_85	14367	15638	of	IN	14425	14427	O	None	None	None
2891	PMC5539754.nxml.gz	PMC5539754.nxml.gz_85	14367	15638	glucose	JJ	14428	14435	O	None	None	None
2892	PMC5539754.nxml.gz	PMC5539754.nxml.gz_85	14367	15638	metabolism	NN	14436	14446	O	None	None	None
2893	PMC5539754.nxml.gz	PMC5539754.nxml.gz_85	14367	15638	in	IN	14447	14449	O	None	None	None
2894	PMC5539754.nxml.gz	PMC5539754.nxml.gz_85	14367	15638	early	JJ	14450	14455	O	None	None	None
2895	PMC5539754.nxml.gz	PMC5539754.nxml.gz_85	14367	15638	and	CC	14456	14459	O	None	None	None
2896	PMC5539754.nxml.gz	PMC5539754.nxml.gz_85	14367	15638	late	JJ	14460	14464	O	None	None	None
2897	PMC5539754.nxml.gz	PMC5539754.nxml.gz_85	14367	15638	pregnancy	NN	14465	14474	O	None	None	None
2898	PMC5539754.nxml.gz	PMC5539754.nxml.gz_85	14367	15638	among	IN	14475	14480	O	None	None	None
2899	PMC5539754.nxml.gz	PMC5539754.nxml.gz_85	14367	15638	the	DT	14481	14484	O	None	None	None
2900	PMC5539754.nxml.gz	PMC5539754.nxml.gz_85	14367	15638	total	JJ	14485	14490	O	None	None	None
2901	PMC5539754.nxml.gz	PMC5539754.nxml.gz_85	14367	15638	group	NN	14491	14496	O	None	None	None
2902	PMC5539754.nxml.gz	PMC5539754.nxml.gz_85	14367	15638	and	CC	14497	14500	O	None	None	None
2903	PMC5539754.nxml.gz	PMC5539754.nxml.gz_85	14367	15638	categorised	VBN	14501	14512	O	None	None	None
2904	PMC5539754.nxml.gz	PMC5539754.nxml.gz_85	14367	15638	by	IN	14513	14515	O	None	None	None
2905	PMC5539754.nxml.gz	PMC5539754.nxml.gz_85	14367	15638	season	NN	14516	14522	O	None	None	None
2906	PMC5539754.nxml.gz	PMC5539754.nxml.gz_85	14367	15638	of	IN	14523	14525	O	None	None	None
2907	PMC5539754.nxml.gz	PMC5539754.nxml.gz_85	14367	15638	first	JJ	14526	14531	O	None	None	None
2908	PMC5539754.nxml.gz	PMC5539754.nxml.gz_85	14367	15638	antenatal	JJ	14532	14541	O	None	None	None
2909	PMC5539754.nxml.gz	PMC5539754.nxml.gz_85	14367	15638	visitSeason	NN	14542	14553	O	None	None	None
2910	PMC5539754.nxml.gz	PMC5539754.nxml.gz_85	14367	15638	at	IN	14554	14556	O	None	None	None
2911	PMC5539754.nxml.gz	PMC5539754.nxml.gz_85	14367	15638	first	JJ	14557	14562	O	None	None	None
2912	PMC5539754.nxml.gz	PMC5539754.nxml.gz_85	14367	15638	antenatal	JJ	14563	14572	O	None	None	None
2913	PMC5539754.nxml.gz	PMC5539754.nxml.gz_85	14367	15638	visitTotal	NN	14573	14583	O	None	None	None
2914	PMC5539754.nxml.gz	PMC5539754.nxml.gz_85	14367	15638	Group	NNP	14584	14589	O	None	None	None
2915	PMC5539754.nxml.gz	PMC5539754.nxml.gz_85	14367	15638	(	(	14589	14590	O	None	None	None
2916	PMC5539754.nxml.gz	PMC5539754.nxml.gz_85	14367	15638	n	JJ	14591	14592	O	None	None	None
2917	PMC5539754.nxml.gz	PMC5539754.nxml.gz_85	14367	15638	=	NNP	14594	14595	O	None	None	None
2918	PMC5539754.nxml.gz	PMC5539754.nxml.gz_85	14367	15638	334	CD	14596	14599	O	None	None	None
2919	PMC5539754.nxml.gz	PMC5539754.nxml.gz_85	14367	15638	)	)	14599	14600	O	None	None	None
2920	PMC5539754.nxml.gz	PMC5539754.nxml.gz_85	14367	15638	Winter	NN	14600	14606	O	None	None	None
2921	PMC5539754.nxml.gz	PMC5539754.nxml.gz_85	14367	15638	(	(	14606	14607	O	None	None	None
2922	PMC5539754.nxml.gz	PMC5539754.nxml.gz_85	14367	15638	n	JJ	14608	14609	O	None	None	None
2923	PMC5539754.nxml.gz	PMC5539754.nxml.gz_85	14367	15638	=	NNP	14611	14612	O	None	None	None
2924	PMC5539754.nxml.gz	PMC5539754.nxml.gz_85	14367	15638	166	CD	14613	14616	O	None	None	None
2925	PMC5539754.nxml.gz	PMC5539754.nxml.gz_85	14367	15638	)	)	14616	14617	O	None	None	None
2926	PMC5539754.nxml.gz	PMC5539754.nxml.gz_85	14367	15638	Summer	NNP	14617	14623	O	None	None	None
2927	PMC5539754.nxml.gz	PMC5539754.nxml.gz_85	14367	15638	(	(	14623	14624	O	None	None	None
2928	PMC5539754.nxml.gz	PMC5539754.nxml.gz_85	14367	15638	n	JJ	14625	14626	O	None	None	None
2929	PMC5539754.nxml.gz	PMC5539754.nxml.gz_85	14367	15638	=	NNP	14628	14629	O	None	None	None
2930	PMC5539754.nxml.gz	PMC5539754.nxml.gz_85	14367	15638	168	CD	14630	14633	O	None	None	None
2931	PMC5539754.nxml.gz	PMC5539754.nxml.gz_85	14367	15638	)	)	14633	14634	O	None	None	None
2932	PMC5539754.nxml.gz	PMC5539754.nxml.gz_85	14367	15638	Pd25OHD	NNP	14635	14642	O	None	None	None
2933	PMC5539754.nxml.gz	PMC5539754.nxml.gz_85	14367	15638	early	JJ	14643	14648	O	None	None	None
2934	PMC5539754.nxml.gz	PMC5539754.nxml.gz_85	14367	15638	<	NN	14649	14650	O	None	None	None
2935	PMC5539754.nxml.gz	PMC5539754.nxml.gz_85	14367	15638	30	CD	14650	14652	O	None	None	None
2936	PMC5539754.nxml.gz	PMC5539754.nxml.gz_85	14367	15638	nmol	JJ	14653	14657	O	None	None	None
2937	PMC5539754.nxml.gz	PMC5539754.nxml.gz_85	14367	15638	/	NN	14657	14658	O	None	None	None
2938	PMC5539754.nxml.gz	PMC5539754.nxml.gz_85	14367	15638	La90	NNP	14658	14662	O	None	None	None
2939	PMC5539754.nxml.gz	PMC5539754.nxml.gz_85	14367	15638	(	(	14663	14664	O	None	None	None
2940	PMC5539754.nxml.gz	PMC5539754.nxml.gz_85	14367	15638	26	CD	14664	14666	O	None	None	None
2941	PMC5539754.nxml.gz	PMC5539754.nxml.gz_85	14367	15638	.	.	14666	14667	O	None	None	None
2942	PMC5539754.nxml.gz	PMC5539754.nxml.gz_85	14367	15638	9	CD	14667	14668	O	None	None	None
2943	PMC5539754.nxml.gz	PMC5539754.nxml.gz_85	14367	15638	)	)	14668	14669	O	None	None	None
2944	PMC5539754.nxml.gz	PMC5539754.nxml.gz_85	14367	15638	64	CD	14669	14671	O	None	None	None
2945	PMC5539754.nxml.gz	PMC5539754.nxml.gz_85	14367	15638	(	(	14672	14673	O	None	None	None
2946	PMC5539754.nxml.gz	PMC5539754.nxml.gz_85	14367	15638	38	CD	14673	14675	O	None	None	None
2947	PMC5539754.nxml.gz	PMC5539754.nxml.gz_85	14367	15638	.	.	14675	14676	O	None	None	None
2948	PMC5539754.nxml.gz	PMC5539754.nxml.gz_85	14367	15638	6	CD	14676	14677	O	None	None	None
2949	PMC5539754.nxml.gz	PMC5539754.nxml.gz_85	14367	15638	)	)	14677	14678	O	None	None	None
2950	PMC5539754.nxml.gz	PMC5539754.nxml.gz_85	14367	15638	26	CD	14678	14680	O	None	None	None
2951	PMC5539754.nxml.gz	PMC5539754.nxml.gz_85	14367	15638	(	(	14681	14682	O	None	None	None
2952	PMC5539754.nxml.gz	PMC5539754.nxml.gz_85	14367	15638	15	CD	14682	14684	O	None	None	None
2953	PMC5539754.nxml.gz	PMC5539754.nxml.gz_85	14367	15638	.	.	14684	14685	O	None	None	None
2954	PMC5539754.nxml.gz	PMC5539754.nxml.gz_85	14367	15638	5	CD	14685	14686	O	None	None	None
2955	PMC5539754.nxml.gz	PMC5539754.nxml.gz_85	14367	15638	)<	JJ	14686	14688	O	None	None	None
2956	PMC5539754.nxml.gz	PMC5539754.nxml.gz_85	14367	15638	0	CD	14688	14689	O	None	None	None
2957	PMC5539754.nxml.gz	PMC5539754.nxml.gz_85	14367	15638	.	.	14689	14690	O	None	None	None
2958	PMC5539754.nxml.gz	PMC5539754.nxml.gz_85	14367	15638	00125OHD	CD	14690	14698	O	None	None	None
2959	PMC5539754.nxml.gz	PMC5539754.nxml.gz_85	14367	15638	early	JJ	14699	14704	O	None	None	None
2960	PMC5539754.nxml.gz	PMC5539754.nxml.gz_85	14367	15638	<	NN	14705	14706	O	None	None	None
2961	PMC5539754.nxml.gz	PMC5539754.nxml.gz_85	14367	15638	50	CD	14706	14708	O	None	None	None
2962	PMC5539754.nxml.gz	PMC5539754.nxml.gz_85	14367	15638	nmol	JJ	14709	14713	O	None	None	None
2963	PMC5539754.nxml.gz	PMC5539754.nxml.gz_85	14367	15638	/	NN	14713	14714	O	None	None	None
2964	PMC5539754.nxml.gz	PMC5539754.nxml.gz_85	14367	15638	La205	NNP	14714	14719	O	None	None	None
2965	PMC5539754.nxml.gz	PMC5539754.nxml.gz_85	14367	15638	(	(	14720	14721	O	None	None	None
2966	PMC5539754.nxml.gz	PMC5539754.nxml.gz_85	14367	15638	61	CD	14721	14723	O	None	None	None
2967	PMC5539754.nxml.gz	PMC5539754.nxml.gz_85	14367	15638	.	.	14723	14724	O	None	None	None
2968	PMC5539754.nxml.gz	PMC5539754.nxml.gz_85	14367	15638	4	CD	14724	14725	O	None	None	None
2969	PMC5539754.nxml.gz	PMC5539754.nxml.gz_85	14367	15638	)	)	14725	14726	O	None	None	None
2970	PMC5539754.nxml.gz	PMC5539754.nxml.gz_85	14367	15638	121	CD	14726	14729	O	None	None	None
2971	PMC5539754.nxml.gz	PMC5539754.nxml.gz_85	14367	15638	(	(	14730	14731	O	None	None	None
2972	PMC5539754.nxml.gz	PMC5539754.nxml.gz_85	14367	15638	72	CD	14731	14733	O	None	None	None
2973	PMC5539754.nxml.gz	PMC5539754.nxml.gz_85	14367	15638	.	.	14733	14734	O	None	None	None
2974	PMC5539754.nxml.gz	PMC5539754.nxml.gz_85	14367	15638	9	CD	14734	14735	O	None	None	None
2975	PMC5539754.nxml.gz	PMC5539754.nxml.gz_85	14367	15638	)	)	14735	14736	O	None	None	None
2976	PMC5539754.nxml.gz	PMC5539754.nxml.gz_85	14367	15638	84	CD	14736	14738	O	None	None	None
2977	PMC5539754.nxml.gz	PMC5539754.nxml.gz_85	14367	15638	(	(	14739	14740	O	None	None	None
2978	PMC5539754.nxml.gz	PMC5539754.nxml.gz_85	14367	15638	50	CD	14740	14742	O	None	None	None
2979	PMC5539754.nxml.gz	PMC5539754.nxml.gz_85	14367	15638	.	.	14742	14743	O	None	None	None
2980	PMC5539754.nxml.gz	PMC5539754.nxml.gz_85	14367	15638	0	CD	14743	14744	O	None	None	None
2981	PMC5539754.nxml.gz	PMC5539754.nxml.gz_85	14367	15638	)	)	14744	14745	O	None	None	None
2982	PMC5539754.nxml.gz	PMC5539754.nxml.gz_85	14367	15638	0	CD	14745	14746	O	None	None	None
2983	PMC5539754.nxml.gz	PMC5539754.nxml.gz_85	14367	15638	.	.	14746	14747	O	None	None	None
2984	PMC5539754.nxml.gz	PMC5539754.nxml.gz_85	14367	15638	00225OHD	CD	14747	14755	O	None	None	None
2985	PMC5539754.nxml.gz	PMC5539754.nxml.gz_85	14367	15638	28	CD	14756	14758	O	None	None	None
2986	PMC5539754.nxml.gz	PMC5539754.nxml.gz_85	14367	15638	weeks	NNS	14759	14764	O	None	None	None
2987	PMC5539754.nxml.gz	PMC5539754.nxml.gz_85	14367	15638	<	RB	14765	14766	O	None	None	None
2988	PMC5539754.nxml.gz	PMC5539754.nxml.gz_85	14367	15638	30	CD	14766	14768	O	None	None	None
2989	PMC5539754.nxml.gz	PMC5539754.nxml.gz_85	14367	15638	nmol	JJ	14769	14773	O	None	None	None
2990	PMC5539754.nxml.gz	PMC5539754.nxml.gz_85	14367	15638	/	NN	14773	14774	O	None	None	None
2991	PMC5539754.nxml.gz	PMC5539754.nxml.gz_85	14367	15638	La111	NNP	14774	14779	O	None	None	None
2992	PMC5539754.nxml.gz	PMC5539754.nxml.gz_85	14367	15638	(	(	14780	14781	O	None	None	None
2993	PMC5539754.nxml.gz	PMC5539754.nxml.gz_85	14367	15638	33	CD	14781	14783	O	None	None	None
2994	PMC5539754.nxml.gz	PMC5539754.nxml.gz_85	14367	15638	.	.	14783	14784	O	None	None	None
2995	PMC5539754.nxml.gz	PMC5539754.nxml.gz_85	14367	15638	2	CD	14784	14785	O	None	None	None
2996	PMC5539754.nxml.gz	PMC5539754.nxml.gz_85	14367	15638	)	)	14785	14786	O	None	None	None
2997	PMC5539754.nxml.gz	PMC5539754.nxml.gz_85	14367	15638	56	CD	14786	14788	O	None	None	None
2998	PMC5539754.nxml.gz	PMC5539754.nxml.gz_85	14367	15638	(	(	14789	14790	O	None	None	None
2999	PMC5539754.nxml.gz	PMC5539754.nxml.gz_85	14367	15638	33	CD	14790	14792	O	None	None	None
3000	PMC5539754.nxml.gz	PMC5539754.nxml.gz_85	14367	15638	.	.	14792	14793	O	None	None	None
3001	PMC5539754.nxml.gz	PMC5539754.nxml.gz_85	14367	15638	7	CD	14793	14794	O	None	None	None
3002	PMC5539754.nxml.gz	PMC5539754.nxml.gz_85	14367	15638	)	)	14794	14795	O	None	None	None
3003	PMC5539754.nxml.gz	PMC5539754.nxml.gz_85	14367	15638	55	CD	14795	14797	O	None	None	None
3004	PMC5539754.nxml.gz	PMC5539754.nxml.gz_85	14367	15638	(	(	14798	14799	O	None	None	None
3005	PMC5539754.nxml.gz	PMC5539754.nxml.gz_85	14367	15638	32	CD	14799	14801	O	None	None	None
3006	PMC5539754.nxml.gz	PMC5539754.nxml.gz_85	14367	15638	.	.	14801	14802	O	None	None	None
3007	PMC5539754.nxml.gz	PMC5539754.nxml.gz_85	14367	15638	7	CD	14802	14803	O	None	None	None
3008	PMC5539754.nxml.gz	PMC5539754.nxml.gz_85	14367	15638	)	)	14803	14804	O	None	None	None
3009	PMC5539754.nxml.gz	PMC5539754.nxml.gz_85	14367	15638	0	CD	14804	14805	O	None	None	None
3010	PMC5539754.nxml.gz	PMC5539754.nxml.gz_85	14367	15638	.	.	14805	14806	O	None	None	None
3011	PMC5539754.nxml.gz	PMC5539754.nxml.gz_85	14367	15638	66225OHD	CD	14806	14814	O	None	None	None
3012	PMC5539754.nxml.gz	PMC5539754.nxml.gz_85	14367	15638	28	CD	14815	14817	O	None	None	None
3013	PMC5539754.nxml.gz	PMC5539754.nxml.gz_85	14367	15638	weeks	NNS	14818	14823	O	None	None	None
3014	PMC5539754.nxml.gz	PMC5539754.nxml.gz_85	14367	15638	<	RB	14824	14825	O	None	None	None
3015	PMC5539754.nxml.gz	PMC5539754.nxml.gz_85	14367	15638	50	CD	14825	14827	O	None	None	None
3016	PMC5539754.nxml.gz	PMC5539754.nxml.gz_85	14367	15638	nmol	JJ	14828	14832	O	None	None	None
3017	PMC5539754.nxml.gz	PMC5539754.nxml.gz_85	14367	15638	/	NN	14832	14833	O	None	None	None
3018	PMC5539754.nxml.gz	PMC5539754.nxml.gz_85	14367	15638	La211	NNP	14833	14838	O	None	None	None
3019	PMC5539754.nxml.gz	PMC5539754.nxml.gz_85	14367	15638	(	(	14839	14840	O	None	None	None
3020	PMC5539754.nxml.gz	PMC5539754.nxml.gz_85	14367	15638	63	CD	14840	14842	O	None	None	None
3021	PMC5539754.nxml.gz	PMC5539754.nxml.gz_85	14367	15638	.	.	14842	14843	O	None	None	None
3022	PMC5539754.nxml.gz	PMC5539754.nxml.gz_85	14367	15638	2	CD	14843	14844	O	None	None	None
3023	PMC5539754.nxml.gz	PMC5539754.nxml.gz_85	14367	15638	)	)	14844	14845	O	None	None	None
3024	PMC5539754.nxml.gz	PMC5539754.nxml.gz_85	14367	15638	103	CD	14845	14848	O	None	None	None
3025	PMC5539754.nxml.gz	PMC5539754.nxml.gz_85	14367	15638	(	(	14849	14850	O	None	None	None
3026	PMC5539754.nxml.gz	PMC5539754.nxml.gz_85	14367	15638	62	CD	14850	14852	O	None	None	None
3027	PMC5539754.nxml.gz	PMC5539754.nxml.gz_85	14367	15638	.	.	14852	14853	O	None	None	None
3028	PMC5539754.nxml.gz	PMC5539754.nxml.gz_85	14367	15638	0	CD	14853	14854	O	None	None	None
3029	PMC5539754.nxml.gz	PMC5539754.nxml.gz_85	14367	15638	)	)	14854	14855	O	None	None	None
3030	PMC5539754.nxml.gz	PMC5539754.nxml.gz_85	14367	15638	107	CD	14855	14858	O	None	None	None
3031	PMC5539754.nxml.gz	PMC5539754.nxml.gz_85	14367	15638	(	(	14859	14860	O	None	None	None
3032	PMC5539754.nxml.gz	PMC5539754.nxml.gz_85	14367	15638	63	CD	14860	14862	O	None	None	None
3033	PMC5539754.nxml.gz	PMC5539754.nxml.gz_85	14367	15638	.	.	14862	14863	O	None	None	None
3034	PMC5539754.nxml.gz	PMC5539754.nxml.gz_85	14367	15638	7	CD	14863	14864	O	None	None	None
3035	PMC5539754.nxml.gz	PMC5539754.nxml.gz_85	14367	15638	)	)	14864	14865	O	None	None	None
3036	PMC5539754.nxml.gz	PMC5539754.nxml.gz_85	14367	15638	0	CD	14865	14866	O	None	None	None
3037	PMC5539754.nxml.gz	PMC5539754.nxml.gz_85	14367	15638	.	.	14866	14867	O	None	None	None
3038	PMC5539754.nxml.gz	PMC5539754.nxml.gz_85	14367	15638	999HOMA	CD	14867	14874	O	None	None	None
3039	PMC5539754.nxml.gz	PMC5539754.nxml.gz_85	14367	15638	-	:	14874	14875	O	None	None	None
3040	PMC5539754.nxml.gz	PMC5539754.nxml.gz_85	14367	15638	IR	NN	14875	14877	O	None	None	None
3041	PMC5539754.nxml.gz	PMC5539754.nxml.gz_85	14367	15638	earlyb2	NN	14878	14885	O	None	None	None
3042	PMC5539754.nxml.gz	PMC5539754.nxml.gz_85	14367	15638	.	.	14885	14886	O	None	None	None
3043	PMC5539754.nxml.gz	PMC5539754.nxml.gz_85	14367	15638	1	CD	14886	14887	O	None	None	None
3044	PMC5539754.nxml.gz	PMC5539754.nxml.gz_85	14367	15638	(	(	14888	14889	O	None	None	None
3045	PMC5539754.nxml.gz	PMC5539754.nxml.gz_85	14367	15638	2	CD	14889	14890	O	None	None	None
3046	PMC5539754.nxml.gz	PMC5539754.nxml.gz_85	14367	15638	.	.	14890	14891	O	None	None	None
3047	PMC5539754.nxml.gz	PMC5539754.nxml.gz_85	14367	15638	6	CD	14891	14892	O	None	None	None
3048	PMC5539754.nxml.gz	PMC5539754.nxml.gz_85	14367	15638	)	)	14892	14893	O	None	None	None
3049	PMC5539754.nxml.gz	PMC5539754.nxml.gz_85	14367	15638	2	CD	14893	14894	O	None	None	None
3050	PMC5539754.nxml.gz	PMC5539754.nxml.gz_85	14367	15638	.	.	14894	14895	O	None	None	None
3051	PMC5539754.nxml.gz	PMC5539754.nxml.gz_85	14367	15638	4	CD	14895	14896	O	None	None	None
3052	PMC5539754.nxml.gz	PMC5539754.nxml.gz_85	14367	15638	(	(	14897	14898	O	None	None	None
3053	PMC5539754.nxml.gz	PMC5539754.nxml.gz_85	14367	15638	2	CD	14898	14899	O	None	None	None
3054	PMC5539754.nxml.gz	PMC5539754.nxml.gz_85	14367	15638	.	.	14899	14900	O	None	None	None
3055	PMC5539754.nxml.gz	PMC5539754.nxml.gz_85	14367	15638	8	CD	14900	14901	O	None	None	None
3056	PMC5539754.nxml.gz	PMC5539754.nxml.gz_85	14367	15638	)	)	14901	14902	O	None	None	None
3057	PMC5539754.nxml.gz	PMC5539754.nxml.gz_85	14367	15638	1	CD	14902	14903	O	None	None	None
3058	PMC5539754.nxml.gz	PMC5539754.nxml.gz_85	14367	15638	.	.	14903	14904	O	None	None	None
3059	PMC5539754.nxml.gz	PMC5539754.nxml.gz_85	14367	15638	7	CD	14904	14905	O	None	None	None
3060	PMC5539754.nxml.gz	PMC5539754.nxml.gz_85	14367	15638	(	(	14906	14907	O	None	None	None
3061	PMC5539754.nxml.gz	PMC5539754.nxml.gz_85	14367	15638	2	CD	14907	14908	O	None	None	None
3062	PMC5539754.nxml.gz	PMC5539754.nxml.gz_85	14367	15638	.	.	14908	14909	O	None	None	None
3063	PMC5539754.nxml.gz	PMC5539754.nxml.gz_85	14367	15638	0	CD	14909	14910	O	None	None	None
3064	PMC5539754.nxml.gz	PMC5539754.nxml.gz_85	14367	15638	)	)	14910	14911	O	None	None	None
3065	PMC5539754.nxml.gz	PMC5539754.nxml.gz_85	14367	15638	0	CD	14911	14912	O	None	None	None
3066	PMC5539754.nxml.gz	PMC5539754.nxml.gz_85	14367	15638	.	.	14912	14913	O	None	None	None
3067	PMC5539754.nxml.gz	PMC5539754.nxml.gz_85	14367	15638	004HOMA	CD	14913	14920	O	None	None	None
3068	PMC5539754.nxml.gz	PMC5539754.nxml.gz_85	14367	15638	-	:	14920	14921	O	None	None	None
3069	PMC5539754.nxml.gz	PMC5539754.nxml.gz_85	14367	15638	IR	NN	14921	14923	O	None	None	None
3070	PMC5539754.nxml.gz	PMC5539754.nxml.gz_85	14367	15638	28	CD	14924	14926	O	None	None	None
3071	PMC5539754.nxml.gz	PMC5539754.nxml.gz_85	14367	15638	weeksb2	NN	14927	14934	O	None	None	None
3072	PMC5539754.nxml.gz	PMC5539754.nxml.gz_85	14367	15638	.	.	14934	14935	O	None	None	None
3073	PMC5539754.nxml.gz	PMC5539754.nxml.gz_85	14367	15638	8	CD	14935	14936	O	None	None	None
3074	PMC5539754.nxml.gz	PMC5539754.nxml.gz_85	14367	15638	(	(	14937	14938	O	None	None	None
3075	PMC5539754.nxml.gz	PMC5539754.nxml.gz_85	14367	15638	3	CD	14938	14939	O	None	None	None
3076	PMC5539754.nxml.gz	PMC5539754.nxml.gz_85	14367	15638	.	.	14939	14940	O	None	None	None
3077	PMC5539754.nxml.gz	PMC5539754.nxml.gz_85	14367	15638	15	CD	14940	14942	O	None	None	None
3078	PMC5539754.nxml.gz	PMC5539754.nxml.gz_85	14367	15638	)	)	14942	14943	O	None	None	None
3079	PMC5539754.nxml.gz	PMC5539754.nxml.gz_85	14367	15638	2	CD	14943	14944	O	None	None	None
3080	PMC5539754.nxml.gz	PMC5539754.nxml.gz_85	14367	15638	.	.	14944	14945	O	None	None	None
3081	PMC5539754.nxml.gz	PMC5539754.nxml.gz_85	14367	15638	9	CD	14945	14946	O	None	None	None
3082	PMC5539754.nxml.gz	PMC5539754.nxml.gz_85	14367	15638	(	(	14947	14948	O	None	None	None
3083	PMC5539754.nxml.gz	PMC5539754.nxml.gz_85	14367	15638	3	CD	14948	14949	O	None	None	None
3084	PMC5539754.nxml.gz	PMC5539754.nxml.gz_85	14367	15638	.	.	14949	14950	O	None	None	None
3085	PMC5539754.nxml.gz	PMC5539754.nxml.gz_85	14367	15638	4	CD	14950	14951	O	None	None	None
3086	PMC5539754.nxml.gz	PMC5539754.nxml.gz_85	14367	15638	)	)	14951	14952	O	None	None	None
3087	PMC5539754.nxml.gz	PMC5539754.nxml.gz_85	14367	15638	2	CD	14952	14953	O	None	None	None
3088	PMC5539754.nxml.gz	PMC5539754.nxml.gz_85	14367	15638	.	.	14953	14954	O	None	None	None
3089	PMC5539754.nxml.gz	PMC5539754.nxml.gz_85	14367	15638	6	CD	14954	14955	O	None	None	None
3090	PMC5539754.nxml.gz	PMC5539754.nxml.gz_85	14367	15638	(	(	14956	14957	O	None	None	None
3091	PMC5539754.nxml.gz	PMC5539754.nxml.gz_85	14367	15638	2	CD	14957	14958	O	None	None	None
3092	PMC5539754.nxml.gz	PMC5539754.nxml.gz_85	14367	15638	.	.	14958	14959	O	None	None	None
3093	PMC5539754.nxml.gz	PMC5539754.nxml.gz_85	14367	15638	6	CD	14959	14960	O	None	None	None
3094	PMC5539754.nxml.gz	PMC5539754.nxml.gz_85	14367	15638	)	)	14960	14961	O	None	None	None
3095	PMC5539754.nxml.gz	PMC5539754.nxml.gz_85	14367	15638	0	CD	14961	14962	O	None	None	None
3096	PMC5539754.nxml.gz	PMC5539754.nxml.gz_85	14367	15638	.	.	14962	14963	O	None	None	None
3097	PMC5539754.nxml.gz	PMC5539754.nxml.gz_85	14367	15638	064Insulin	CD	14963	14973	O	None	None	None
3098	PMC5539754.nxml.gz	PMC5539754.nxml.gz_85	14367	15638	early	JJ	14974	14979	O	None	None	None
3099	PMC5539754.nxml.gz	PMC5539754.nxml.gz_85	14367	15638	(	(	14980	14981	O	None	None	None
3100	PMC5539754.nxml.gz	PMC5539754.nxml.gz_85	14367	15638	μU	JJ	14981	14983	O	None	None	None
3101	PMC5539754.nxml.gz	PMC5539754.nxml.gz_85	14367	15638	/	NNP	14983	14984	O	None	None	None
3102	PMC5539754.nxml.gz	PMC5539754.nxml.gz_85	14367	15638	mL	NN	14984	14986	O	None	None	None
3103	PMC5539754.nxml.gz	PMC5539754.nxml.gz_85	14367	15638	)	)	14986	14987	O	None	None	None
3104	PMC5539754.nxml.gz	PMC5539754.nxml.gz_85	14367	15638	b11	NN	14987	14990	O	None	None	None
3105	PMC5539754.nxml.gz	PMC5539754.nxml.gz_85	14367	15638	.	.	14990	14991	O	None	None	None
3106	PMC5539754.nxml.gz	PMC5539754.nxml.gz_85	14367	15638	3	CD	14991	14992	O	None	None	None
3107	PMC5539754.nxml.gz	PMC5539754.nxml.gz_85	14367	15638	(	(	14993	14994	O	None	None	None
3108	PMC5539754.nxml.gz	PMC5539754.nxml.gz_85	14367	15638	12	CD	14994	14996	O	None	None	None
3109	PMC5539754.nxml.gz	PMC5539754.nxml.gz_85	14367	15638	.	.	14996	14997	O	None	None	None
3110	PMC5539754.nxml.gz	PMC5539754.nxml.gz_85	14367	15638	3	CD	14997	14998	O	None	None	None
3111	PMC5539754.nxml.gz	PMC5539754.nxml.gz_85	14367	15638	)	)	14998	14999	O	None	None	None
3112	PMC5539754.nxml.gz	PMC5539754.nxml.gz_85	14367	15638	12	CD	14999	15001	O	None	None	None
3113	PMC5539754.nxml.gz	PMC5539754.nxml.gz_85	14367	15638	.	.	15001	15002	O	None	None	None
3114	PMC5539754.nxml.gz	PMC5539754.nxml.gz_85	14367	15638	8	CD	15002	15003	O	None	None	None
3115	PMC5539754.nxml.gz	PMC5539754.nxml.gz_85	14367	15638	(	(	15004	15005	O	None	None	None
3116	PMC5539754.nxml.gz	PMC5539754.nxml.gz_85	14367	15638	13	CD	15005	15007	O	None	None	None
3117	PMC5539754.nxml.gz	PMC5539754.nxml.gz_85	14367	15638	.	.	15007	15008	O	None	None	None
3118	PMC5539754.nxml.gz	PMC5539754.nxml.gz_85	14367	15638	1	CD	15008	15009	O	None	None	None
3119	PMC5539754.nxml.gz	PMC5539754.nxml.gz_85	14367	15638	)	)	15009	15010	O	None	None	None
3120	PMC5539754.nxml.gz	PMC5539754.nxml.gz_85	14367	15638	9	CD	15010	15011	O	None	None	None
3121	PMC5539754.nxml.gz	PMC5539754.nxml.gz_85	14367	15638	.	.	15011	15012	O	None	None	None
3122	PMC5539754.nxml.gz	PMC5539754.nxml.gz_85	14367	15638	3	CD	15012	15013	O	None	None	None
3123	PMC5539754.nxml.gz	PMC5539754.nxml.gz_85	14367	15638	(	(	15014	15015	O	None	None	None
3124	PMC5539754.nxml.gz	PMC5539754.nxml.gz_85	14367	15638	11	CD	15015	15017	O	None	None	None
3125	PMC5539754.nxml.gz	PMC5539754.nxml.gz_85	14367	15638	.	.	15017	15018	O	None	None	None
3126	PMC5539754.nxml.gz	PMC5539754.nxml.gz_85	14367	15638	1	CD	15018	15019	O	None	None	None
3127	PMC5539754.nxml.gz	PMC5539754.nxml.gz_85	14367	15638	)	)	15019	15020	O	None	None	None
3128	PMC5539754.nxml.gz	PMC5539754.nxml.gz_85	14367	15638	0	CD	15020	15021	O	None	None	None
3129	PMC5539754.nxml.gz	PMC5539754.nxml.gz_85	14367	15638	.	.	15021	15022	O	None	None	None
3130	PMC5539754.nxml.gz	PMC5539754.nxml.gz_85	14367	15638	002Insulin	CD	15022	15032	O	None	None	None
3131	PMC5539754.nxml.gz	PMC5539754.nxml.gz_85	14367	15638	28	CD	15033	15035	O	None	None	None
3132	PMC5539754.nxml.gz	PMC5539754.nxml.gz_85	14367	15638	weeks	NNS	15036	15041	O	None	None	None
3133	PMC5539754.nxml.gz	PMC5539754.nxml.gz_85	14367	15638	(	(	15042	15043	O	None	None	None
3134	PMC5539754.nxml.gz	PMC5539754.nxml.gz_85	14367	15638	μU	JJ	15043	15045	O	None	None	None
3135	PMC5539754.nxml.gz	PMC5539754.nxml.gz_85	14367	15638	/	NNP	15045	15046	O	None	None	None
3136	PMC5539754.nxml.gz	PMC5539754.nxml.gz_85	14367	15638	mL	NN	15046	15048	O	None	None	None
3137	PMC5539754.nxml.gz	PMC5539754.nxml.gz_85	14367	15638	)	)	15048	15049	O	None	None	None
3138	PMC5539754.nxml.gz	PMC5539754.nxml.gz_85	14367	15638	b14	NN	15049	15052	O	None	None	None
3139	PMC5539754.nxml.gz	PMC5539754.nxml.gz_85	14367	15638	.	.	15052	15053	O	None	None	None
3140	PMC5539754.nxml.gz	PMC5539754.nxml.gz_85	14367	15638	4	CD	15053	15054	O	None	None	None
3141	PMC5539754.nxml.gz	PMC5539754.nxml.gz_85	14367	15638	(	(	15055	15056	O	None	None	None
3142	PMC5539754.nxml.gz	PMC5539754.nxml.gz_85	14367	15638	15	CD	15056	15058	O	None	None	None
3143	PMC5539754.nxml.gz	PMC5539754.nxml.gz_85	14367	15638	.	.	15058	15059	O	None	None	None
3144	PMC5539754.nxml.gz	PMC5539754.nxml.gz_85	14367	15638	6	CD	15059	15060	O	None	None	None
3145	PMC5539754.nxml.gz	PMC5539754.nxml.gz_85	14367	15638	)	)	15060	15061	O	None	None	None
3146	PMC5539754.nxml.gz	PMC5539754.nxml.gz_85	14367	15638	14	CD	15061	15063	O	None	None	None
3147	PMC5539754.nxml.gz	PMC5539754.nxml.gz_85	14367	15638	.	.	15063	15064	O	None	None	None
3148	PMC5539754.nxml.gz	PMC5539754.nxml.gz_85	14367	15638	6	CD	15064	15065	O	None	None	None
3149	PMC5539754.nxml.gz	PMC5539754.nxml.gz_85	14367	15638	(	(	15066	15067	O	None	None	None
3150	PMC5539754.nxml.gz	PMC5539754.nxml.gz_85	14367	15638	16	CD	15067	15069	O	None	None	None
3151	PMC5539754.nxml.gz	PMC5539754.nxml.gz_85	14367	15638	.	.	15069	15070	O	None	None	None
3152	PMC5539754.nxml.gz	PMC5539754.nxml.gz_85	14367	15638	8	CD	15070	15071	O	None	None	None
3153	PMC5539754.nxml.gz	PMC5539754.nxml.gz_85	14367	15638	)	)	15071	15072	O	None	None	None
3154	PMC5539754.nxml.gz	PMC5539754.nxml.gz_85	14367	15638	14	CD	15072	15074	O	None	None	None
3155	PMC5539754.nxml.gz	PMC5539754.nxml.gz_85	14367	15638	.	.	15074	15075	O	None	None	None
3156	PMC5539754.nxml.gz	PMC5539754.nxml.gz_85	14367	15638	1	CD	15075	15076	O	None	None	None
3157	PMC5539754.nxml.gz	PMC5539754.nxml.gz_85	14367	15638	(	(	15077	15078	O	None	None	None
3158	PMC5539754.nxml.gz	PMC5539754.nxml.gz_85	14367	15638	11	CD	15078	15080	O	None	None	None
3159	PMC5539754.nxml.gz	PMC5539754.nxml.gz_85	14367	15638	.	.	15080	15081	O	None	None	None
3160	PMC5539754.nxml.gz	PMC5539754.nxml.gz_85	14367	15638	8	CD	15081	15082	O	None	None	None
3161	PMC5539754.nxml.gz	PMC5539754.nxml.gz_85	14367	15638	)	)	15082	15083	O	None	None	None
3162	PMC5539754.nxml.gz	PMC5539754.nxml.gz_85	14367	15638	0	CD	15083	15084	O	None	None	None
3163	PMC5539754.nxml.gz	PMC5539754.nxml.gz_85	14367	15638	.	.	15084	15085	O	None	None	None
3164	PMC5539754.nxml.gz	PMC5539754.nxml.gz_85	14367	15638	108Fasting	CD	15085	15095	O	None	None	None
3165	PMC5539754.nxml.gz	PMC5539754.nxml.gz_85	14367	15638	glucose	JJ	15096	15103	O	None	None	None
3166	PMC5539754.nxml.gz	PMC5539754.nxml.gz_85	14367	15638	early	JJ	15104	15109	O	None	None	None
3167	PMC5539754.nxml.gz	PMC5539754.nxml.gz_85	14367	15638	(	(	15110	15111	O	None	None	None
3168	PMC5539754.nxml.gz	PMC5539754.nxml.gz_85	14367	15638	mmol	JJ	15111	15115	O	None	None	None
3169	PMC5539754.nxml.gz	PMC5539754.nxml.gz_85	14367	15638	/	NNP	15115	15116	O	None	None	None
3170	PMC5539754.nxml.gz	PMC5539754.nxml.gz_85	14367	15638	L	NNP	15116	15117	O	None	None	None
3171	PMC5539754.nxml.gz	PMC5539754.nxml.gz_85	14367	15638	)	)	15117	15118	O	None	None	None
3172	PMC5539754.nxml.gz	PMC5539754.nxml.gz_85	14367	15638	c4	NN	15118	15120	O	None	None	None
3173	PMC5539754.nxml.gz	PMC5539754.nxml.gz_85	14367	15638	.	.	15120	15121	O	None	None	None
3174	PMC5539754.nxml.gz	PMC5539754.nxml.gz_85	14367	15638	48	CD	15121	15123	O	None	None	None
3175	PMC5539754.nxml.gz	PMC5539754.nxml.gz_85	14367	15638	(	(	15124	15125	O	None	None	None
3176	PMC5539754.nxml.gz	PMC5539754.nxml.gz_85	14367	15638	0	CD	15125	15126	O	None	None	None
3177	PMC5539754.nxml.gz	PMC5539754.nxml.gz_85	14367	15638	.	.	15126	15127	O	None	None	None
3178	PMC5539754.nxml.gz	PMC5539754.nxml.gz_85	14367	15638	35	CD	15127	15129	O	None	None	None
3179	PMC5539754.nxml.gz	PMC5539754.nxml.gz_85	14367	15638	)	)	15129	15130	O	None	None	None
3180	PMC5539754.nxml.gz	PMC5539754.nxml.gz_85	14367	15638	4	CD	15130	15131	O	None	None	None
3181	PMC5539754.nxml.gz	PMC5539754.nxml.gz_85	14367	15638	.	.	15131	15132	O	None	None	None
3182	PMC5539754.nxml.gz	PMC5539754.nxml.gz_85	14367	15638	47	CD	15132	15134	O	None	None	None
3183	PMC5539754.nxml.gz	PMC5539754.nxml.gz_85	14367	15638	(	(	15135	15136	O	None	None	None
3184	PMC5539754.nxml.gz	PMC5539754.nxml.gz_85	14367	15638	0	CD	15136	15137	O	None	None	None
3185	PMC5539754.nxml.gz	PMC5539754.nxml.gz_85	14367	15638	.	.	15137	15138	O	None	None	None
3186	PMC5539754.nxml.gz	PMC5539754.nxml.gz_85	14367	15638	33	CD	15138	15140	O	None	None	None
3187	PMC5539754.nxml.gz	PMC5539754.nxml.gz_85	14367	15638	)	)	15140	15141	O	None	None	None
3188	PMC5539754.nxml.gz	PMC5539754.nxml.gz_85	14367	15638	4	CD	15141	15142	O	None	None	None
3189	PMC5539754.nxml.gz	PMC5539754.nxml.gz_85	14367	15638	.	.	15142	15143	O	None	None	None
3190	PMC5539754.nxml.gz	PMC5539754.nxml.gz_85	14367	15638	49	CD	15143	15145	O	None	None	None
3191	PMC5539754.nxml.gz	PMC5539754.nxml.gz_85	14367	15638	(	(	15146	15147	O	None	None	None
3192	PMC5539754.nxml.gz	PMC5539754.nxml.gz_85	14367	15638	0	CD	15147	15148	O	None	None	None
3193	PMC5539754.nxml.gz	PMC5539754.nxml.gz_85	14367	15638	.	.	15148	15149	O	None	None	None
3194	PMC5539754.nxml.gz	PMC5539754.nxml.gz_85	14367	15638	37	CD	15149	15151	O	None	None	None
3195	PMC5539754.nxml.gz	PMC5539754.nxml.gz_85	14367	15638	)	)	15151	15152	O	None	None	None
3196	PMC5539754.nxml.gz	PMC5539754.nxml.gz_85	14367	15638	0	CD	15152	15153	O	None	None	None
3197	PMC5539754.nxml.gz	PMC5539754.nxml.gz_85	14367	15638	.	.	15153	15154	O	None	None	None
3198	PMC5539754.nxml.gz	PMC5539754.nxml.gz_85	14367	15638	566Fasting	VBG	15154	15164	O	None	None	None
3199	PMC5539754.nxml.gz	PMC5539754.nxml.gz_85	14367	15638	glucose	RB	15165	15172	O	None	None	None
3200	PMC5539754.nxml.gz	PMC5539754.nxml.gz_85	14367	15638	28	CD	15173	15175	O	None	None	None
3201	PMC5539754.nxml.gz	PMC5539754.nxml.gz_85	14367	15638	weeks	NNS	15176	15181	O	None	None	None
3202	PMC5539754.nxml.gz	PMC5539754.nxml.gz_85	14367	15638	(	(	15182	15183	O	None	None	None
3203	PMC5539754.nxml.gz	PMC5539754.nxml.gz_85	14367	15638	mmol	JJ	15183	15187	O	None	None	None
3204	PMC5539754.nxml.gz	PMC5539754.nxml.gz_85	14367	15638	/	NNP	15187	15188	O	None	None	None
3205	PMC5539754.nxml.gz	PMC5539754.nxml.gz_85	14367	15638	L	NNP	15188	15189	O	None	None	None
3206	PMC5539754.nxml.gz	PMC5539754.nxml.gz_85	14367	15638	)	)	15189	15190	O	None	None	None
3207	PMC5539754.nxml.gz	PMC5539754.nxml.gz_85	14367	15638	c4	NN	15190	15192	O	None	None	None
3208	PMC5539754.nxml.gz	PMC5539754.nxml.gz_85	14367	15638	.	.	15192	15193	O	None	None	None
3209	PMC5539754.nxml.gz	PMC5539754.nxml.gz_85	14367	15638	46	CD	15193	15195	O	None	None	None
3210	PMC5539754.nxml.gz	PMC5539754.nxml.gz_85	14367	15638	(	(	15196	15197	O	None	None	None
3211	PMC5539754.nxml.gz	PMC5539754.nxml.gz_85	14367	15638	0	CD	15197	15198	O	None	None	None
3212	PMC5539754.nxml.gz	PMC5539754.nxml.gz_85	14367	15638	.	.	15198	15199	O	None	None	None
3213	PMC5539754.nxml.gz	PMC5539754.nxml.gz_85	14367	15638	46	CD	15199	15201	O	None	None	None
3214	PMC5539754.nxml.gz	PMC5539754.nxml.gz_85	14367	15638	)	)	15201	15202	O	None	None	None
3215	PMC5539754.nxml.gz	PMC5539754.nxml.gz_85	14367	15638	4	CD	15202	15203	O	None	None	None
3216	PMC5539754.nxml.gz	PMC5539754.nxml.gz_85	14367	15638	.	.	15203	15204	O	None	None	None
3217	PMC5539754.nxml.gz	PMC5539754.nxml.gz_85	14367	15638	49	CD	15204	15206	O	None	None	None
3218	PMC5539754.nxml.gz	PMC5539754.nxml.gz_85	14367	15638	(	(	15207	15208	O	None	None	None
3219	PMC5539754.nxml.gz	PMC5539754.nxml.gz_85	14367	15638	0	CD	15208	15209	O	None	None	None
3220	PMC5539754.nxml.gz	PMC5539754.nxml.gz_85	14367	15638	.	.	15209	15210	O	None	None	None
3221	PMC5539754.nxml.gz	PMC5539754.nxml.gz_85	14367	15638	45	CD	15210	15212	O	None	None	None
3222	PMC5539754.nxml.gz	PMC5539754.nxml.gz_85	14367	15638	)	)	15212	15213	O	None	None	None
3223	PMC5539754.nxml.gz	PMC5539754.nxml.gz_85	14367	15638	4	CD	15213	15214	O	None	None	None
3224	PMC5539754.nxml.gz	PMC5539754.nxml.gz_85	14367	15638	.	.	15214	15215	O	None	None	None
3225	PMC5539754.nxml.gz	PMC5539754.nxml.gz_85	14367	15638	42	CD	15215	15217	O	None	None	None
3226	PMC5539754.nxml.gz	PMC5539754.nxml.gz_85	14367	15638	(	(	15218	15219	O	None	None	None
3227	PMC5539754.nxml.gz	PMC5539754.nxml.gz_85	14367	15638	0	CD	15219	15220	O	None	None	None
3228	PMC5539754.nxml.gz	PMC5539754.nxml.gz_85	14367	15638	.	.	15220	15221	O	None	None	None
3229	PMC5539754.nxml.gz	PMC5539754.nxml.gz_85	14367	15638	46	CD	15221	15223	O	None	None	None
3230	PMC5539754.nxml.gz	PMC5539754.nxml.gz_85	14367	15638	)	)	15223	15224	O	None	None	None
3231	PMC5539754.nxml.gz	PMC5539754.nxml.gz_85	14367	15638	0	CD	15224	15225	O	None	None	None
3232	PMC5539754.nxml.gz	PMC5539754.nxml.gz_85	14367	15638	.	.	15225	15226	O	None	None	None
3233	PMC5539754.nxml.gz	PMC5539754.nxml.gz_85	14367	15638	1571	CD	15226	15230	O	None	None	None
3234	PMC5539754.nxml.gz	PMC5539754.nxml.gz_85	14367	15638	-	:	15230	15231	O	None	None	None
3235	PMC5539754.nxml.gz	PMC5539754.nxml.gz_85	14367	15638	h	NN	15231	15232	O	None	None	None
3236	PMC5539754.nxml.gz	PMC5539754.nxml.gz_85	14367	15638	GCT	NNP	15233	15236	O	None	None	None
3237	PMC5539754.nxml.gz	PMC5539754.nxml.gz_85	14367	15638	28	CD	15237	15239	O	None	None	None
3238	PMC5539754.nxml.gz	PMC5539754.nxml.gz_85	14367	15638	weeks	NNS	15240	15245	O	None	None	None
3239	PMC5539754.nxml.gz	PMC5539754.nxml.gz_85	14367	15638	(	(	15246	15247	O	None	None	None
3240	PMC5539754.nxml.gz	PMC5539754.nxml.gz_85	14367	15638	mmol	JJ	15247	15251	O	None	None	None
3241	PMC5539754.nxml.gz	PMC5539754.nxml.gz_85	14367	15638	/	NNP	15251	15252	O	None	None	None
3242	PMC5539754.nxml.gz	PMC5539754.nxml.gz_85	14367	15638	L	NNP	15252	15253	O	None	None	None
3243	PMC5539754.nxml.gz	PMC5539754.nxml.gz_85	14367	15638	)	)	15253	15254	O	None	None	None
3244	PMC5539754.nxml.gz	PMC5539754.nxml.gz_85	14367	15638	c6	NN	15254	15256	O	None	None	None
3245	PMC5539754.nxml.gz	PMC5539754.nxml.gz_85	14367	15638	.	.	15256	15257	O	None	None	None
3246	PMC5539754.nxml.gz	PMC5539754.nxml.gz_85	14367	15638	48	CD	15257	15259	O	None	None	None
3247	PMC5539754.nxml.gz	PMC5539754.nxml.gz_85	14367	15638	(	(	15260	15261	O	None	None	None
3248	PMC5539754.nxml.gz	PMC5539754.nxml.gz_85	14367	15638	1	CD	15261	15262	O	None	None	None
3249	PMC5539754.nxml.gz	PMC5539754.nxml.gz_85	14367	15638	.	.	15262	15263	O	None	None	None
3250	PMC5539754.nxml.gz	PMC5539754.nxml.gz_85	14367	15638	44	CD	15263	15265	O	None	None	None
3251	PMC5539754.nxml.gz	PMC5539754.nxml.gz_85	14367	15638	)	)	15265	15266	O	None	None	None
3252	PMC5539754.nxml.gz	PMC5539754.nxml.gz_85	14367	15638	6	CD	15266	15267	O	None	None	None
3253	PMC5539754.nxml.gz	PMC5539754.nxml.gz_85	14367	15638	.	.	15267	15268	O	None	None	None
3254	PMC5539754.nxml.gz	PMC5539754.nxml.gz_85	14367	15638	47	CD	15268	15270	O	None	None	None
3255	PMC5539754.nxml.gz	PMC5539754.nxml.gz_85	14367	15638	(	(	15271	15272	O	None	None	None
3256	PMC5539754.nxml.gz	PMC5539754.nxml.gz_85	14367	15638	1	CD	15272	15273	O	None	None	None
3257	PMC5539754.nxml.gz	PMC5539754.nxml.gz_85	14367	15638	.	.	15273	15274	O	None	None	None
3258	PMC5539754.nxml.gz	PMC5539754.nxml.gz_85	14367	15638	39	CD	15274	15276	O	None	None	None
3259	PMC5539754.nxml.gz	PMC5539754.nxml.gz_85	14367	15638	)	)	15276	15277	O	None	None	None
3260	PMC5539754.nxml.gz	PMC5539754.nxml.gz_85	14367	15638	6	CD	15277	15278	O	None	None	None
3261	PMC5539754.nxml.gz	PMC5539754.nxml.gz_85	14367	15638	.	.	15278	15279	O	None	None	None
3262	PMC5539754.nxml.gz	PMC5539754.nxml.gz_85	14367	15638	50	CD	15279	15281	O	None	None	None
3263	PMC5539754.nxml.gz	PMC5539754.nxml.gz_85	14367	15638	(	(	15282	15283	O	None	None	None
3264	PMC5539754.nxml.gz	PMC5539754.nxml.gz_85	14367	15638	1	CD	15283	15284	O	None	None	None
3265	PMC5539754.nxml.gz	PMC5539754.nxml.gz_85	14367	15638	.	.	15284	15285	O	None	None	None
3266	PMC5539754.nxml.gz	PMC5539754.nxml.gz_85	14367	15638	48	CD	15285	15287	O	None	None	None
3267	PMC5539754.nxml.gz	PMC5539754.nxml.gz_85	14367	15638	)	)	15287	15288	O	None	None	None
3268	PMC5539754.nxml.gz	PMC5539754.nxml.gz_85	14367	15638	0	CD	15288	15289	O	None	None	None
3269	PMC5539754.nxml.gz	PMC5539754.nxml.gz_85	14367	15638	.	.	15289	15290	O	None	None	None
3270	PMC5539754.nxml.gz	PMC5539754.nxml.gz_85	14367	15638	864	CD	15290	15293	O	None	None	None
3271	PMC5539754.nxml.gz	PMC5539754.nxml.gz_85	14367	15638	Data	NNP	15294	15298	O	None	None	None
3272	PMC5539754.nxml.gz	PMC5539754.nxml.gz_85	14367	15638	presented	VBD	15299	15308	O	None	None	None
3273	PMC5539754.nxml.gz	PMC5539754.nxml.gz_85	14367	15638	asan	JJ	15309	15313	O	None	None	None
3274	PMC5539754.nxml.gz	PMC5539754.nxml.gz_85	14367	15638	(%),	JJ	15314	15318	O	None	None	None
3275	PMC5539754.nxml.gz	PMC5539754.nxml.gz_85	14367	15638	bmedian	NN	15318	15325	O	None	None	None
3276	PMC5539754.nxml.gz	PMC5539754.nxml.gz_85	14367	15638	(	(	15326	15327	O	None	None	None
3277	PMC5539754.nxml.gz	PMC5539754.nxml.gz_85	14367	15638	interquartile	JJ	15327	15340	O	None	None	None
3278	PMC5539754.nxml.gz	PMC5539754.nxml.gz_85	14367	15638	range	NN	15341	15346	O	None	None	None
3279	PMC5539754.nxml.gz	PMC5539754.nxml.gz_85	14367	15638	),	JJ	15346	15348	O	None	None	None
3280	PMC5539754.nxml.gz	PMC5539754.nxml.gz_85	14367	15638	cmean	NN	15348	15353	O	None	None	None
3281	PMC5539754.nxml.gz	PMC5539754.nxml.gz_85	14367	15638	(	(	15354	15355	O	None	None	None
3282	PMC5539754.nxml.gz	PMC5539754.nxml.gz_85	14367	15638	SD	NNP	15355	15357	O	None	None	None
3283	PMC5539754.nxml.gz	PMC5539754.nxml.gz_85	14367	15638	)	)	15357	15358	O	None	None	None
3284	PMC5539754.nxml.gz	PMC5539754.nxml.gz_85	14367	15638	dComparison	NN	15359	15370	O	None	None	None
3285	PMC5539754.nxml.gz	PMC5539754.nxml.gz_85	14367	15638	between	IN	15371	15378	O	None	None	None
3286	PMC5539754.nxml.gz	PMC5539754.nxml.gz_85	14367	15638	winter	NN	15379	15385	O	None	None	None
3287	PMC5539754.nxml.gz	PMC5539754.nxml.gz_85	14367	15638	and	CC	15386	15389	O	None	None	None
3288	PMC5539754.nxml.gz	PMC5539754.nxml.gz_85	14367	15638	summer	NN	15390	15396	O	None	None	None
3289	PMC5539754.nxml.gz	PMC5539754.nxml.gz_85	14367	15638	Unadjusted	NNP	15398	15408	O	None	None	None
3290	PMC5539754.nxml.gz	PMC5539754.nxml.gz_85	14367	15638	analysis	NN	15409	15417	O	None	None	None
3291	PMC5539754.nxml.gz	PMC5539754.nxml.gz_85	14367	15638	–	NN	15418	15419	O	None	None	None
3292	PMC5539754.nxml.gz	PMC5539754.nxml.gz_85	14367	15638	25OHD	CD	15420	15425	O	None	None	None
3293	PMC5539754.nxml.gz	PMC5539754.nxml.gz_85	14367	15638	,	,	15425	15426	O	None	None	None
3294	PMC5539754.nxml.gz	PMC5539754.nxml.gz_85	14367	15638	season	NN	15427	15433	O	None	None	None
3295	PMC5539754.nxml.gz	PMC5539754.nxml.gz_85	14367	15638	and	CC	15434	15437	O	None	None	None
3296	PMC5539754.nxml.gz	PMC5539754.nxml.gz_85	14367	15638	markers	NNS	15438	15445	O	None	None	None
3297	PMC5539754.nxml.gz	PMC5539754.nxml.gz_85	14367	15638	of	IN	15446	15448	O	None	None	None
3298	PMC5539754.nxml.gz	PMC5539754.nxml.gz_85	14367	15638	glucose	JJ	15449	15456	O	None	None	None
3299	PMC5539754.nxml.gz	PMC5539754.nxml.gz_85	14367	15638	metabolism	NN	15457	15467	O	None	None	None
3300	PMC5539754.nxml.gz	PMC5539754.nxml.gz_85	14367	15638	On	IN	15468	15470	O	None	None	None
3301	PMC5539754.nxml.gz	PMC5539754.nxml.gz_85	14367	15638	unadjusted	JJ	15471	15481	O	None	None	None
3302	PMC5539754.nxml.gz	PMC5539754.nxml.gz_85	14367	15638	,	,	15481	15482	O	None	None	None
3303	PMC5539754.nxml.gz	PMC5539754.nxml.gz_85	14367	15638	simple	JJ	15483	15489	O	None	None	None
3304	PMC5539754.nxml.gz	PMC5539754.nxml.gz_85	14367	15638	linear	JJ	15490	15496	O	None	None	None
3305	PMC5539754.nxml.gz	PMC5539754.nxml.gz_85	14367	15638	regression	NN	15497	15507	O	None	None	None
3306	PMC5539754.nxml.gz	PMC5539754.nxml.gz_85	14367	15638	,	,	15507	15508	O	None	None	None
3307	PMC5539754.nxml.gz	PMC5539754.nxml.gz_85	14367	15638	early	JJ	15509	15514	O	None	None	None
3308	PMC5539754.nxml.gz	PMC5539754.nxml.gz_85	14367	15638	-	:	15514	15515	O	None	None	None
3309	PMC5539754.nxml.gz	PMC5539754.nxml.gz_85	14367	15638	pregnancy	NN	15515	15524	O	None	None	None
3310	PMC5539754.nxml.gz	PMC5539754.nxml.gz_85	14367	15638	25OHD	CD	15525	15530	O	None	None	None
3311	PMC5539754.nxml.gz	PMC5539754.nxml.gz_85	14367	15638	<	NN	15531	15532	O	None	None	None
3312	PMC5539754.nxml.gz	PMC5539754.nxml.gz_85	14367	15638	30	CD	15532	15534	O	None	None	None
3313	PMC5539754.nxml.gz	PMC5539754.nxml.gz_85	14367	15638	nmol	JJ	15535	15539	O	None	None	None
3314	PMC5539754.nxml.gz	PMC5539754.nxml.gz_85	14367	15638	/	NNP	15539	15540	O	None	None	None
3315	PMC5539754.nxml.gz	PMC5539754.nxml.gz_85	14367	15638	L	NNP	15540	15541	O	None	None	None
3316	PMC5539754.nxml.gz	PMC5539754.nxml.gz_85	14367	15638	was	VBD	15542	15545	O	None	None	None
3317	PMC5539754.nxml.gz	PMC5539754.nxml.gz_85	14367	15638	not	RB	15546	15549	O	None	None	None
3318	PMC5539754.nxml.gz	PMC5539754.nxml.gz_85	14367	15638	associated	VBN	15550	15560	O	None	None	None
3319	PMC5539754.nxml.gz	PMC5539754.nxml.gz_85	14367	15638	with	IN	15561	15565	O	None	None	None
3320	PMC5539754.nxml.gz	PMC5539754.nxml.gz_85	14367	15638	any	DT	15566	15569	O	None	None	None
3321	PMC5539754.nxml.gz	PMC5539754.nxml.gz_85	14367	15638	marker	NN	15570	15576	O	None	None	None
3322	PMC5539754.nxml.gz	PMC5539754.nxml.gz_85	14367	15638	of	IN	15577	15579	O	None	None	None
3323	PMC5539754.nxml.gz	PMC5539754.nxml.gz_85	14367	15638	glucose	JJ	15580	15587	O	None	None	None
3324	PMC5539754.nxml.gz	PMC5539754.nxml.gz_85	14367	15638	metabolism	NN	15588	15598	O	None	None	None
3325	PMC5539754.nxml.gz	PMC5539754.nxml.gz_85	14367	15638	in	IN	15599	15601	O	None	None	None
3326	PMC5539754.nxml.gz	PMC5539754.nxml.gz_85	14367	15638	early	JJ	15602	15607	O	None	None	None
3327	PMC5539754.nxml.gz	PMC5539754.nxml.gz_85	14367	15638	or	CC	15608	15610	O	None	None	None
3328	PMC5539754.nxml.gz	PMC5539754.nxml.gz_85	14367	15638	late	JJ	15611	15615	O	None	None	None
3329	PMC5539754.nxml.gz	PMC5539754.nxml.gz_85	14367	15638	pregnancy	NN	15616	15625	O	None	None	None
3330	PMC5539754.nxml.gz	PMC5539754.nxml.gz_85	14367	15638	(	(	15626	15627	O	None	None	None
3331	PMC5539754.nxml.gz	PMC5539754.nxml.gz_85	14367	15638	Table3	NNP	15627	15633	O	None	None	None
3332	PMC5539754.nxml.gz	PMC5539754.nxml.gz_85	14367	15638	[	VBZ	15633	15634	O	None	None	None
3333	PMC5539754.nxml.gz	PMC5539754.nxml.gz_85	14367	15638	a	DT	15634	15635	O	None	None	None
3334	PMC5539754.nxml.gz	PMC5539754.nxml.gz_85	14367	15638	]).	NN	15635	15638	O	None	None	None
3335	PMC5539754.nxml.gz	PMC5539754.nxml.gz_86	15639	15845	Attendance	NN	15639	15649	O	None	None	None
3336	PMC5539754.nxml.gz	PMC5539754.nxml.gz_86	15639	15845	at	IN	15650	15652	O	None	None	None
3337	PMC5539754.nxml.gz	PMC5539754.nxml.gz_86	15639	15845	the	DT	15653	15656	O	None	None	None
3338	PMC5539754.nxml.gz	PMC5539754.nxml.gz_86	15639	15845	first	JJ	15657	15662	O	None	None	None
3339	PMC5539754.nxml.gz	PMC5539754.nxml.gz_86	15639	15845	antenatal	JJ	15663	15672	O	None	None	None
3340	PMC5539754.nxml.gz	PMC5539754.nxml.gz_86	15639	15845	visit	NN	15673	15678	O	None	None	None
3341	PMC5539754.nxml.gz	PMC5539754.nxml.gz_86	15639	15845	during	IN	15679	15685	O	None	None	None
3342	PMC5539754.nxml.gz	PMC5539754.nxml.gz_86	15639	15845	extended	JJ	15686	15694	O	None	None	None
3343	PMC5539754.nxml.gz	PMC5539754.nxml.gz_86	15639	15845	winter	NN	15695	15701	O	None	None	None
3344	PMC5539754.nxml.gz	PMC5539754.nxml.gz_86	15639	15845	,	,	15701	15702	O	None	None	None
3345	PMC5539754.nxml.gz	PMC5539754.nxml.gz_86	15639	15845	compared	VBN	15703	15711	O	None	None	None
3346	PMC5539754.nxml.gz	PMC5539754.nxml.gz_86	15639	15845	to	TO	15712	15714	O	None	None	None
3347	PMC5539754.nxml.gz	PMC5539754.nxml.gz_86	15639	15845	summer	NN	15715	15721	O	None	None	None
3348	PMC5539754.nxml.gz	PMC5539754.nxml.gz_86	15639	15845	,	,	15721	15722	O	None	None	None
3349	PMC5539754.nxml.gz	PMC5539754.nxml.gz_86	15639	15845	was	VBD	15723	15726	O	None	None	None
3350	PMC5539754.nxml.gz	PMC5539754.nxml.gz_86	15639	15845	associated	VBN	15727	15737	O	None	None	None
3351	PMC5539754.nxml.gz	PMC5539754.nxml.gz_86	15639	15845	with	IN	15738	15742	O	None	None	None
3352	PMC5539754.nxml.gz	PMC5539754.nxml.gz_86	15639	15845	significantly	RB	15743	15756	O	None	None	None
3353	PMC5539754.nxml.gz	PMC5539754.nxml.gz_86	15639	15845	higher	JJR	15757	15763	O	None	None	None
3354	PMC5539754.nxml.gz	PMC5539754.nxml.gz_86	15639	15845	early	JJ	15764	15769	O	None	None	None
3355	PMC5539754.nxml.gz	PMC5539754.nxml.gz_86	15639	15845	-	:	15769	15770	O	None	None	None
3356	PMC5539754.nxml.gz	PMC5539754.nxml.gz_86	15639	15845	pregnancy	NN	15770	15779	O	None	None	None
3357	PMC5539754.nxml.gz	PMC5539754.nxml.gz_86	15639	15845	HOMA	NNP	15780	15784	O	None	None	None
3358	PMC5539754.nxml.gz	PMC5539754.nxml.gz_86	15639	15845	-	:	15784	15785	O	None	None	None
3359	PMC5539754.nxml.gz	PMC5539754.nxml.gz_86	15639	15845	IR	NNP	15785	15787	O	None	None	None
3360	PMC5539754.nxml.gz	PMC5539754.nxml.gz_86	15639	15845	(	(	15788	15789	O	None	None	None
3361	PMC5539754.nxml.gz	PMC5539754.nxml.gz_86	15639	15845	31	CD	15789	15791	O	None	None	None
3362	PMC5539754.nxml.gz	PMC5539754.nxml.gz_86	15639	15845	.	.	15791	15792	O	None	None	None
3363	PMC5539754.nxml.gz	PMC5539754.nxml.gz_86	15639	15845	1	CD	15792	15793	O	None	None	None
3364	PMC5539754.nxml.gz	PMC5539754.nxml.gz_86	15639	15845	%)	NN	15793	15795	O	None	None	None
3365	PMC5539754.nxml.gz	PMC5539754.nxml.gz_86	15639	15845	and	CC	15796	15799	O	None	None	None
3366	PMC5539754.nxml.gz	PMC5539754.nxml.gz_86	15639	15845	insulin	NN	15800	15807	O	None	None	None
3367	PMC5539754.nxml.gz	PMC5539754.nxml.gz_86	15639	15845	(	(	15808	15809	O	None	None	None
3368	PMC5539754.nxml.gz	PMC5539754.nxml.gz_86	15639	15845	30	CD	15809	15811	O	None	None	None
3369	PMC5539754.nxml.gz	PMC5539754.nxml.gz_86	15639	15845	.	.	15811	15812	O	None	None	None
3370	PMC5539754.nxml.gz	PMC5539754.nxml.gz_86	15639	15845	6	CD	15812	15813	O	None	None	None
3371	PMC5539754.nxml.gz	PMC5539754.nxml.gz_86	15639	15845	%),	NNS	15813	15816	O	None	None	None
3372	PMC5539754.nxml.gz	PMC5539754.nxml.gz_86	15639	15845	but	CC	15817	15820	O	None	None	None
3373	PMC5539754.nxml.gz	PMC5539754.nxml.gz_86	15639	15845	not	RB	15821	15824	O	None	None	None
3374	PMC5539754.nxml.gz	PMC5539754.nxml.gz_86	15639	15845	glucose	JJ	15825	15832	O	None	None	None
3375	PMC5539754.nxml.gz	PMC5539754.nxml.gz_86	15639	15845	(	(	15833	15834	O	None	None	None
3376	PMC5539754.nxml.gz	PMC5539754.nxml.gz_86	15639	15845	Table3	NNP	15834	15840	O	None	None	None
3377	PMC5539754.nxml.gz	PMC5539754.nxml.gz_86	15639	15845	[	NNP	15840	15841	O	None	None	None
3378	PMC5539754.nxml.gz	PMC5539754.nxml.gz_86	15639	15845	b	NN	15841	15842	O	None	None	None
3379	PMC5539754.nxml.gz	PMC5539754.nxml.gz_86	15639	15845	]).	NN	15842	15845	O	None	None	None
3380	PMC5539754.nxml.gz	PMC5539754.nxml.gz_87	15847	17010	Caption	NNP	15847	15854	O	None	None	None
3381	PMC5539754.nxml.gz	PMC5539754.nxml.gz_87	15847	17010	(	(	15855	15856	O	None	None	None
3382	PMC5539754.nxml.gz	PMC5539754.nxml.gz_87	15847	17010	TABLE	NNP	15856	15861	O	None	None	None
3383	PMC5539754.nxml.gz	PMC5539754.nxml.gz_87	15847	17010	-	:	15861	15862	O	None	None	None
3384	PMC5539754.nxml.gz	PMC5539754.nxml.gz_87	15847	17010	WRAP	NNP	15862	15866	O	None	None	None
3385	PMC5539754.nxml.gz	PMC5539754.nxml.gz_87	15847	17010	):	NNP	15866	15868	O	None	None	None
3386	PMC5539754.nxml.gz	PMC5539754.nxml.gz_87	15847	17010	TABLE	NNP	15869	15874	O	None	None	None
3387	PMC5539754.nxml.gz	PMC5539754.nxml.gz_87	15847	17010	3	CD	15875	15876	O	None	None	None
3388	PMC5539754.nxml.gz	PMC5539754.nxml.gz_87	15847	17010	Unadjusted	NNP	15878	15888	O	None	None	None
3389	PMC5539754.nxml.gz	PMC5539754.nxml.gz_87	15847	17010	regression	NN	15889	15899	O	None	None	None
3390	PMC5539754.nxml.gz	PMC5539754.nxml.gz_87	15847	17010	analysis	NN	15900	15908	O	None	None	None
3391	PMC5539754.nxml.gz	PMC5539754.nxml.gz_87	15847	17010	:	:	15908	15909	O	None	None	None
3392	PMC5539754.nxml.gz	PMC5539754.nxml.gz_87	15847	17010	Percentage	NN	15910	15920	O	None	None	None
3393	PMC5539754.nxml.gz	PMC5539754.nxml.gz_87	15847	17010	difference	NN	15921	15931	O	None	None	None
3394	PMC5539754.nxml.gz	PMC5539754.nxml.gz_87	15847	17010	in	IN	15932	15934	O	None	None	None
3395	PMC5539754.nxml.gz	PMC5539754.nxml.gz_87	15847	17010	markers	NNS	15935	15942	O	None	None	None
3396	PMC5539754.nxml.gz	PMC5539754.nxml.gz_87	15847	17010	of	IN	15943	15945	O	None	None	None
3397	PMC5539754.nxml.gz	PMC5539754.nxml.gz_87	15847	17010	glucose	JJ	15946	15953	O	None	None	None
3398	PMC5539754.nxml.gz	PMC5539754.nxml.gz_87	15847	17010	metabolism	NN	15954	15964	O	None	None	None
3399	PMC5539754.nxml.gz	PMC5539754.nxml.gz_87	15847	17010	associated	VBN	15965	15975	O	None	None	None
3400	PMC5539754.nxml.gz	PMC5539754.nxml.gz_87	15847	17010	with	IN	15976	15980	O	None	None	None
3401	PMC5539754.nxml.gz	PMC5539754.nxml.gz_87	15847	17010	,	,	15980	15981	O	None	None	None
3402	PMC5539754.nxml.gz	PMC5539754.nxml.gz_87	15847	17010	(	(	15982	15983	O	None	None	None
3403	PMC5539754.nxml.gz	PMC5539754.nxml.gz_87	15847	17010	a	DT	15983	15984	O	None	None	None
3404	PMC5539754.nxml.gz	PMC5539754.nxml.gz_87	15847	17010	)	)	15984	15985	O	None	None	None
3405	PMC5539754.nxml.gz	PMC5539754.nxml.gz_87	15847	17010	Early	JJ	15986	15991	O	None	None	None
3406	PMC5539754.nxml.gz	PMC5539754.nxml.gz_87	15847	17010	-	:	15991	15992	O	None	None	None
3407	PMC5539754.nxml.gz	PMC5539754.nxml.gz_87	15847	17010	pregnancy	NN	15992	16001	O	None	None	None
3408	PMC5539754.nxml.gz	PMC5539754.nxml.gz_87	15847	17010	25OHD	CD	16002	16007	O	None	None	None
3409	PMC5539754.nxml.gz	PMC5539754.nxml.gz_87	15847	17010	<	NN	16008	16009	O	None	None	None
3410	PMC5539754.nxml.gz	PMC5539754.nxml.gz_87	15847	17010	30	CD	16010	16012	O	None	None	None
3411	PMC5539754.nxml.gz	PMC5539754.nxml.gz_87	15847	17010	nmol	JJ	16013	16017	O	None	None	None
3412	PMC5539754.nxml.gz	PMC5539754.nxml.gz_87	15847	17010	/	NNP	16017	16018	O	None	None	None
3413	PMC5539754.nxml.gz	PMC5539754.nxml.gz_87	15847	17010	L	NNP	16018	16019	O	None	None	None
3414	PMC5539754.nxml.gz	PMC5539754.nxml.gz_87	15847	17010	,	,	16019	16020	O	None	None	None
3415	PMC5539754.nxml.gz	PMC5539754.nxml.gz_87	15847	17010	and	CC	16021	16024	O	None	None	None
3416	PMC5539754.nxml.gz	PMC5539754.nxml.gz_87	15847	17010	(	(	16025	16026	O	None	None	None
3417	PMC5539754.nxml.gz	PMC5539754.nxml.gz_87	15847	17010	b	NN	16026	16027	O	None	None	None
3418	PMC5539754.nxml.gz	PMC5539754.nxml.gz_87	15847	17010	)	)	16027	16028	O	None	None	None
3419	PMC5539754.nxml.gz	PMC5539754.nxml.gz_87	15847	17010	first	JJ	16029	16034	O	None	None	None
3420	PMC5539754.nxml.gz	PMC5539754.nxml.gz_87	15847	17010	antenatal	JJ	16035	16044	O	None	None	None
3421	PMC5539754.nxml.gz	PMC5539754.nxml.gz_87	15847	17010	visit	NN	16045	16050	O	None	None	None
3422	PMC5539754.nxml.gz	PMC5539754.nxml.gz_87	15847	17010	in	IN	16051	16053	O	None	None	None
3423	PMC5539754.nxml.gz	PMC5539754.nxml.gz_87	15847	17010	extended	JJ	16054	16062	O	None	None	None
3424	PMC5539754.nxml.gz	PMC5539754.nxml.gz_87	15847	17010	winter	NN	16063	16069	O	None	None	None
3425	PMC5539754.nxml.gz	PMC5539754.nxml.gz_87	15847	17010	(	(	16069	16070	O	None	None	None
3426	PMC5539754.nxml.gz	PMC5539754.nxml.gz_87	15847	17010	a	DT	16070	16071	O	None	None	None
3427	PMC5539754.nxml.gz	PMC5539754.nxml.gz_87	15847	17010	)	)	16071	16072	O	None	None	None
3428	PMC5539754.nxml.gz	PMC5539754.nxml.gz_87	15847	17010	Early	JJ	16073	16078	O	None	None	None
3429	PMC5539754.nxml.gz	PMC5539754.nxml.gz_87	15847	17010	-	:	16078	16079	O	None	None	None
3430	PMC5539754.nxml.gz	PMC5539754.nxml.gz_87	15847	17010	pregnancy	NN	16079	16088	O	None	None	None
3431	PMC5539754.nxml.gz	PMC5539754.nxml.gz_87	15847	17010	25OHD	CD	16089	16094	O	None	None	None
3432	PMC5539754.nxml.gz	PMC5539754.nxml.gz_87	15847	17010	<	NN	16095	16096	O	None	None	None
3433	PMC5539754.nxml.gz	PMC5539754.nxml.gz_87	15847	17010	30	CD	16096	16098	O	None	None	None
3434	PMC5539754.nxml.gz	PMC5539754.nxml.gz_87	15847	17010	nmol	JJ	16099	16103	O	None	None	None
3435	PMC5539754.nxml.gz	PMC5539754.nxml.gz_87	15847	17010	/	NN	16103	16104	O	None	None	None
3436	PMC5539754.nxml.gz	PMC5539754.nxml.gz_87	15847	17010	L	NNP	16104	16105	O	None	None	None
3437	PMC5539754.nxml.gz	PMC5539754.nxml.gz_87	15847	17010	(	(	16105	16106	O	None	None	None
3438	PMC5539754.nxml.gz	PMC5539754.nxml.gz_87	15847	17010	b	NN	16106	16107	O	None	None	None
3439	PMC5539754.nxml.gz	PMC5539754.nxml.gz_87	15847	17010	)	)	16107	16108	O	None	None	None
3440	PMC5539754.nxml.gz	PMC5539754.nxml.gz_87	15847	17010	First	NNP	16109	16114	O	None	None	None
3441	PMC5539754.nxml.gz	PMC5539754.nxml.gz_87	15847	17010	antenatal	JJ	16115	16124	O	None	None	None
3442	PMC5539754.nxml.gz	PMC5539754.nxml.gz_87	15847	17010	visit	NN	16125	16130	O	None	None	None
3443	PMC5539754.nxml.gz	PMC5539754.nxml.gz_87	15847	17010	in	IN	16131	16133	O	None	None	None
3444	PMC5539754.nxml.gz	PMC5539754.nxml.gz_87	15847	17010	extended	JJ	16134	16142	O	None	None	None
3445	PMC5539754.nxml.gz	PMC5539754.nxml.gz_87	15847	17010	winterDependent	NN	16143	16158	O	None	None	None
3446	PMC5539754.nxml.gz	PMC5539754.nxml.gz_87	15847	17010	Variable	NNP	16159	16167	O	None	None	None
3447	PMC5539754.nxml.gz	PMC5539754.nxml.gz_87	15847	17010	%	NN	16167	16168	O	None	None	None
3448	PMC5539754.nxml.gz	PMC5539754.nxml.gz_87	15847	17010	∆	NNP	16169	16170	O	None	None	None
3449	PMC5539754.nxml.gz	PMC5539754.nxml.gz_87	15847	17010	aB95	CD	16170	16174	O	None	None	None
3450	PMC5539754.nxml.gz	PMC5539754.nxml.gz_87	15847	17010	%	NN	16174	16175	O	None	None	None
3451	PMC5539754.nxml.gz	PMC5539754.nxml.gz_87	15847	17010	CI	NNP	16176	16178	O	None	None	None
3452	PMC5539754.nxml.gz	PMC5539754.nxml.gz_87	15847	17010	P	NNP	16179	16180	O	None	None	None
3453	PMC5539754.nxml.gz	PMC5539754.nxml.gz_87	15847	17010	%	NN	16181	16182	O	None	None	None
3454	PMC5539754.nxml.gz	PMC5539754.nxml.gz_87	15847	17010	∆	NNP	16183	16184	O	None	None	None
3455	PMC5539754.nxml.gz	PMC5539754.nxml.gz_87	15847	17010	aB95	CD	16184	16188	O	None	None	None
3456	PMC5539754.nxml.gz	PMC5539754.nxml.gz_87	15847	17010	%	NN	16188	16189	O	None	None	None
3457	PMC5539754.nxml.gz	PMC5539754.nxml.gz_87	15847	17010	CI	NNP	16190	16192	O	None	None	None
3458	PMC5539754.nxml.gz	PMC5539754.nxml.gz_87	15847	17010	P	NNP	16193	16194	O	None	None	None
3459	PMC5539754.nxml.gz	PMC5539754.nxml.gz_87	15847	17010	HOMA	NNP	16195	16199	O	None	None	None
3460	PMC5539754.nxml.gz	PMC5539754.nxml.gz_87	15847	17010	-	:	16199	16200	O	None	None	None
3461	PMC5539754.nxml.gz	PMC5539754.nxml.gz_87	15847	17010	IR	NNP	16200	16202	O	None	None	None
3462	PMC5539754.nxml.gz	PMC5539754.nxml.gz_87	15847	17010	early18	NN	16203	16210	O	None	None	None
3463	PMC5539754.nxml.gz	PMC5539754.nxml.gz_87	15847	17010	.	.	16210	16211	O	None	None	None
3464	PMC5539754.nxml.gz	PMC5539754.nxml.gz_87	15847	17010	5	CD	16211	16212	O	None	None	None
3465	PMC5539754.nxml.gz	PMC5539754.nxml.gz_87	15847	17010	%	NN	16212	16213	O	None	None	None
3466	PMC5539754.nxml.gz	PMC5539754.nxml.gz_87	15847	17010	0	CD	16213	16214	O	None	None	None
3467	PMC5539754.nxml.gz	PMC5539754.nxml.gz_87	15847	17010	.	.	16214	16215	O	None	None	None
3468	PMC5539754.nxml.gz	PMC5539754.nxml.gz_87	15847	17010	17	CD	16215	16217	O	None	None	None
3469	PMC5539754.nxml.gz	PMC5539754.nxml.gz_87	15847	17010	(−	JJ	16217	16219	O	None	None	None
3470	PMC5539754.nxml.gz	PMC5539754.nxml.gz_87	15847	17010	0	CD	16219	16220	O	None	None	None
3471	PMC5539754.nxml.gz	PMC5539754.nxml.gz_87	15847	17010	.	.	16220	16221	O	None	None	None
3472	PMC5539754.nxml.gz	PMC5539754.nxml.gz_87	15847	17010	04	CD	16221	16223	O	None	None	None
3473	PMC5539754.nxml.gz	PMC5539754.nxml.gz_87	15847	17010	,	,	16223	16224	O	None	None	None
3474	PMC5539754.nxml.gz	PMC5539754.nxml.gz_87	15847	17010	0	CD	16225	16226	O	None	None	None
3475	PMC5539754.nxml.gz	PMC5539754.nxml.gz_87	15847	17010	.	.	16226	16227	O	None	None	None
3476	PMC5539754.nxml.gz	PMC5539754.nxml.gz_87	15847	17010	39	CD	16227	16229	O	None	None	None
3477	PMC5539754.nxml.gz	PMC5539754.nxml.gz_87	15847	17010	)	)	16229	16230	O	None	None	None
3478	PMC5539754.nxml.gz	PMC5539754.nxml.gz_87	15847	17010	0	CD	16230	16231	O	None	None	None
3479	PMC5539754.nxml.gz	PMC5539754.nxml.gz_87	15847	17010	.	.	16231	16232	O	None	None	None
3480	PMC5539754.nxml.gz	PMC5539754.nxml.gz_87	15847	17010	11031	CD	16232	16237	O	None	None	None
3481	PMC5539754.nxml.gz	PMC5539754.nxml.gz_87	15847	17010	.	.	16237	16238	O	None	None	None
3482	PMC5539754.nxml.gz	PMC5539754.nxml.gz_87	15847	17010	1	CD	16238	16239	O	None	None	None
3483	PMC5539754.nxml.gz	PMC5539754.nxml.gz_87	15847	17010	%	NN	16239	16240	O	None	None	None
3484	PMC5539754.nxml.gz	PMC5539754.nxml.gz_87	15847	17010	0	CD	16240	16241	O	None	None	None
3485	PMC5539754.nxml.gz	PMC5539754.nxml.gz_87	15847	17010	.	.	16241	16242	O	None	None	None
3486	PMC5539754.nxml.gz	PMC5539754.nxml.gz_87	15847	17010	27	CD	16242	16244	O	None	None	None
3487	PMC5539754.nxml.gz	PMC5539754.nxml.gz_87	15847	17010	(	(	16244	16245	O	None	None	None
3488	PMC5539754.nxml.gz	PMC5539754.nxml.gz_87	15847	17010	0	CD	16245	16246	O	None	None	None
3489	PMC5539754.nxml.gz	PMC5539754.nxml.gz_87	15847	17010	.	.	16246	16247	O	None	None	None
3490	PMC5539754.nxml.gz	PMC5539754.nxml.gz_87	15847	17010	08	CD	16247	16249	O	None	None	None
3491	PMC5539754.nxml.gz	PMC5539754.nxml.gz_87	15847	17010	,	,	16249	16250	O	None	None	None
3492	PMC5539754.nxml.gz	PMC5539754.nxml.gz_87	15847	17010	0	CD	16251	16252	O	None	None	None
3493	PMC5539754.nxml.gz	PMC5539754.nxml.gz_87	15847	17010	.	.	16252	16253	O	None	None	None
3494	PMC5539754.nxml.gz	PMC5539754.nxml.gz_87	15847	17010	46	CD	16253	16255	O	None	None	None
3495	PMC5539754.nxml.gz	PMC5539754.nxml.gz_87	15847	17010	)	)	16255	16256	O	None	None	None
3496	PMC5539754.nxml.gz	PMC5539754.nxml.gz_87	15847	17010	0	CD	16256	16257	O	None	None	None
3497	PMC5539754.nxml.gz	PMC5539754.nxml.gz_87	15847	17010	.	.	16257	16258	O	None	None	None
3498	PMC5539754.nxml.gz	PMC5539754.nxml.gz_87	15847	17010	006HOMA	CD	16258	16265	O	None	None	None
3499	PMC5539754.nxml.gz	PMC5539754.nxml.gz_87	15847	17010	-	:	16265	16266	O	None	None	None
3500	PMC5539754.nxml.gz	PMC5539754.nxml.gz_87	15847	17010	IR	NN	16266	16268	O	None	None	None
3501	PMC5539754.nxml.gz	PMC5539754.nxml.gz_87	15847	17010	28	CD	16269	16271	O	None	None	None
3502	PMC5539754.nxml.gz	PMC5539754.nxml.gz_87	15847	17010	weeks11	NN	16272	16279	O	None	None	None
3503	PMC5539754.nxml.gz	PMC5539754.nxml.gz_87	15847	17010	.	.	16279	16280	O	None	None	None
3504	PMC5539754.nxml.gz	PMC5539754.nxml.gz_87	15847	17010	6	CD	16280	16281	O	None	None	None
3505	PMC5539754.nxml.gz	PMC5539754.nxml.gz_87	15847	17010	%	NN	16281	16282	O	None	None	None
3506	PMC5539754.nxml.gz	PMC5539754.nxml.gz_87	15847	17010	0	CD	16282	16283	O	None	None	None
3507	PMC5539754.nxml.gz	PMC5539754.nxml.gz_87	15847	17010	.	.	16283	16284	O	None	None	None
3508	PMC5539754.nxml.gz	PMC5539754.nxml.gz_87	15847	17010	11	CD	16284	16286	O	None	None	None
3509	PMC5539754.nxml.gz	PMC5539754.nxml.gz_87	15847	17010	(−	JJ	16286	16288	O	None	None	None
3510	PMC5539754.nxml.gz	PMC5539754.nxml.gz_87	15847	17010	0	CD	16288	16289	O	None	None	None
3511	PMC5539754.nxml.gz	PMC5539754.nxml.gz_87	15847	17010	.	.	16289	16290	O	None	None	None
3512	PMC5539754.nxml.gz	PMC5539754.nxml.gz_87	15847	17010	13	CD	16290	16292	O	None	None	None
3513	PMC5539754.nxml.gz	PMC5539754.nxml.gz_87	15847	17010	,	,	16292	16293	O	None	None	None
3514	PMC5539754.nxml.gz	PMC5539754.nxml.gz_87	15847	17010	0	CD	16294	16295	O	None	None	None
3515	PMC5539754.nxml.gz	PMC5539754.nxml.gz_87	15847	17010	.	.	16295	16296	O	None	None	None
3516	PMC5539754.nxml.gz	PMC5539754.nxml.gz_87	15847	17010	39	CD	16296	16298	O	None	None	None
3517	PMC5539754.nxml.gz	PMC5539754.nxml.gz_87	15847	17010	)	)	16298	16299	O	None	None	None
3518	PMC5539754.nxml.gz	PMC5539754.nxml.gz_87	15847	17010	0	CD	16299	16300	O	None	None	None
3519	PMC5539754.nxml.gz	PMC5539754.nxml.gz_87	15847	17010	.	.	16300	16301	O	None	None	None
3520	PMC5539754.nxml.gz	PMC5539754.nxml.gz_87	15847	17010	37121	CD	16301	16306	O	None	None	None
3521	PMC5539754.nxml.gz	PMC5539754.nxml.gz_87	15847	17010	.	.	16306	16307	O	None	None	None
3522	PMC5539754.nxml.gz	PMC5539754.nxml.gz_87	15847	17010	9	CD	16307	16308	O	None	None	None
3523	PMC5539754.nxml.gz	PMC5539754.nxml.gz_87	15847	17010	%	NN	16308	16309	O	None	None	None
3524	PMC5539754.nxml.gz	PMC5539754.nxml.gz_87	15847	17010	0	CD	16309	16310	O	None	None	None
3525	PMC5539754.nxml.gz	PMC5539754.nxml.gz_87	15847	17010	.	.	16310	16311	O	None	None	None
3526	PMC5539754.nxml.gz	PMC5539754.nxml.gz_87	15847	17010	20	CD	16311	16313	O	None	None	None
3527	PMC5539754.nxml.gz	PMC5539754.nxml.gz_87	15847	17010	(	(	16313	16314	O	None	None	None
3528	PMC5539754.nxml.gz	PMC5539754.nxml.gz_87	15847	17010	0	CD	16314	16315	O	None	None	None
3529	PMC5539754.nxml.gz	PMC5539754.nxml.gz_87	15847	17010	.	.	16315	16316	O	None	None	None
3530	PMC5539754.nxml.gz	PMC5539754.nxml.gz_87	15847	17010	00	CD	16316	16318	O	None	None	None
3531	PMC5539754.nxml.gz	PMC5539754.nxml.gz_87	15847	17010	,	,	16318	16319	O	None	None	None
3532	PMC5539754.nxml.gz	PMC5539754.nxml.gz_87	15847	17010	0	CD	16320	16321	O	None	None	None
3533	PMC5539754.nxml.gz	PMC5539754.nxml.gz_87	15847	17010	.	.	16321	16322	O	None	None	None
3534	PMC5539754.nxml.gz	PMC5539754.nxml.gz_87	15847	17010	40	CD	16322	16324	O	None	None	None
3535	PMC5539754.nxml.gz	PMC5539754.nxml.gz_87	15847	17010	)	)	16324	16325	O	None	None	None
3536	PMC5539754.nxml.gz	PMC5539754.nxml.gz_87	15847	17010	0	CD	16325	16326	O	None	None	None
3537	PMC5539754.nxml.gz	PMC5539754.nxml.gz_87	15847	17010	.	.	16326	16327	O	None	None	None
3538	PMC5539754.nxml.gz	PMC5539754.nxml.gz_87	15847	17010	051Insulin	CD	16327	16337	O	None	None	None
3539	PMC5539754.nxml.gz	PMC5539754.nxml.gz_87	15847	17010	early	JJ	16338	16343	O	None	None	None
3540	PMC5539754.nxml.gz	PMC5539754.nxml.gz_87	15847	17010	(	(	16344	16345	O	None	None	None
3541	PMC5539754.nxml.gz	PMC5539754.nxml.gz_87	15847	17010	μU	JJ	16345	16347	O	None	None	None
3542	PMC5539754.nxml.gz	PMC5539754.nxml.gz_87	15847	17010	/	NNP	16347	16348	O	None	None	None
3543	PMC5539754.nxml.gz	PMC5539754.nxml.gz_87	15847	17010	mL	NN	16348	16350	O	None	None	None
3544	PMC5539754.nxml.gz	PMC5539754.nxml.gz_87	15847	17010	)	)	16350	16351	O	None	None	None
3545	PMC5539754.nxml.gz	PMC5539754.nxml.gz_87	15847	17010	16	CD	16351	16353	O	None	None	None
3546	PMC5539754.nxml.gz	PMC5539754.nxml.gz_87	15847	17010	.	.	16353	16354	O	None	None	None
3547	PMC5539754.nxml.gz	PMC5539754.nxml.gz_87	15847	17010	2	CD	16354	16355	O	None	None	None
3548	PMC5539754.nxml.gz	PMC5539754.nxml.gz_87	15847	17010	%	NN	16355	16356	O	None	None	None
3549	PMC5539754.nxml.gz	PMC5539754.nxml.gz_87	15847	17010	0	CD	16356	16357	O	None	None	None
3550	PMC5539754.nxml.gz	PMC5539754.nxml.gz_87	15847	17010	.	.	16357	16358	O	None	None	None
3551	PMC5539754.nxml.gz	PMC5539754.nxml.gz_87	15847	17010	15	CD	16358	16360	O	None	None	None
3552	PMC5539754.nxml.gz	PMC5539754.nxml.gz_87	15847	17010	(−	JJ	16360	16362	O	None	None	None
3553	PMC5539754.nxml.gz	PMC5539754.nxml.gz_87	15847	17010	0	CD	16362	16363	O	None	None	None
3554	PMC5539754.nxml.gz	PMC5539754.nxml.gz_87	15847	17010	.	.	16363	16364	O	None	None	None
3555	PMC5539754.nxml.gz	PMC5539754.nxml.gz_87	15847	17010	06	CD	16364	16366	O	None	None	None
3556	PMC5539754.nxml.gz	PMC5539754.nxml.gz_87	15847	17010	,	,	16366	16367	O	None	None	None
3557	PMC5539754.nxml.gz	PMC5539754.nxml.gz_87	15847	17010	0	CD	16368	16369	O	None	None	None
3558	PMC5539754.nxml.gz	PMC5539754.nxml.gz_87	15847	17010	.	.	16369	16370	O	None	None	None
3559	PMC5539754.nxml.gz	PMC5539754.nxml.gz_87	15847	17010	35	CD	16370	16372	O	None	None	None
3560	PMC5539754.nxml.gz	PMC5539754.nxml.gz_87	15847	17010	)	)	16372	16373	O	None	None	None
3561	PMC5539754.nxml.gz	PMC5539754.nxml.gz_87	15847	17010	0	CD	16373	16374	O	None	None	None
3562	PMC5539754.nxml.gz	PMC5539754.nxml.gz_87	15847	17010	.	.	16374	16375	O	None	None	None
3563	PMC5539754.nxml.gz	PMC5539754.nxml.gz_87	15847	17010	17330	CD	16375	16380	O	None	None	None
3564	PMC5539754.nxml.gz	PMC5539754.nxml.gz_87	15847	17010	.	.	16380	16381	O	None	None	None
3565	PMC5539754.nxml.gz	PMC5539754.nxml.gz_87	15847	17010	6	CD	16381	16382	O	None	None	None
3566	PMC5539754.nxml.gz	PMC5539754.nxml.gz_87	15847	17010	%	NN	16382	16383	O	None	None	None
3567	PMC5539754.nxml.gz	PMC5539754.nxml.gz_87	15847	17010	0	CD	16383	16384	O	None	None	None
3568	PMC5539754.nxml.gz	PMC5539754.nxml.gz_87	15847	17010	.	.	16384	16385	O	None	None	None
3569	PMC5539754.nxml.gz	PMC5539754.nxml.gz_87	15847	17010	27	CD	16385	16387	O	None	None	None
3570	PMC5539754.nxml.gz	PMC5539754.nxml.gz_87	15847	17010	(	(	16387	16388	O	None	None	None
3571	PMC5539754.nxml.gz	PMC5539754.nxml.gz_87	15847	17010	0	CD	16388	16389	O	None	None	None
3572	PMC5539754.nxml.gz	PMC5539754.nxml.gz_87	15847	17010	.	.	16389	16390	O	None	None	None
3573	PMC5539754.nxml.gz	PMC5539754.nxml.gz_87	15847	17010	08	CD	16390	16392	O	None	None	None
3574	PMC5539754.nxml.gz	PMC5539754.nxml.gz_87	15847	17010	,	,	16392	16393	O	None	None	None
3575	PMC5539754.nxml.gz	PMC5539754.nxml.gz_87	15847	17010	0	CD	16394	16395	O	None	None	None
3576	PMC5539754.nxml.gz	PMC5539754.nxml.gz_87	15847	17010	.	.	16395	16396	O	None	None	None
3577	PMC5539754.nxml.gz	PMC5539754.nxml.gz_87	15847	17010	45	CD	16396	16398	O	None	None	None
3578	PMC5539754.nxml.gz	PMC5539754.nxml.gz_87	15847	17010	)	)	16398	16399	O	None	None	None
3579	PMC5539754.nxml.gz	PMC5539754.nxml.gz_87	15847	17010	0	CD	16399	16400	O	None	None	None
3580	PMC5539754.nxml.gz	PMC5539754.nxml.gz_87	15847	17010	.	.	16400	16401	O	None	None	None
3581	PMC5539754.nxml.gz	PMC5539754.nxml.gz_87	15847	17010	005Insulin	CD	16401	16411	O	None	None	None
3582	PMC5539754.nxml.gz	PMC5539754.nxml.gz_87	15847	17010	28	CD	16412	16414	O	None	None	None
3583	PMC5539754.nxml.gz	PMC5539754.nxml.gz_87	15847	17010	weeks	NNS	16415	16420	O	None	None	None
3584	PMC5539754.nxml.gz	PMC5539754.nxml.gz_87	15847	17010	(	(	16421	16422	O	None	None	None
3585	PMC5539754.nxml.gz	PMC5539754.nxml.gz_87	15847	17010	μU	JJ	16422	16424	O	None	None	None
3586	PMC5539754.nxml.gz	PMC5539754.nxml.gz_87	15847	17010	/	NNP	16424	16425	O	None	None	None
3587	PMC5539754.nxml.gz	PMC5539754.nxml.gz_87	15847	17010	mL	NN	16425	16427	O	None	None	None
3588	PMC5539754.nxml.gz	PMC5539754.nxml.gz_87	15847	17010	)	)	16427	16428	O	None	None	None
3589	PMC5539754.nxml.gz	PMC5539754.nxml.gz_87	15847	17010	7	CD	16428	16429	O	None	None	None
3590	PMC5539754.nxml.gz	PMC5539754.nxml.gz_87	15847	17010	.	.	16429	16430	O	None	None	None
3591	PMC5539754.nxml.gz	PMC5539754.nxml.gz_87	15847	17010	3	CD	16430	16431	O	None	None	None
3592	PMC5539754.nxml.gz	PMC5539754.nxml.gz_87	15847	17010	%	NN	16431	16432	O	None	None	None
3593	PMC5539754.nxml.gz	PMC5539754.nxml.gz_87	15847	17010	0	CD	16432	16433	O	None	None	None
3594	PMC5539754.nxml.gz	PMC5539754.nxml.gz_87	15847	17010	.	.	16433	16434	O	None	None	None
3595	PMC5539754.nxml.gz	PMC5539754.nxml.gz_87	15847	17010	07	CD	16434	16436	O	None	None	None
3596	PMC5539754.nxml.gz	PMC5539754.nxml.gz_87	15847	17010	(−	JJ	16436	16438	O	None	None	None
3597	PMC5539754.nxml.gz	PMC5539754.nxml.gz_87	15847	17010	0	CD	16438	16439	O	None	None	None
3598	PMC5539754.nxml.gz	PMC5539754.nxml.gz_87	15847	17010	.	.	16439	16440	O	None	None	None
3599	PMC5539754.nxml.gz	PMC5539754.nxml.gz_87	15847	17010	16	CD	16440	16442	O	None	None	None
3600	PMC5539754.nxml.gz	PMC5539754.nxml.gz_87	15847	17010	,	,	16442	16443	O	None	None	None
3601	PMC5539754.nxml.gz	PMC5539754.nxml.gz_87	15847	17010	0	CD	16444	16445	O	None	None	None
3602	PMC5539754.nxml.gz	PMC5539754.nxml.gz_87	15847	17010	.	.	16445	16446	O	None	None	None
3603	PMC5539754.nxml.gz	PMC5539754.nxml.gz_87	15847	17010	30	CD	16446	16448	O	None	None	None
3604	PMC5539754.nxml.gz	PMC5539754.nxml.gz_87	15847	17010	)	)	16448	16449	O	None	None	None
3605	PMC5539754.nxml.gz	PMC5539754.nxml.gz_87	15847	17010	0	CD	16449	16450	O	None	None	None
3606	PMC5539754.nxml.gz	PMC5539754.nxml.gz_87	15847	17010	.	.	16450	16451	O	None	None	None
3607	PMC5539754.nxml.gz	PMC5539754.nxml.gz_87	15847	17010	52819	CD	16451	16456	O	None	None	None
3608	PMC5539754.nxml.gz	PMC5539754.nxml.gz_87	15847	17010	.	.	16456	16457	O	None	None	None
3609	PMC5539754.nxml.gz	PMC5539754.nxml.gz_87	15847	17010	2	CD	16457	16458	O	None	None	None
3610	PMC5539754.nxml.gz	PMC5539754.nxml.gz_87	15847	17010	%	NN	16458	16459	O	None	None	None
3611	PMC5539754.nxml.gz	PMC5539754.nxml.gz_87	15847	17010	0	CD	16459	16460	O	None	None	None
3612	PMC5539754.nxml.gz	PMC5539754.nxml.gz_87	15847	17010	.	.	16460	16461	O	None	None	None
3613	PMC5539754.nxml.gz	PMC5539754.nxml.gz_87	15847	17010	18	CD	16461	16463	O	None	None	None
3614	PMC5539754.nxml.gz	PMC5539754.nxml.gz_87	15847	17010	(−	JJ	16463	16465	O	None	None	None
3615	PMC5539754.nxml.gz	PMC5539754.nxml.gz_87	15847	17010	0	CD	16465	16466	O	None	None	None
3616	PMC5539754.nxml.gz	PMC5539754.nxml.gz_87	15847	17010	.	.	16466	16467	O	None	None	None
3617	PMC5539754.nxml.gz	PMC5539754.nxml.gz_87	15847	17010	02	CD	16467	16469	O	None	None	None
3618	PMC5539754.nxml.gz	PMC5539754.nxml.gz_87	15847	17010	,	,	16469	16470	O	None	None	None
3619	PMC5539754.nxml.gz	PMC5539754.nxml.gz_87	15847	17010	0	CD	16471	16472	O	None	None	None
3620	PMC5539754.nxml.gz	PMC5539754.nxml.gz_87	15847	17010	.	.	16472	16473	O	None	None	None
3621	PMC5539754.nxml.gz	PMC5539754.nxml.gz_87	15847	17010	37	CD	16473	16475	O	None	None	None
3622	PMC5539754.nxml.gz	PMC5539754.nxml.gz_87	15847	17010	)	)	16475	16476	O	None	None	None
3623	PMC5539754.nxml.gz	PMC5539754.nxml.gz_87	15847	17010	0	CD	16476	16477	O	None	None	None
3624	PMC5539754.nxml.gz	PMC5539754.nxml.gz_87	15847	17010	.	.	16477	16478	O	None	None	None
3625	PMC5539754.nxml.gz	PMC5539754.nxml.gz_87	15847	17010	074Fasting	VBG	16478	16488	O	None	None	None
3626	PMC5539754.nxml.gz	PMC5539754.nxml.gz_87	15847	17010	glucose	JJ	16489	16496	O	None	None	None
3627	PMC5539754.nxml.gz	PMC5539754.nxml.gz_87	15847	17010	early	JJ	16497	16502	O	None	None	None
3628	PMC5539754.nxml.gz	PMC5539754.nxml.gz_87	15847	17010	(	(	16503	16504	O	None	None	None
3629	PMC5539754.nxml.gz	PMC5539754.nxml.gz_87	15847	17010	mmol	JJ	16504	16508	O	None	None	None
3630	PMC5539754.nxml.gz	PMC5539754.nxml.gz_87	15847	17010	/	NNP	16508	16509	O	None	None	None
3631	PMC5539754.nxml.gz	PMC5539754.nxml.gz_87	15847	17010	L	NNP	16509	16510	O	None	None	None
3632	PMC5539754.nxml.gz	PMC5539754.nxml.gz_87	15847	17010	)	)	16510	16511	O	None	None	None
3633	PMC5539754.nxml.gz	PMC5539754.nxml.gz_87	15847	17010	0	CD	16511	16512	O	None	None	None
3634	PMC5539754.nxml.gz	PMC5539754.nxml.gz_87	15847	17010	.	.	16512	16513	O	None	None	None
3635	PMC5539754.nxml.gz	PMC5539754.nxml.gz_87	15847	17010	03	CD	16513	16515	O	None	None	None
3636	PMC5539754.nxml.gz	PMC5539754.nxml.gz_87	15847	17010	(−	JJ	16515	16517	O	None	None	None
3637	PMC5539754.nxml.gz	PMC5539754.nxml.gz_87	15847	17010	0	CD	16517	16518	O	None	None	None
3638	PMC5539754.nxml.gz	PMC5539754.nxml.gz_87	15847	17010	.	.	16518	16519	O	None	None	None
3639	PMC5539754.nxml.gz	PMC5539754.nxml.gz_87	15847	17010	06	CD	16519	16521	O	None	None	None
3640	PMC5539754.nxml.gz	PMC5539754.nxml.gz_87	15847	17010	,	,	16521	16522	O	None	None	None
3641	PMC5539754.nxml.gz	PMC5539754.nxml.gz_87	15847	17010	0	CD	16523	16524	O	None	None	None
3642	PMC5539754.nxml.gz	PMC5539754.nxml.gz_87	15847	17010	.	.	16524	16525	O	None	None	None
3643	PMC5539754.nxml.gz	PMC5539754.nxml.gz_87	15847	17010	12	CD	16525	16527	O	None	None	None
3644	PMC5539754.nxml.gz	PMC5539754.nxml.gz_87	15847	17010	)	)	16527	16528	O	None	None	None
3645	PMC5539754.nxml.gz	PMC5539754.nxml.gz_87	15847	17010	0	CD	16528	16529	O	None	None	None
3646	PMC5539754.nxml.gz	PMC5539754.nxml.gz_87	15847	17010	.	.	16529	16530	O	None	None	None
3647	PMC5539754.nxml.gz	PMC5539754.nxml.gz_87	15847	17010	541	CD	16530	16533	O	None	None	None
3648	PMC5539754.nxml.gz	PMC5539754.nxml.gz_87	15847	17010	−	JJ	16533	16534	O	None	None	None
3649	PMC5539754.nxml.gz	PMC5539754.nxml.gz_87	15847	17010	0	CD	16534	16535	O	None	None	None
3650	PMC5539754.nxml.gz	PMC5539754.nxml.gz_87	15847	17010	.	.	16535	16536	O	None	None	None
3651	PMC5539754.nxml.gz	PMC5539754.nxml.gz_87	15847	17010	02	CD	16536	16538	O	None	None	None
3652	PMC5539754.nxml.gz	PMC5539754.nxml.gz_87	15847	17010	(−	JJ	16538	16540	O	None	None	None
3653	PMC5539754.nxml.gz	PMC5539754.nxml.gz_87	15847	17010	0	CD	16540	16541	O	None	None	None
3654	PMC5539754.nxml.gz	PMC5539754.nxml.gz_87	15847	17010	.	.	16541	16542	O	None	None	None
3655	PMC5539754.nxml.gz	PMC5539754.nxml.gz_87	15847	17010	09	CD	16542	16544	O	None	None	None
3656	PMC5539754.nxml.gz	PMC5539754.nxml.gz_87	15847	17010	,	,	16544	16545	O	None	None	None
3657	PMC5539754.nxml.gz	PMC5539754.nxml.gz_87	15847	17010	0	CD	16546	16547	O	None	None	None
3658	PMC5539754.nxml.gz	PMC5539754.nxml.gz_87	15847	17010	.	.	16547	16548	O	None	None	None
3659	PMC5539754.nxml.gz	PMC5539754.nxml.gz_87	15847	17010	05	CD	16548	16550	O	None	None	None
3660	PMC5539754.nxml.gz	PMC5539754.nxml.gz_87	15847	17010	)	)	16550	16551	O	None	None	None
3661	PMC5539754.nxml.gz	PMC5539754.nxml.gz_87	15847	17010	0	CD	16551	16552	O	None	None	None
3662	PMC5539754.nxml.gz	PMC5539754.nxml.gz_87	15847	17010	.	.	16552	16553	O	None	None	None
3663	PMC5539754.nxml.gz	PMC5539754.nxml.gz_87	15847	17010	566Fasting	VBG	16553	16563	O	None	None	None
3664	PMC5539754.nxml.gz	PMC5539754.nxml.gz_87	15847	17010	glucose	RB	16564	16571	O	None	None	None
3665	PMC5539754.nxml.gz	PMC5539754.nxml.gz_87	15847	17010	28	CD	16572	16574	O	None	None	None
3666	PMC5539754.nxml.gz	PMC5539754.nxml.gz_87	15847	17010	weeks	NNS	16575	16580	O	None	None	None
3667	PMC5539754.nxml.gz	PMC5539754.nxml.gz_87	15847	17010	(	(	16581	16582	O	None	None	None
3668	PMC5539754.nxml.gz	PMC5539754.nxml.gz_87	15847	17010	mmol	JJ	16582	16586	O	None	None	None
3669	PMC5539754.nxml.gz	PMC5539754.nxml.gz_87	15847	17010	/	NNP	16586	16587	O	None	None	None
3670	PMC5539754.nxml.gz	PMC5539754.nxml.gz_87	15847	17010	L	NNP	16587	16588	O	None	None	None
3671	PMC5539754.nxml.gz	PMC5539754.nxml.gz_87	15847	17010	)	)	16588	16589	O	None	None	None
3672	PMC5539754.nxml.gz	PMC5539754.nxml.gz_87	15847	17010	0	CD	16589	16590	O	None	None	None
3673	PMC5539754.nxml.gz	PMC5539754.nxml.gz_87	15847	17010	.	.	16590	16591	O	None	None	None
3674	PMC5539754.nxml.gz	PMC5539754.nxml.gz_87	15847	17010	09	CD	16591	16593	O	None	None	None
3675	PMC5539754.nxml.gz	PMC5539754.nxml.gz_87	15847	17010	(−	JJ	16593	16595	O	None	None	None
3676	PMC5539754.nxml.gz	PMC5539754.nxml.gz_87	15847	17010	0	CD	16595	16596	O	None	None	None
3677	PMC5539754.nxml.gz	PMC5539754.nxml.gz_87	15847	17010	.	.	16596	16597	O	None	None	None
3678	PMC5539754.nxml.gz	PMC5539754.nxml.gz_87	15847	17010	02	CD	16597	16599	O	None	None	None
3679	PMC5539754.nxml.gz	PMC5539754.nxml.gz_87	15847	17010	,	,	16599	16600	O	None	None	None
3680	PMC5539754.nxml.gz	PMC5539754.nxml.gz_87	15847	17010	0	CD	16601	16602	O	None	None	None
3681	PMC5539754.nxml.gz	PMC5539754.nxml.gz_87	15847	17010	.	.	16602	16603	O	None	None	None
3682	PMC5539754.nxml.gz	PMC5539754.nxml.gz_87	15847	17010	21	CD	16603	16605	O	None	None	None
3683	PMC5539754.nxml.gz	PMC5539754.nxml.gz_87	15847	17010	)	)	16605	16606	O	None	None	None
3684	PMC5539754.nxml.gz	PMC5539754.nxml.gz_87	15847	17010	0	CD	16606	16607	O	None	None	None
3685	PMC5539754.nxml.gz	PMC5539754.nxml.gz_87	15847	17010	.	.	16607	16608	O	None	None	None
3686	PMC5539754.nxml.gz	PMC5539754.nxml.gz_87	15847	17010	1120	CD	16608	16612	O	None	None	None
3687	PMC5539754.nxml.gz	PMC5539754.nxml.gz_87	15847	17010	.	.	16612	16613	O	None	None	None
3688	PMC5539754.nxml.gz	PMC5539754.nxml.gz_87	15847	17010	07	CD	16613	16615	O	None	None	None
3689	PMC5539754.nxml.gz	PMC5539754.nxml.gz_87	15847	17010	(−	JJ	16615	16617	O	None	None	None
3690	PMC5539754.nxml.gz	PMC5539754.nxml.gz_87	15847	17010	0	CD	16617	16618	O	None	None	None
3691	PMC5539754.nxml.gz	PMC5539754.nxml.gz_87	15847	17010	.	.	16618	16619	O	None	None	None
3692	PMC5539754.nxml.gz	PMC5539754.nxml.gz_87	15847	17010	03	CD	16619	16621	O	None	None	None
3693	PMC5539754.nxml.gz	PMC5539754.nxml.gz_87	15847	17010	,	,	16621	16622	O	None	None	None
3694	PMC5539754.nxml.gz	PMC5539754.nxml.gz_87	15847	17010	0	CD	16623	16624	O	None	None	None
3695	PMC5539754.nxml.gz	PMC5539754.nxml.gz_87	15847	17010	.	.	16624	16625	O	None	None	None
3696	PMC5539754.nxml.gz	PMC5539754.nxml.gz_87	15847	17010	17	CD	16625	16627	O	None	None	None
3697	PMC5539754.nxml.gz	PMC5539754.nxml.gz_87	15847	17010	)	)	16627	16628	O	None	None	None
3698	PMC5539754.nxml.gz	PMC5539754.nxml.gz_87	15847	17010	0	CD	16628	16629	O	None	None	None
3699	PMC5539754.nxml.gz	PMC5539754.nxml.gz_87	15847	17010	.	.	16629	16630	O	None	None	None
3700	PMC5539754.nxml.gz	PMC5539754.nxml.gz_87	15847	17010	1571	CD	16630	16634	O	None	None	None
3701	PMC5539754.nxml.gz	PMC5539754.nxml.gz_87	15847	17010	-	:	16634	16635	O	None	None	None
3702	PMC5539754.nxml.gz	PMC5539754.nxml.gz_87	15847	17010	h	NN	16635	16636	O	None	None	None
3703	PMC5539754.nxml.gz	PMC5539754.nxml.gz_87	15847	17010	GCT	NNP	16637	16640	O	None	None	None
3704	PMC5539754.nxml.gz	PMC5539754.nxml.gz_87	15847	17010	28	CD	16641	16643	O	None	None	None
3705	PMC5539754.nxml.gz	PMC5539754.nxml.gz_87	15847	17010	weeks	NNS	16644	16649	O	None	None	None
3706	PMC5539754.nxml.gz	PMC5539754.nxml.gz_87	15847	17010	(	(	16650	16651	O	None	None	None
3707	PMC5539754.nxml.gz	PMC5539754.nxml.gz_87	15847	17010	mmol	JJ	16651	16655	O	None	None	None
3708	PMC5539754.nxml.gz	PMC5539754.nxml.gz_87	15847	17010	/	NNP	16655	16656	O	None	None	None
3709	PMC5539754.nxml.gz	PMC5539754.nxml.gz_87	15847	17010	L	NNP	16656	16657	O	None	None	None
3710	PMC5539754.nxml.gz	PMC5539754.nxml.gz_87	15847	17010	)	)	16657	16658	O	None	None	None
3711	PMC5539754.nxml.gz	PMC5539754.nxml.gz_87	15847	17010	0	CD	16658	16659	O	None	None	None
3712	PMC5539754.nxml.gz	PMC5539754.nxml.gz_87	15847	17010	.	.	16659	16660	O	None	None	None
3713	PMC5539754.nxml.gz	PMC5539754.nxml.gz_87	15847	17010	04	CD	16660	16662	O	None	None	None
3714	PMC5539754.nxml.gz	PMC5539754.nxml.gz_87	15847	17010	(−	JJ	16662	16664	O	None	None	None
3715	PMC5539754.nxml.gz	PMC5539754.nxml.gz_87	15847	17010	0	CD	16664	16665	O	None	None	None
3716	PMC5539754.nxml.gz	PMC5539754.nxml.gz_87	15847	17010	.	.	16665	16666	O	None	None	None
3717	PMC5539754.nxml.gz	PMC5539754.nxml.gz_87	15847	17010	32	CD	16666	16668	O	None	None	None
3718	PMC5539754.nxml.gz	PMC5539754.nxml.gz_87	15847	17010	,	,	16668	16669	O	None	None	None
3719	PMC5539754.nxml.gz	PMC5539754.nxml.gz_87	15847	17010	0	CD	16670	16671	O	None	None	None
3720	PMC5539754.nxml.gz	PMC5539754.nxml.gz_87	15847	17010	.	.	16671	16672	O	None	None	None
3721	PMC5539754.nxml.gz	PMC5539754.nxml.gz_87	15847	17010	41	CD	16672	16674	O	None	None	None
3722	PMC5539754.nxml.gz	PMC5539754.nxml.gz_87	15847	17010	)	)	16674	16675	O	None	None	None
3723	PMC5539754.nxml.gz	PMC5539754.nxml.gz_87	15847	17010	0	CD	16675	16676	O	None	None	None
3724	PMC5539754.nxml.gz	PMC5539754.nxml.gz_87	15847	17010	.	.	16676	16677	O	None	None	None
3725	PMC5539754.nxml.gz	PMC5539754.nxml.gz_87	15847	17010	824	CD	16677	16680	O	None	None	None
3726	PMC5539754.nxml.gz	PMC5539754.nxml.gz_87	15847	17010	−	JJ	16680	16681	O	None	None	None
3727	PMC5539754.nxml.gz	PMC5539754.nxml.gz_87	15847	17010	0	CD	16681	16682	O	None	None	None
3728	PMC5539754.nxml.gz	PMC5539754.nxml.gz_87	15847	17010	.	.	16682	16683	O	None	None	None
3729	PMC5539754.nxml.gz	PMC5539754.nxml.gz_87	15847	17010	03	CD	16683	16685	O	None	None	None
3730	PMC5539754.nxml.gz	PMC5539754.nxml.gz_87	15847	17010	(−	JJ	16685	16687	O	None	None	None
3731	PMC5539754.nxml.gz	PMC5539754.nxml.gz_87	15847	17010	0	CD	16687	16688	O	None	None	None
3732	PMC5539754.nxml.gz	PMC5539754.nxml.gz_87	15847	17010	.	.	16688	16689	O	None	None	None
3733	PMC5539754.nxml.gz	PMC5539754.nxml.gz_87	15847	17010	34	CD	16689	16691	O	None	None	None
3734	PMC5539754.nxml.gz	PMC5539754.nxml.gz_87	15847	17010	,	,	16691	16692	O	None	None	None
3735	PMC5539754.nxml.gz	PMC5539754.nxml.gz_87	15847	17010	0	CD	16693	16694	O	None	None	None
3736	PMC5539754.nxml.gz	PMC5539754.nxml.gz_87	15847	17010	.	.	16694	16695	O	None	None	None
3737	PMC5539754.nxml.gz	PMC5539754.nxml.gz_87	15847	17010	29	CD	16695	16697	O	None	None	None
3738	PMC5539754.nxml.gz	PMC5539754.nxml.gz_87	15847	17010	)	)	16697	16698	O	None	None	None
3739	PMC5539754.nxml.gz	PMC5539754.nxml.gz_87	15847	17010	0	CD	16698	16699	O	None	None	None
3740	PMC5539754.nxml.gz	PMC5539754.nxml.gz_87	15847	17010	.	.	16699	16700	O	None	None	None
3741	PMC5539754.nxml.gz	PMC5539754.nxml.gz_87	15847	17010	864	CD	16700	16703	O	None	None	None
3742	PMC5539754.nxml.gz	PMC5539754.nxml.gz_87	15847	17010	a	DT	16704	16705	O	None	None	None
3743	PMC5539754.nxml.gz	PMC5539754.nxml.gz_87	15847	17010	%	NN	16705	16706	O	None	None	None
3744	PMC5539754.nxml.gz	PMC5539754.nxml.gz_87	15847	17010	difference	NN	16707	16717	O	None	None	None
3745	PMC5539754.nxml.gz	PMC5539754.nxml.gz_87	15847	17010	in	IN	16718	16720	O	None	None	None
3746	PMC5539754.nxml.gz	PMC5539754.nxml.gz_87	15847	17010	metabolic	JJ	16721	16730	O	None	None	None
3747	PMC5539754.nxml.gz	PMC5539754.nxml.gz_87	15847	17010	marker	NN	16731	16737	O	None	None	None
3748	PMC5539754.nxml.gz	PMC5539754.nxml.gz_87	15847	17010	Adjusted	VBN	16739	16747	O	None	None	None
3749	PMC5539754.nxml.gz	PMC5539754.nxml.gz_87	15847	17010	analysis	NN	16748	16756	O	None	None	None
3750	PMC5539754.nxml.gz	PMC5539754.nxml.gz_87	15847	17010	(	(	16757	16758	O	None	None	None
3751	PMC5539754.nxml.gz	PMC5539754.nxml.gz_87	15847	17010	model	FW	16758	16763	O	None	None	None
3752	PMC5539754.nxml.gz	PMC5539754.nxml.gz_87	15847	17010	1	CD	16764	16765	O	None	None	None
3753	PMC5539754.nxml.gz	PMC5539754.nxml.gz_87	15847	17010	)	)	16765	16766	O	None	None	None
3754	PMC5539754.nxml.gz	PMC5539754.nxml.gz_87	15847	17010	–	NN	16767	16768	O	None	None	None
3755	PMC5539754.nxml.gz	PMC5539754.nxml.gz_87	15847	17010	25OHD	CD	16769	16774	O	None	None	None
3756	PMC5539754.nxml.gz	PMC5539754.nxml.gz_87	15847	17010	,	,	16774	16775	O	None	None	None
3757	PMC5539754.nxml.gz	PMC5539754.nxml.gz_87	15847	17010	season	NN	16776	16782	O	None	None	None
3758	PMC5539754.nxml.gz	PMC5539754.nxml.gz_87	15847	17010	and	CC	16783	16786	O	None	None	None
3759	PMC5539754.nxml.gz	PMC5539754.nxml.gz_87	15847	17010	markers	NNS	16787	16794	O	None	None	None
3760	PMC5539754.nxml.gz	PMC5539754.nxml.gz_87	15847	17010	of	IN	16795	16797	O	None	None	None
3761	PMC5539754.nxml.gz	PMC5539754.nxml.gz_87	15847	17010	glucose	JJ	16798	16805	O	None	None	None
3762	PMC5539754.nxml.gz	PMC5539754.nxml.gz_87	15847	17010	metabolism	NN	16806	16816	O	None	None	None
3763	PMC5539754.nxml.gz	PMC5539754.nxml.gz_87	15847	17010	Multiple	NNP	16817	16825	O	None	None	None
3764	PMC5539754.nxml.gz	PMC5539754.nxml.gz_87	15847	17010	linear	JJ	16826	16832	O	None	None	None
3765	PMC5539754.nxml.gz	PMC5539754.nxml.gz_87	15847	17010	regression	NN	16833	16843	O	None	None	None
3766	PMC5539754.nxml.gz	PMC5539754.nxml.gz_87	15847	17010	models	NNS	16844	16850	O	None	None	None
3767	PMC5539754.nxml.gz	PMC5539754.nxml.gz_87	15847	17010	(	(	16851	16852	O	None	None	None
3768	PMC5539754.nxml.gz	PMC5539754.nxml.gz_87	15847	17010	Table4	NNP	16852	16858	O	None	None	None
3769	PMC5539754.nxml.gz	PMC5539754.nxml.gz_87	15847	17010	)	)	16858	16859	O	None	None	None
3770	PMC5539754.nxml.gz	PMC5539754.nxml.gz_87	15847	17010	included	VBD	16860	16868	O	None	None	None
3771	PMC5539754.nxml.gz	PMC5539754.nxml.gz_87	15847	17010	both	DT	16869	16873	O	None	None	None
3772	PMC5539754.nxml.gz	PMC5539754.nxml.gz_87	15847	17010	25OHD	CD	16874	16879	O	None	None	None
3773	PMC5539754.nxml.gz	PMC5539754.nxml.gz_87	15847	17010	<	NN	16880	16881	O	None	None	None
3774	PMC5539754.nxml.gz	PMC5539754.nxml.gz_87	15847	17010	30	CD	16881	16883	O	None	None	None
3775	PMC5539754.nxml.gz	PMC5539754.nxml.gz_87	15847	17010	nmol	JJ	16884	16888	O	None	None	None
3776	PMC5539754.nxml.gz	PMC5539754.nxml.gz_87	15847	17010	/	NNP	16888	16889	O	None	None	None
3777	PMC5539754.nxml.gz	PMC5539754.nxml.gz_87	15847	17010	L	NNP	16889	16890	O	None	None	None
3778	PMC5539754.nxml.gz	PMC5539754.nxml.gz_87	15847	17010	and	CC	16891	16894	O	None	None	None
3779	PMC5539754.nxml.gz	PMC5539754.nxml.gz_87	15847	17010	extended	VBD	16895	16903	O	None	None	None
3780	PMC5539754.nxml.gz	PMC5539754.nxml.gz_87	15847	17010	winter	NN	16904	16910	O	None	None	None
3781	PMC5539754.nxml.gz	PMC5539754.nxml.gz_87	15847	17010	as	IN	16911	16913	O	None	None	None
3782	PMC5539754.nxml.gz	PMC5539754.nxml.gz_87	15847	17010	predictors	NNS	16914	16924	O	None	None	None
3783	PMC5539754.nxml.gz	PMC5539754.nxml.gz_87	15847	17010	of	IN	16925	16927	O	None	None	None
3784	PMC5539754.nxml.gz	PMC5539754.nxml.gz_87	15847	17010	the	DT	16928	16931	O	None	None	None
3785	PMC5539754.nxml.gz	PMC5539754.nxml.gz_87	15847	17010	metabolic	JJ	16932	16941	O	None	None	None
3786	PMC5539754.nxml.gz	PMC5539754.nxml.gz_87	15847	17010	markers	NNS	16942	16949	O	None	None	None
3787	PMC5539754.nxml.gz	PMC5539754.nxml.gz_87	15847	17010	(	(	16950	16951	O	None	None	None
3788	PMC5539754.nxml.gz	PMC5539754.nxml.gz_87	15847	17010	Model	NNP	16951	16956	O	None	None	None
3789	PMC5539754.nxml.gz	PMC5539754.nxml.gz_87	15847	17010	1	CD	16957	16958	O	None	None	None
3790	PMC5539754.nxml.gz	PMC5539754.nxml.gz_87	15847	17010	),	NN	16958	16960	O	None	None	None
3791	PMC5539754.nxml.gz	PMC5539754.nxml.gz_87	15847	17010	and	CC	16961	16964	O	None	None	None
3792	PMC5539754.nxml.gz	PMC5539754.nxml.gz_87	15847	17010	were	VBD	16965	16969	O	None	None	None
3793	PMC5539754.nxml.gz	PMC5539754.nxml.gz_87	15847	17010	also	RB	16970	16974	O	None	None	None
3794	PMC5539754.nxml.gz	PMC5539754.nxml.gz_87	15847	17010	adjusted	VBN	16975	16983	O	None	None	None
3795	PMC5539754.nxml.gz	PMC5539754.nxml.gz_87	15847	17010	for	IN	16984	16987	O	None	None	None
3796	PMC5539754.nxml.gz	PMC5539754.nxml.gz_87	15847	17010	confounders	NNS	16988	16999	O	None	None	None
3797	PMC5539754.nxml.gz	PMC5539754.nxml.gz_87	15847	17010	(	(	17000	17001	O	None	None	None
3798	PMC5539754.nxml.gz	PMC5539754.nxml.gz_87	15847	17010	Model	NNP	17001	17006	O	None	None	None
3799	PMC5539754.nxml.gz	PMC5539754.nxml.gz_87	15847	17010	2	CD	17007	17008	O	None	None	None
3800	PMC5539754.nxml.gz	PMC5539754.nxml.gz_87	15847	17010	).	NN	17008	17010	O	None	None	None
3801	PMC5539754.nxml.gz	PMC5539754.nxml.gz_88	17011	17233	Prior	RB	17011	17016	O	None	None	None
3802	PMC5539754.nxml.gz	PMC5539754.nxml.gz_88	17011	17233	to	TO	17017	17019	O	None	None	None
3803	PMC5539754.nxml.gz	PMC5539754.nxml.gz_88	17011	17233	analysis	NN	17020	17028	O	None	None	None
3804	PMC5539754.nxml.gz	PMC5539754.nxml.gz_88	17011	17233	,	,	17028	17029	O	None	None	None
3805	PMC5539754.nxml.gz	PMC5539754.nxml.gz_88	17011	17233	collinearity	NN	17030	17042	O	None	None	None
3806	PMC5539754.nxml.gz	PMC5539754.nxml.gz_88	17011	17233	between	IN	17043	17050	O	None	None	None
3807	PMC5539754.nxml.gz	PMC5539754.nxml.gz_88	17011	17233	the	DT	17051	17054	O	None	None	None
3808	PMC5539754.nxml.gz	PMC5539754.nxml.gz_88	17011	17233	two	CD	17055	17058	O	None	None	None
3809	PMC5539754.nxml.gz	PMC5539754.nxml.gz_88	17011	17233	predictor	NN	17059	17068	O	None	None	None
3810	PMC5539754.nxml.gz	PMC5539754.nxml.gz_88	17011	17233	variables	NNS	17069	17078	O	None	None	None
3811	PMC5539754.nxml.gz	PMC5539754.nxml.gz_88	17011	17233	was	VBD	17079	17082	O	None	None	None
3812	PMC5539754.nxml.gz	PMC5539754.nxml.gz_88	17011	17233	measured	VBN	17083	17091	O	None	None	None
3813	PMC5539754.nxml.gz	PMC5539754.nxml.gz_88	17011	17233	using	VBG	17092	17097	O	None	None	None
3814	PMC5539754.nxml.gz	PMC5539754.nxml.gz_88	17011	17233	Spearman	NNP	17098	17106	O	None	None	None
3815	PMC5539754.nxml.gz	PMC5539754.nxml.gz_88	17011	17233	’	NNP	17106	17107	O	None	None	None
3816	PMC5539754.nxml.gz	PMC5539754.nxml.gz_88	17011	17233	s	VBD	17107	17108	O	None	None	None
3817	PMC5539754.nxml.gz	PMC5539754.nxml.gz_88	17011	17233	rho	NN	17109	17112	O	None	None	None
3818	PMC5539754.nxml.gz	PMC5539754.nxml.gz_88	17011	17233	to	TO	17113	17115	O	None	None	None
3819	PMC5539754.nxml.gz	PMC5539754.nxml.gz_88	17011	17233	ensure	VB	17116	17122	O	None	None	None
3820	PMC5539754.nxml.gz	PMC5539754.nxml.gz_88	17011	17233	they	PRP	17123	17127	O	None	None	None
3821	PMC5539754.nxml.gz	PMC5539754.nxml.gz_88	17011	17233	were	VBD	17128	17132	O	None	None	None
3822	PMC5539754.nxml.gz	PMC5539754.nxml.gz_88	17011	17233	independent	JJ	17133	17144	O	None	None	None
3823	PMC5539754.nxml.gz	PMC5539754.nxml.gz_88	17011	17233	;	:	17144	17145	O	None	None	None
3824	PMC5539754.nxml.gz	PMC5539754.nxml.gz_88	17011	17233	relatively	RB	17146	17156	O	None	None	None
3825	PMC5539754.nxml.gz	PMC5539754.nxml.gz_88	17011	17233	low	JJ	17157	17160	O	None	None	None
3826	PMC5539754.nxml.gz	PMC5539754.nxml.gz_88	17011	17233	correlation	NN	17161	17172	O	None	None	None
3827	PMC5539754.nxml.gz	PMC5539754.nxml.gz_88	17011	17233	was	VBD	17173	17176	O	None	None	None
3828	PMC5539754.nxml.gz	PMC5539754.nxml.gz_88	17011	17233	observed	VBN	17177	17185	O	None	None	None
3829	PMC5539754.nxml.gz	PMC5539754.nxml.gz_88	17011	17233	between	IN	17186	17193	O	None	None	None
3830	PMC5539754.nxml.gz	PMC5539754.nxml.gz_88	17011	17233	the	DT	17194	17197	O	None	None	None
3831	PMC5539754.nxml.gz	PMC5539754.nxml.gz_88	17011	17233	variables	NNS	17198	17207	O	None	None	None
3832	PMC5539754.nxml.gz	PMC5539754.nxml.gz_88	17011	17233	(	(	17208	17209	O	None	None	None
3833	PMC5539754.nxml.gz	PMC5539754.nxml.gz_88	17011	17233	r	VB	17210	17211	O	None	None	None
3834	PMC5539754.nxml.gz	PMC5539754.nxml.gz_88	17011	17233	=	RB	17213	17214	O	None	None	None
3835	PMC5539754.nxml.gz	PMC5539754.nxml.gz_88	17011	17233	0	CD	17215	17216	O	None	None	None
3836	PMC5539754.nxml.gz	PMC5539754.nxml.gz_88	17011	17233	.	.	17216	17217	O	None	None	None
3837	PMC5539754.nxml.gz	PMC5539754.nxml.gz_88	17011	17233	24	CD	17217	17219	O	None	None	None
3838	PMC5539754.nxml.gz	PMC5539754.nxml.gz_88	17011	17233	,	,	17219	17220	O	None	None	None
3839	PMC5539754.nxml.gz	PMC5539754.nxml.gz_88	17011	17233	P	NNP	17221	17222	O	None	None	None
3840	PMC5539754.nxml.gz	PMC5539754.nxml.gz_88	17011	17233	<	VBZ	17224	17225	O	None	None	None
3841	PMC5539754.nxml.gz	PMC5539754.nxml.gz_88	17011	17233	0	CD	17226	17227	O	None	None	None
3842	PMC5539754.nxml.gz	PMC5539754.nxml.gz_88	17011	17233	.	.	17227	17228	O	None	None	None
3843	PMC5539754.nxml.gz	PMC5539754.nxml.gz_88	17011	17233	001	CD	17228	17231	O	None	None	None
3844	PMC5539754.nxml.gz	PMC5539754.nxml.gz_88	17011	17233	).	NN	17231	17233	O	None	None	None
3845	PMC5539754.nxml.gz	PMC5539754.nxml.gz_89	17234	17443	Attendance	NN	17234	17244	O	None	None	None
3846	PMC5539754.nxml.gz	PMC5539754.nxml.gz_89	17234	17443	at	IN	17245	17247	O	None	None	None
3847	PMC5539754.nxml.gz	PMC5539754.nxml.gz_89	17234	17443	the	DT	17248	17251	O	None	None	None
3848	PMC5539754.nxml.gz	PMC5539754.nxml.gz_89	17234	17443	first	JJ	17252	17257	O	None	None	None
3849	PMC5539754.nxml.gz	PMC5539754.nxml.gz_89	17234	17443	antenatal	JJ	17258	17267	O	None	None	None
3850	PMC5539754.nxml.gz	PMC5539754.nxml.gz_89	17234	17443	visit	NN	17268	17273	O	None	None	None
3851	PMC5539754.nxml.gz	PMC5539754.nxml.gz_89	17234	17443	in	IN	17274	17276	O	None	None	None
3852	PMC5539754.nxml.gz	PMC5539754.nxml.gz_89	17234	17443	extended	JJ	17277	17285	O	None	None	None
3853	PMC5539754.nxml.gz	PMC5539754.nxml.gz_89	17234	17443	winter	NN	17286	17292	O	None	None	None
3854	PMC5539754.nxml.gz	PMC5539754.nxml.gz_89	17234	17443	,	,	17292	17293	O	None	None	None
3855	PMC5539754.nxml.gz	PMC5539754.nxml.gz_89	17234	17443	compared	VBN	17294	17302	O	None	None	None
3856	PMC5539754.nxml.gz	PMC5539754.nxml.gz_89	17234	17443	to	TO	17303	17305	O	None	None	None
3857	PMC5539754.nxml.gz	PMC5539754.nxml.gz_89	17234	17443	summer	NN	17306	17312	O	None	None	None
3858	PMC5539754.nxml.gz	PMC5539754.nxml.gz_89	17234	17443	,	,	17312	17313	O	None	None	None
3859	PMC5539754.nxml.gz	PMC5539754.nxml.gz_89	17234	17443	was	VBD	17314	17317	O	None	None	None
3860	PMC5539754.nxml.gz	PMC5539754.nxml.gz_89	17234	17443	associated	VBN	17318	17328	O	None	None	None
3861	PMC5539754.nxml.gz	PMC5539754.nxml.gz_89	17234	17443	with	IN	17329	17333	O	None	None	None
3862	PMC5539754.nxml.gz	PMC5539754.nxml.gz_89	17234	17443	significantly	RB	17334	17347	O	None	None	None
3863	PMC5539754.nxml.gz	PMC5539754.nxml.gz_89	17234	17443	higher	JJR	17348	17354	O	None	None	None
3864	PMC5539754.nxml.gz	PMC5539754.nxml.gz_89	17234	17443	HOMA	NNP	17355	17359	O	None	None	None
3865	PMC5539754.nxml.gz	PMC5539754.nxml.gz_89	17234	17443	-	:	17359	17360	O	None	None	None
3866	PMC5539754.nxml.gz	PMC5539754.nxml.gz_89	17234	17443	IR	NNP	17360	17362	O	None	None	None
3867	PMC5539754.nxml.gz	PMC5539754.nxml.gz_89	17234	17443	(	(	17363	17364	O	None	None	None
3868	PMC5539754.nxml.gz	PMC5539754.nxml.gz_89	17234	17443	32	CD	17364	17366	O	None	None	None
3869	PMC5539754.nxml.gz	PMC5539754.nxml.gz_89	17234	17443	.	.	17366	17367	O	None	None	None
3870	PMC5539754.nxml.gz	PMC5539754.nxml.gz_89	17234	17443	8	CD	17367	17368	O	None	None	None
3871	PMC5539754.nxml.gz	PMC5539754.nxml.gz_89	17234	17443	%)	NN	17368	17370	O	None	None	None
3872	PMC5539754.nxml.gz	PMC5539754.nxml.gz_89	17234	17443	and	CC	17371	17374	O	None	None	None
3873	PMC5539754.nxml.gz	PMC5539754.nxml.gz_89	17234	17443	insulin	NN	17375	17382	O	None	None	None
3874	PMC5539754.nxml.gz	PMC5539754.nxml.gz_89	17234	17443	(	(	17383	17384	O	None	None	None
3875	PMC5539754.nxml.gz	PMC5539754.nxml.gz_89	17234	17443	32	CD	17384	17386	O	None	None	None
3876	PMC5539754.nxml.gz	PMC5539754.nxml.gz_89	17234	17443	.	.	17386	17387	O	None	None	None
3877	PMC5539754.nxml.gz	PMC5539754.nxml.gz_89	17234	17443	4	CD	17387	17388	O	None	None	None
3878	PMC5539754.nxml.gz	PMC5539754.nxml.gz_89	17234	17443	%)	NN	17388	17390	O	None	None	None
3879	PMC5539754.nxml.gz	PMC5539754.nxml.gz_89	17234	17443	in	IN	17391	17393	O	None	None	None
3880	PMC5539754.nxml.gz	PMC5539754.nxml.gz_89	17234	17443	early	JJ	17394	17399	O	None	None	None
3881	PMC5539754.nxml.gz	PMC5539754.nxml.gz_89	17234	17443	pregnancy	NN	17400	17409	O	None	None	None
3882	PMC5539754.nxml.gz	PMC5539754.nxml.gz_89	17234	17443	,	,	17409	17410	O	None	None	None
3883	PMC5539754.nxml.gz	PMC5539754.nxml.gz_89	17234	17443	independent	JJ	17411	17422	O	None	None	None
3884	PMC5539754.nxml.gz	PMC5539754.nxml.gz_89	17234	17443	of	IN	17423	17425	O	None	None	None
3885	PMC5539754.nxml.gz	PMC5539754.nxml.gz_89	17234	17443	25OHD	CD	17426	17431	O	None	None	None
3886	PMC5539754.nxml.gz	PMC5539754.nxml.gz_89	17234	17443	<	JJ	17432	17433	O	None	None	None
3887	PMC5539754.nxml.gz	PMC5539754.nxml.gz_89	17234	17443	30	CD	17433	17435	O	None	None	None
3888	PMC5539754.nxml.gz	PMC5539754.nxml.gz_89	17234	17443	nmol	JJ	17436	17440	O	None	None	None
3889	PMC5539754.nxml.gz	PMC5539754.nxml.gz_89	17234	17443	/	NNP	17440	17441	O	None	None	None
3890	PMC5539754.nxml.gz	PMC5539754.nxml.gz_89	17234	17443	L	NNP	17441	17442	O	None	None	None
3891	PMC5539754.nxml.gz	PMC5539754.nxml.gz_89	17234	17443	.	.	17442	17443	O	None	None	None
3892	PMC5539754.nxml.gz	PMC5539754.nxml.gz_90	17444	17593	Neither	DT	17444	17451	O	None	None	None
3893	PMC5539754.nxml.gz	PMC5539754.nxml.gz_90	17444	17593	extended	JJ	17452	17460	O	None	None	None
3894	PMC5539754.nxml.gz	PMC5539754.nxml.gz_90	17444	17593	winter	NN	17461	17467	O	None	None	None
3895	PMC5539754.nxml.gz	PMC5539754.nxml.gz_90	17444	17593	nor	CC	17468	17471	O	None	None	None
3896	PMC5539754.nxml.gz	PMC5539754.nxml.gz_90	17444	17593	25OHD	CD	17472	17477	O	None	None	None
3897	PMC5539754.nxml.gz	PMC5539754.nxml.gz_90	17444	17593	<	$	17478	17479	O	None	None	None
3898	PMC5539754.nxml.gz	PMC5539754.nxml.gz_90	17444	17593	30	CD	17479	17481	O	None	None	None
3899	PMC5539754.nxml.gz	PMC5539754.nxml.gz_90	17444	17593	nmol	JJ	17482	17486	O	None	None	None
3900	PMC5539754.nxml.gz	PMC5539754.nxml.gz_90	17444	17593	/	NNS	17486	17487	O	None	None	None
3901	PMC5539754.nxml.gz	PMC5539754.nxml.gz_90	17444	17593	L	NNP	17487	17488	O	None	None	None
3902	PMC5539754.nxml.gz	PMC5539754.nxml.gz_90	17444	17593	were	VBD	17489	17493	O	None	None	None
3903	PMC5539754.nxml.gz	PMC5539754.nxml.gz_90	17444	17593	associated	VBN	17494	17504	O	None	None	None
3904	PMC5539754.nxml.gz	PMC5539754.nxml.gz_90	17444	17593	with	IN	17505	17509	O	None	None	None
3905	PMC5539754.nxml.gz	PMC5539754.nxml.gz_90	17444	17593	glucose	NN	17510	17517	O	None	None	None
3906	PMC5539754.nxml.gz	PMC5539754.nxml.gz_90	17444	17593	in	IN	17518	17520	O	None	None	None
3907	PMC5539754.nxml.gz	PMC5539754.nxml.gz_90	17444	17593	early	JJ	17521	17526	O	None	None	None
3908	PMC5539754.nxml.gz	PMC5539754.nxml.gz_90	17444	17593	or	CC	17527	17529	O	None	None	None
3909	PMC5539754.nxml.gz	PMC5539754.nxml.gz_90	17444	17593	late	JJ	17530	17534	O	None	None	None
3910	PMC5539754.nxml.gz	PMC5539754.nxml.gz_90	17444	17593	pregnancy	NN	17535	17544	O	None	None	None
3911	PMC5539754.nxml.gz	PMC5539754.nxml.gz_90	17444	17593	,	,	17544	17545	O	None	None	None
3912	PMC5539754.nxml.gz	PMC5539754.nxml.gz_90	17444	17593	or	CC	17546	17548	O	None	None	None
3913	PMC5539754.nxml.gz	PMC5539754.nxml.gz_90	17444	17593	the	DT	17549	17552	O	None	None	None
3914	PMC5539754.nxml.gz	PMC5539754.nxml.gz_90	17444	17593	GCT	NNP	17553	17556	O	None	None	None
3915	PMC5539754.nxml.gz	PMC5539754.nxml.gz_90	17444	17593	in	IN	17557	17559	O	None	None	None
3916	PMC5539754.nxml.gz	PMC5539754.nxml.gz_90	17444	17593	late	JJ	17560	17564	O	None	None	None
3917	PMC5539754.nxml.gz	PMC5539754.nxml.gz_90	17444	17593	pregnancy	NN	17565	17574	O	None	None	None
3918	PMC5539754.nxml.gz	PMC5539754.nxml.gz_90	17444	17593	(	(	17575	17576	O	None	None	None
3919	PMC5539754.nxml.gz	PMC5539754.nxml.gz_90	17444	17593	Model	NNP	17576	17581	O	None	None	None
3920	PMC5539754.nxml.gz	PMC5539754.nxml.gz_90	17444	17593	1	CD	17582	17583	O	None	None	None
3921	PMC5539754.nxml.gz	PMC5539754.nxml.gz_90	17444	17593	,	,	17583	17584	O	None	None	None
3922	PMC5539754.nxml.gz	PMC5539754.nxml.gz_90	17444	17593	Table4	NNP	17585	17591	O	None	None	None
3923	PMC5539754.nxml.gz	PMC5539754.nxml.gz_90	17444	17593	).	NNP	17591	17593	O	None	None	None
3924	PMC5539754.nxml.gz	PMC5539754.nxml.gz_91	17594	17749	An	DT	17594	17596	O	None	None	None
3925	PMC5539754.nxml.gz	PMC5539754.nxml.gz_91	17594	17749	interaction	NN	17597	17608	O	None	None	None
3926	PMC5539754.nxml.gz	PMC5539754.nxml.gz_91	17594	17749	term	NN	17609	17613	O	None	None	None
3927	PMC5539754.nxml.gz	PMC5539754.nxml.gz_91	17594	17749	(	(	17614	17615	O	None	None	None
3928	PMC5539754.nxml.gz	PMC5539754.nxml.gz_91	17594	17749	early	JJ	17615	17620	O	None	None	None
3929	PMC5539754.nxml.gz	PMC5539754.nxml.gz_91	17594	17749	-	:	17620	17621	O	None	None	None
3930	PMC5539754.nxml.gz	PMC5539754.nxml.gz_91	17594	17749	pregnancy	NN	17621	17630	O	None	None	None
3931	PMC5539754.nxml.gz	PMC5539754.nxml.gz_91	17594	17749	25OHD	CD	17631	17636	O	None	None	None
3932	PMC5539754.nxml.gz	PMC5539754.nxml.gz_91	17594	17749	<	NN	17637	17638	O	None	None	None
3933	PMC5539754.nxml.gz	PMC5539754.nxml.gz_91	17594	17749	30	CD	17638	17640	O	None	None	None
3934	PMC5539754.nxml.gz	PMC5539754.nxml.gz_91	17594	17749	nmol	JJ	17641	17645	O	None	None	None
3935	PMC5539754.nxml.gz	PMC5539754.nxml.gz_91	17594	17749	/	NNP	17645	17646	O	None	None	None
3936	PMC5539754.nxml.gz	PMC5539754.nxml.gz_91	17594	17749	L	NNP	17646	17647	O	None	None	None
3937	PMC5539754.nxml.gz	PMC5539754.nxml.gz_91	17594	17749	*	NNP	17648	17649	O	None	None	None
3938	PMC5539754.nxml.gz	PMC5539754.nxml.gz_91	17594	17749	winter	NN	17650	17656	O	None	None	None
3939	PMC5539754.nxml.gz	PMC5539754.nxml.gz_91	17594	17749	)	)	17656	17657	O	None	None	None
3940	PMC5539754.nxml.gz	PMC5539754.nxml.gz_91	17594	17749	was	VBD	17658	17661	O	None	None	None
3941	PMC5539754.nxml.gz	PMC5539754.nxml.gz_91	17594	17749	subsequently	RB	17662	17674	O	None	None	None
3942	PMC5539754.nxml.gz	PMC5539754.nxml.gz_91	17594	17749	added	VBN	17675	17680	O	None	None	None
3943	PMC5539754.nxml.gz	PMC5539754.nxml.gz_91	17594	17749	to	TO	17681	17683	O	None	None	None
3944	PMC5539754.nxml.gz	PMC5539754.nxml.gz_91	17594	17749	the	DT	17684	17687	O	None	None	None
3945	PMC5539754.nxml.gz	PMC5539754.nxml.gz_91	17594	17749	model	NN	17688	17693	O	None	None	None
3946	PMC5539754.nxml.gz	PMC5539754.nxml.gz_91	17594	17749	,	,	17693	17694	O	None	None	None
3947	PMC5539754.nxml.gz	PMC5539754.nxml.gz_91	17594	17749	but	CC	17695	17698	O	None	None	None
3948	PMC5539754.nxml.gz	PMC5539754.nxml.gz_91	17594	17749	was	VBD	17699	17702	O	None	None	None
3949	PMC5539754.nxml.gz	PMC5539754.nxml.gz_91	17594	17749	not	RB	17703	17706	O	None	None	None
3950	PMC5539754.nxml.gz	PMC5539754.nxml.gz_91	17594	17749	significant	JJ	17707	17718	O	None	None	None
3951	PMC5539754.nxml.gz	PMC5539754.nxml.gz_91	17594	17749	in	IN	17719	17721	O	None	None	None
3952	PMC5539754.nxml.gz	PMC5539754.nxml.gz_91	17594	17749	any	DT	17722	17725	O	None	None	None
3953	PMC5539754.nxml.gz	PMC5539754.nxml.gz_91	17594	17749	model	NN	17726	17731	O	None	None	None
3954	PMC5539754.nxml.gz	PMC5539754.nxml.gz_91	17594	17749	(	(	17732	17733	O	None	None	None
3955	PMC5539754.nxml.gz	PMC5539754.nxml.gz_91	17594	17749	data	NNS	17733	17737	O	None	None	None
3956	PMC5539754.nxml.gz	PMC5539754.nxml.gz_91	17594	17749	not	RB	17738	17741	O	None	None	None
3957	PMC5539754.nxml.gz	PMC5539754.nxml.gz_91	17594	17749	shown	VBN	17742	17747	O	None	None	None
3958	PMC5539754.nxml.gz	PMC5539754.nxml.gz_91	17594	17749	).	NN	17747	17749	O	None	None	None
3959	PMC5539754.nxml.gz	PMC5539754.nxml.gz_92	17751	19247	Caption	NNP	17751	17758	O	None	None	None
3960	PMC5539754.nxml.gz	PMC5539754.nxml.gz_92	17751	19247	(	(	17759	17760	O	None	None	None
3961	PMC5539754.nxml.gz	PMC5539754.nxml.gz_92	17751	19247	TABLE	NNP	17760	17765	O	None	None	None
3962	PMC5539754.nxml.gz	PMC5539754.nxml.gz_92	17751	19247	-	:	17765	17766	O	None	None	None
3963	PMC5539754.nxml.gz	PMC5539754.nxml.gz_92	17751	19247	WRAP	NNP	17766	17770	O	None	None	None
3964	PMC5539754.nxml.gz	PMC5539754.nxml.gz_92	17751	19247	):	NNP	17770	17772	O	None	None	None
3965	PMC5539754.nxml.gz	PMC5539754.nxml.gz_92	17751	19247	TABLE	NNP	17773	17778	O	None	None	None
3966	PMC5539754.nxml.gz	PMC5539754.nxml.gz_92	17751	19247	4	CD	17779	17780	O	None	None	None
3967	PMC5539754.nxml.gz	PMC5539754.nxml.gz_92	17751	19247	Multiple	NNP	17782	17790	O	None	None	None
3968	PMC5539754.nxml.gz	PMC5539754.nxml.gz_92	17751	19247	Linear	NNP	17791	17797	O	None	None	None
3969	PMC5539754.nxml.gz	PMC5539754.nxml.gz_92	17751	19247	Regression	NNP	17798	17808	O	None	None	None
3970	PMC5539754.nxml.gz	PMC5539754.nxml.gz_92	17751	19247	analysis	NN	17809	17817	O	None	None	None
3971	PMC5539754.nxml.gz	PMC5539754.nxml.gz_92	17751	19247	and	CC	17818	17821	O	None	None	None
3972	PMC5539754.nxml.gz	PMC5539754.nxml.gz_92	17751	19247	associated	VBN	17822	17832	O	None	None	None
3973	PMC5539754.nxml.gz	PMC5539754.nxml.gz_92	17751	19247	percentage	NN	17833	17843	O	None	None	None
3974	PMC5539754.nxml.gz	PMC5539754.nxml.gz_92	17751	19247	difference	NN	17844	17854	O	None	None	None
3975	PMC5539754.nxml.gz	PMC5539754.nxml.gz_92	17751	19247	in	IN	17855	17857	O	None	None	None
3976	PMC5539754.nxml.gz	PMC5539754.nxml.gz_92	17751	19247	markers	NNS	17858	17865	O	None	None	None
3977	PMC5539754.nxml.gz	PMC5539754.nxml.gz_92	17751	19247	of	IN	17866	17868	O	None	None	None
3978	PMC5539754.nxml.gz	PMC5539754.nxml.gz_92	17751	19247	glucose	JJ	17869	17876	O	None	None	None
3979	PMC5539754.nxml.gz	PMC5539754.nxml.gz_92	17751	19247	metabolism	NN	17877	17887	O	None	None	None
3980	PMC5539754.nxml.gz	PMC5539754.nxml.gz_92	17751	19247	(	(	17888	17889	O	None	None	None
3981	PMC5539754.nxml.gz	PMC5539754.nxml.gz_92	17751	19247	Model	NNP	17889	17894	O	None	None	None
3982	PMC5539754.nxml.gz	PMC5539754.nxml.gz_92	17751	19247	1	CD	17895	17896	O	None	None	None
3983	PMC5539754.nxml.gz	PMC5539754.nxml.gz_92	17751	19247	unadjusted	JJ	17897	17907	O	None	None	None
3984	PMC5539754.nxml.gz	PMC5539754.nxml.gz_92	17751	19247	,	,	17907	17908	O	None	None	None
3985	PMC5539754.nxml.gz	PMC5539754.nxml.gz_92	17751	19247	and	CC	17909	17912	O	None	None	None
3986	PMC5539754.nxml.gz	PMC5539754.nxml.gz_92	17751	19247	Model	NNP	17913	17918	O	None	None	None
3987	PMC5539754.nxml.gz	PMC5539754.nxml.gz_92	17751	19247	2	CD	17919	17920	O	None	None	None
3988	PMC5539754.nxml.gz	PMC5539754.nxml.gz_92	17751	19247	adjusted	VBN	17921	17929	O	None	None	None
3989	PMC5539754.nxml.gz	PMC5539754.nxml.gz_92	17751	19247	)	)	17929	17930	O	None	None	None
3990	PMC5539754.nxml.gz	PMC5539754.nxml.gz_92	17751	19247	Model	NNP	17930	17935	O	None	None	None
3991	PMC5539754.nxml.gz	PMC5539754.nxml.gz_92	17751	19247	1	CD	17936	17937	O	None	None	None
3992	PMC5539754.nxml.gz	PMC5539754.nxml.gz_92	17751	19247	–	NNP	17938	17939	O	None	None	None
3993	PMC5539754.nxml.gz	PMC5539754.nxml.gz_92	17751	19247	Unadjusted	NNP	17940	17950	O	None	None	None
3994	PMC5539754.nxml.gz	PMC5539754.nxml.gz_92	17751	19247	modelModel	VBD	17951	17961	O	None	None	None
3995	PMC5539754.nxml.gz	PMC5539754.nxml.gz_92	17751	19247	2	CD	17962	17963	O	None	None	None
3996	PMC5539754.nxml.gz	PMC5539754.nxml.gz_92	17751	19247	–	NNP	17964	17965	O	None	None	None
3997	PMC5539754.nxml.gz	PMC5539754.nxml.gz_92	17751	19247	Final	NNP	17966	17971	O	None	None	None
3998	PMC5539754.nxml.gz	PMC5539754.nxml.gz_92	17751	19247	Adjusted	NNP	17972	17980	O	None	None	None
3999	PMC5539754.nxml.gz	PMC5539754.nxml.gz_92	17751	19247	modelDependent	NN	17981	17995	O	None	None	None
4000	PMC5539754.nxml.gz	PMC5539754.nxml.gz_92	17751	19247	VariableIndependent	NNP	17996	18015	O	None	None	None
4001	PMC5539754.nxml.gz	PMC5539754.nxml.gz_92	17751	19247	variable	NN	18016	18024	O	None	None	None
4002	PMC5539754.nxml.gz	PMC5539754.nxml.gz_92	17751	19247	(	(	18025	18026	O	None	None	None
4003	PMC5539754.nxml.gz	PMC5539754.nxml.gz_92	17751	19247	early	JJ	18026	18031	O	None	None	None
4004	PMC5539754.nxml.gz	PMC5539754.nxml.gz_92	17751	19247	pregnancy	NN	18032	18041	O	None	None	None
4005	PMC5539754.nxml.gz	PMC5539754.nxml.gz_92	17751	19247	)%	NNP	18041	18043	O	None	None	None
4006	PMC5539754.nxml.gz	PMC5539754.nxml.gz_92	17751	19247	∆	NNP	18044	18045	O	None	None	None
4007	PMC5539754.nxml.gz	PMC5539754.nxml.gz_92	17751	19247	aB95	VBZ	18045	18049	O	None	None	None
4008	PMC5539754.nxml.gz	PMC5539754.nxml.gz_92	17751	19247	%	NN	18049	18050	O	None	None	None
4009	PMC5539754.nxml.gz	PMC5539754.nxml.gz_92	17751	19247	CI	NNP	18051	18053	O	None	None	None
4010	PMC5539754.nxml.gz	PMC5539754.nxml.gz_92	17751	19247	P	NNP	18054	18055	O	None	None	None
4011	PMC5539754.nxml.gz	PMC5539754.nxml.gz_92	17751	19247	Model	NNP	18056	18061	O	None	None	None
4012	PMC5539754.nxml.gz	PMC5539754.nxml.gz_92	17751	19247	P	NNP	18062	18063	O	None	None	None
4013	PMC5539754.nxml.gz	PMC5539754.nxml.gz_92	17751	19247	%	NN	18064	18065	O	None	None	None
4014	PMC5539754.nxml.gz	PMC5539754.nxml.gz_92	17751	19247	∆	NNP	18066	18067	O	None	None	None
4015	PMC5539754.nxml.gz	PMC5539754.nxml.gz_92	17751	19247	aB95	CD	18067	18071	O	None	None	None
4016	PMC5539754.nxml.gz	PMC5539754.nxml.gz_92	17751	19247	%	NN	18071	18072	O	None	None	None
4017	PMC5539754.nxml.gz	PMC5539754.nxml.gz_92	17751	19247	CI	NNP	18073	18075	O	None	None	None
4018	PMC5539754.nxml.gz	PMC5539754.nxml.gz_92	17751	19247	P	NNP	18076	18077	O	None	None	None
4019	PMC5539754.nxml.gz	PMC5539754.nxml.gz_92	17751	19247	Model	NNP	18078	18083	O	None	None	None
4020	PMC5539754.nxml.gz	PMC5539754.nxml.gz_92	17751	19247	P	NNP	18084	18085	O	None	None	None
4021	PMC5539754.nxml.gz	PMC5539754.nxml.gz_92	17751	19247	HOMA	NNP	18086	18090	O	None	None	None
4022	PMC5539754.nxml.gz	PMC5539754.nxml.gz_92	17751	19247	-	:	18090	18091	O	None	None	None
4023	PMC5539754.nxml.gz	PMC5539754.nxml.gz_92	17751	19247	IR	NNP	18091	18093	O	None	None	None
4024	PMC5539754.nxml.gz	PMC5539754.nxml.gz_92	17751	19247	earlyWinter32	NN	18094	18107	O	None	None	None
4025	PMC5539754.nxml.gz	PMC5539754.nxml.gz_92	17751	19247	.	.	18107	18108	O	None	None	None
4026	PMC5539754.nxml.gz	PMC5539754.nxml.gz_92	17751	19247	8	CD	18108	18109	O	None	None	None
4027	PMC5539754.nxml.gz	PMC5539754.nxml.gz_92	17751	19247	%	NN	18109	18110	O	None	None	None
4028	PMC5539754.nxml.gz	PMC5539754.nxml.gz_92	17751	19247	0	CD	18110	18111	O	None	None	None
4029	PMC5539754.nxml.gz	PMC5539754.nxml.gz_92	17751	19247	.	.	18111	18112	O	None	None	None
4030	PMC5539754.nxml.gz	PMC5539754.nxml.gz_92	17751	19247	28	CD	18112	18114	O	None	None	None
4031	PMC5539754.nxml.gz	PMC5539754.nxml.gz_92	17751	19247	(	(	18114	18115	O	None	None	None
4032	PMC5539754.nxml.gz	PMC5539754.nxml.gz_92	17751	19247	0	CD	18115	18116	O	None	None	None
4033	PMC5539754.nxml.gz	PMC5539754.nxml.gz_92	17751	19247	.	.	18116	18117	O	None	None	None
4034	PMC5539754.nxml.gz	PMC5539754.nxml.gz_92	17751	19247	08	CD	18117	18119	O	None	None	None
4035	PMC5539754.nxml.gz	PMC5539754.nxml.gz_92	17751	19247	,	,	18119	18120	O	None	None	None
4036	PMC5539754.nxml.gz	PMC5539754.nxml.gz_92	17751	19247	0	CD	18121	18122	O	None	None	None
4037	PMC5539754.nxml.gz	PMC5539754.nxml.gz_92	17751	19247	.	.	18122	18123	O	None	None	None
4038	PMC5539754.nxml.gz	PMC5539754.nxml.gz_92	17751	19247	49	CD	18123	18125	O	None	None	None
4039	PMC5539754.nxml.gz	PMC5539754.nxml.gz_92	17751	19247	)	)	18125	18126	O	None	None	None
4040	PMC5539754.nxml.gz	PMC5539754.nxml.gz_92	17751	19247	0	CD	18126	18127	O	None	None	None
4041	PMC5539754.nxml.gz	PMC5539754.nxml.gz_92	17751	19247	.	.	18127	18128	O	None	None	None
4042	PMC5539754.nxml.gz	PMC5539754.nxml.gz_92	17751	19247	0080	CD	18128	18132	O	None	None	None
4043	PMC5539754.nxml.gz	PMC5539754.nxml.gz_92	17751	19247	.	.	18132	18133	O	None	None	None
4044	PMC5539754.nxml.gz	PMC5539754.nxml.gz_92	17751	19247	00846	CD	18133	18138	O	None	None	None
4045	PMC5539754.nxml.gz	PMC5539754.nxml.gz_92	17751	19247	.	.	18138	18139	O	None	None	None
4046	PMC5539754.nxml.gz	PMC5539754.nxml.gz_92	17751	19247	72	CD	18139	18141	O	None	None	None
4047	PMC5539754.nxml.gz	PMC5539754.nxml.gz_92	17751	19247	%	NN	18141	18142	O	None	None	None
4048	PMC5539754.nxml.gz	PMC5539754.nxml.gz_92	17751	19247	0	CD	18142	18143	O	None	None	None
4049	PMC5539754.nxml.gz	PMC5539754.nxml.gz_92	17751	19247	.	.	18143	18144	O	None	None	None
4050	PMC5539754.nxml.gz	PMC5539754.nxml.gz_92	17751	19247	38	CD	18144	18146	O	None	None	None
4051	PMC5539754.nxml.gz	PMC5539754.nxml.gz_92	17751	19247	(	(	18146	18147	O	None	None	None
4052	PMC5539754.nxml.gz	PMC5539754.nxml.gz_92	17751	19247	0	CD	18147	18148	O	None	None	None
4053	PMC5539754.nxml.gz	PMC5539754.nxml.gz_92	17751	19247	.	.	18148	18149	O	None	None	None
4054	PMC5539754.nxml.gz	PMC5539754.nxml.gz_92	17751	19247	15	CD	18149	18151	O	None	None	None
4055	PMC5539754.nxml.gz	PMC5539754.nxml.gz_92	17751	19247	,	,	18151	18152	O	None	None	None
4056	PMC5539754.nxml.gz	PMC5539754.nxml.gz_92	17751	19247	0	CD	18153	18154	O	None	None	None
4057	PMC5539754.nxml.gz	PMC5539754.nxml.gz_92	17751	19247	.	.	18154	18155	O	None	None	None
4058	PMC5539754.nxml.gz	PMC5539754.nxml.gz_92	17751	19247	62	CD	18155	18157	O	None	None	None
4059	PMC5539754.nxml.gz	PMC5539754.nxml.gz_92	17751	19247	)	)	18157	18158	O	None	None	None
4060	PMC5539754.nxml.gz	PMC5539754.nxml.gz_92	17751	19247	0	CD	18158	18159	O	None	None	None
4061	PMC5539754.nxml.gz	PMC5539754.nxml.gz_92	17751	19247	.	.	18159	18160	O	None	None	None
4062	PMC5539754.nxml.gz	PMC5539754.nxml.gz_92	17751	19247	001	CD	18160	18163	O	None	None	None
4063	PMC5539754.nxml.gz	PMC5539754.nxml.gz_92	17751	19247	<	JJ	18163	18164	O	None	None	None
4064	PMC5539754.nxml.gz	PMC5539754.nxml.gz_92	17751	19247	0	CD	18164	18165	O	None	None	None
4065	PMC5539754.nxml.gz	PMC5539754.nxml.gz_92	17751	19247	.	.	18165	18166	O	None	None	None
4066	PMC5539754.nxml.gz	PMC5539754.nxml.gz_92	17751	19247	00125OHD	CD	18166	18174	O	None	None	None
4067	PMC5539754.nxml.gz	PMC5539754.nxml.gz_92	17751	19247	<	JJ	18175	18176	O	None	None	None
4068	PMC5539754.nxml.gz	PMC5539754.nxml.gz_92	17751	19247	30	CD	18176	18178	O	None	None	None
4069	PMC5539754.nxml.gz	PMC5539754.nxml.gz_92	17751	19247	nmol	JJ	18179	18183	O	None	None	None
4070	PMC5539754.nxml.gz	PMC5539754.nxml.gz_92	17751	19247	/	NNP	18183	18184	O	None	None	None
4071	PMC5539754.nxml.gz	PMC5539754.nxml.gz_92	17751	19247	L11	NNP	18184	18187	O	None	None	None
4072	PMC5539754.nxml.gz	PMC5539754.nxml.gz_92	17751	19247	.	.	18187	18188	O	None	None	None
4073	PMC5539754.nxml.gz	PMC5539754.nxml.gz_92	17751	19247	6	CD	18188	18189	O	None	None	None
4074	PMC5539754.nxml.gz	PMC5539754.nxml.gz_92	17751	19247	%	NN	18189	18190	O	None	None	None
4075	PMC5539754.nxml.gz	PMC5539754.nxml.gz_92	17751	19247	0	CD	18190	18191	O	None	None	None
4076	PMC5539754.nxml.gz	PMC5539754.nxml.gz_92	17751	19247	.	.	18191	18192	O	None	None	None
4077	PMC5539754.nxml.gz	PMC5539754.nxml.gz_92	17751	19247	11	CD	18192	18194	O	None	None	None
4078	PMC5539754.nxml.gz	PMC5539754.nxml.gz_92	17751	19247	(−	JJ	18194	18196	O	None	None	None
4079	PMC5539754.nxml.gz	PMC5539754.nxml.gz_92	17751	19247	0	CD	18196	18197	O	None	None	None
4080	PMC5539754.nxml.gz	PMC5539754.nxml.gz_92	17751	19247	.	.	18197	18198	O	None	None	None
4081	PMC5539754.nxml.gz	PMC5539754.nxml.gz_92	17751	19247	11	CD	18198	18200	O	None	None	None
4082	PMC5539754.nxml.gz	PMC5539754.nxml.gz_92	17751	19247	,	,	18200	18201	O	None	None	None
4083	PMC5539754.nxml.gz	PMC5539754.nxml.gz_92	17751	19247	0	CD	18202	18203	O	None	None	None
4084	PMC5539754.nxml.gz	PMC5539754.nxml.gz_92	17751	19247	.	.	18203	18204	O	None	None	None
4085	PMC5539754.nxml.gz	PMC5539754.nxml.gz_92	17751	19247	32	CD	18204	18206	O	None	None	None
4086	PMC5539754.nxml.gz	PMC5539754.nxml.gz_92	17751	19247	)	)	18206	18207	O	None	None	None
4087	PMC5539754.nxml.gz	PMC5539754.nxml.gz_92	17751	19247	0	CD	18207	18208	O	None	None	None
4088	PMC5539754.nxml.gz	PMC5539754.nxml.gz_92	17751	19247	.	.	18208	18209	O	None	None	None
4089	PMC5539754.nxml.gz	PMC5539754.nxml.gz_92	17751	19247	32511	CD	18209	18214	O	None	None	None
4090	PMC5539754.nxml.gz	PMC5539754.nxml.gz_92	17751	19247	.	.	18214	18215	O	None	None	None
4091	PMC5539754.nxml.gz	PMC5539754.nxml.gz_92	17751	19247	64	CD	18215	18217	O	None	None	None
4092	PMC5539754.nxml.gz	PMC5539754.nxml.gz_92	17751	19247	%	NN	18217	18218	O	None	None	None
4093	PMC5539754.nxml.gz	PMC5539754.nxml.gz_92	17751	19247	0	CD	18218	18219	O	None	None	None
4094	PMC5539754.nxml.gz	PMC5539754.nxml.gz_92	17751	19247	.	.	18219	18220	O	None	None	None
4095	PMC5539754.nxml.gz	PMC5539754.nxml.gz_92	17751	19247	11	CD	18220	18222	O	None	None	None
4096	PMC5539754.nxml.gz	PMC5539754.nxml.gz_92	17751	19247	(−	JJ	18222	18224	O	None	None	None
4097	PMC5539754.nxml.gz	PMC5539754.nxml.gz_92	17751	19247	0	CD	18224	18225	O	None	None	None
4098	PMC5539754.nxml.gz	PMC5539754.nxml.gz_92	17751	19247	.	.	18225	18226	O	None	None	None
4099	PMC5539754.nxml.gz	PMC5539754.nxml.gz_92	17751	19247	14	CD	18226	18228	O	None	None	None
4100	PMC5539754.nxml.gz	PMC5539754.nxml.gz_92	17751	19247	,	,	18228	18229	O	None	None	None
4101	PMC5539754.nxml.gz	PMC5539754.nxml.gz_92	17751	19247	0	CD	18230	18231	O	None	None	None
4102	PMC5539754.nxml.gz	PMC5539754.nxml.gz_92	17751	19247	.	.	18231	18232	O	None	None	None
4103	PMC5539754.nxml.gz	PMC5539754.nxml.gz_92	17751	19247	36	CD	18232	18234	O	None	None	None
4104	PMC5539754.nxml.gz	PMC5539754.nxml.gz_92	17751	19247	)	)	18234	18235	O	None	None	None
4105	PMC5539754.nxml.gz	PMC5539754.nxml.gz_92	17751	19247	0	CD	18235	18236	O	None	None	None
4106	PMC5539754.nxml.gz	PMC5539754.nxml.gz_92	17751	19247	.	.	18236	18237	O	None	None	None
4107	PMC5539754.nxml.gz	PMC5539754.nxml.gz_92	17751	19247	382HOMA	CD	18237	18244	O	None	None	None
4108	PMC5539754.nxml.gz	PMC5539754.nxml.gz_92	17751	19247	-	:	18244	18245	O	None	None	None
4109	PMC5539754.nxml.gz	PMC5539754.nxml.gz_92	17751	19247	IR	$	18245	18247	O	None	None	None
4110	PMC5539754.nxml.gz	PMC5539754.nxml.gz_92	17751	19247	28	CD	18248	18250	O	None	None	None
4111	PMC5539754.nxml.gz	PMC5539754.nxml.gz_92	17751	19247	weeks	NNS	18251	18256	O	None	None	None
4112	PMC5539754.nxml.gz	PMC5539754.nxml.gz_92	17751	19247	’	JJ	18256	18257	O	None	None	None
4113	PMC5539754.nxml.gz	PMC5539754.nxml.gz_92	17751	19247	Winter29	NNP	18257	18265	O	None	None	None
4114	PMC5539754.nxml.gz	PMC5539754.nxml.gz_92	17751	19247	.	.	18265	18266	O	None	None	None
4115	PMC5539754.nxml.gz	PMC5539754.nxml.gz_92	17751	19247	7	CD	18266	18267	O	None	None	None
4116	PMC5539754.nxml.gz	PMC5539754.nxml.gz_92	17751	19247	%	NN	18267	18268	O	None	None	None
4117	PMC5539754.nxml.gz	PMC5539754.nxml.gz_92	17751	19247	0	CD	18268	18269	O	None	None	None
4118	PMC5539754.nxml.gz	PMC5539754.nxml.gz_92	17751	19247	.	.	18269	18270	O	None	None	None
4119	PMC5539754.nxml.gz	PMC5539754.nxml.gz_92	17751	19247	26	CD	18270	18272	O	None	None	None
4120	PMC5539754.nxml.gz	PMC5539754.nxml.gz_92	17751	19247	(	(	18272	18273	O	None	None	None
4121	PMC5539754.nxml.gz	PMC5539754.nxml.gz_92	17751	19247	0	CD	18273	18274	O	None	None	None
4122	PMC5539754.nxml.gz	PMC5539754.nxml.gz_92	17751	19247	.	.	18274	18275	O	None	None	None
4123	PMC5539754.nxml.gz	PMC5539754.nxml.gz_92	17751	19247	04	CD	18275	18277	O	None	None	None
4124	PMC5539754.nxml.gz	PMC5539754.nxml.gz_92	17751	19247	,	,	18277	18278	O	None	None	None
4125	PMC5539754.nxml.gz	PMC5539754.nxml.gz_92	17751	19247	0	CD	18279	18280	O	None	None	None
4126	PMC5539754.nxml.gz	PMC5539754.nxml.gz_92	17751	19247	.	.	18280	18281	O	None	None	None
4127	PMC5539754.nxml.gz	PMC5539754.nxml.gz_92	17751	19247	49	CD	18281	18283	O	None	None	None
4128	PMC5539754.nxml.gz	PMC5539754.nxml.gz_92	17751	19247	)	)	18283	18284	O	None	None	None
4129	PMC5539754.nxml.gz	PMC5539754.nxml.gz_92	17751	19247	0	CD	18284	18285	O	None	None	None
4130	PMC5539754.nxml.gz	PMC5539754.nxml.gz_92	17751	19247	.	.	18285	18286	O	None	None	None
4131	PMC5539754.nxml.gz	PMC5539754.nxml.gz_92	17751	19247	0240	CD	18286	18290	O	None	None	None
4132	PMC5539754.nxml.gz	PMC5539754.nxml.gz_92	17751	19247	.	.	18290	18291	O	None	None	None
4133	PMC5539754.nxml.gz	PMC5539754.nxml.gz_92	17751	19247	05153	CD	18291	18296	O	None	None	None
4134	PMC5539754.nxml.gz	PMC5539754.nxml.gz_92	17751	19247	.	.	18296	18297	O	None	None	None
4135	PMC5539754.nxml.gz	PMC5539754.nxml.gz_92	17751	19247	70	CD	18297	18299	O	None	None	None
4136	PMC5539754.nxml.gz	PMC5539754.nxml.gz_92	17751	19247	%	NN	18299	18300	O	None	None	None
4137	PMC5539754.nxml.gz	PMC5539754.nxml.gz_92	17751	19247	0	CD	18300	18301	O	None	None	None
4138	PMC5539754.nxml.gz	PMC5539754.nxml.gz_92	17751	19247	.	.	18301	18302	O	None	None	None
4139	PMC5539754.nxml.gz	PMC5539754.nxml.gz_92	17751	19247	43	CD	18302	18304	O	None	None	None
4140	PMC5539754.nxml.gz	PMC5539754.nxml.gz_92	17751	19247	(	(	18304	18305	O	None	None	None
4141	PMC5539754.nxml.gz	PMC5539754.nxml.gz_92	17751	19247	0	CD	18305	18306	O	None	None	None
4142	PMC5539754.nxml.gz	PMC5539754.nxml.gz_92	17751	19247	.	.	18306	18307	O	None	None	None
4143	PMC5539754.nxml.gz	PMC5539754.nxml.gz_92	17751	19247	17	CD	18307	18309	O	None	None	None
4144	PMC5539754.nxml.gz	PMC5539754.nxml.gz_92	17751	19247	,	,	18309	18310	O	None	None	None
4145	PMC5539754.nxml.gz	PMC5539754.nxml.gz_92	17751	19247	0	CD	18311	18312	O	None	None	None
4146	PMC5539754.nxml.gz	PMC5539754.nxml.gz_92	17751	19247	.	.	18312	18313	O	None	None	None
4147	PMC5539754.nxml.gz	PMC5539754.nxml.gz_92	17751	19247	69	CD	18313	18315	O	None	None	None
4148	PMC5539754.nxml.gz	PMC5539754.nxml.gz_92	17751	19247	)	)	18315	18316	O	None	None	None
4149	PMC5539754.nxml.gz	PMC5539754.nxml.gz_92	17751	19247	0	CD	18316	18317	O	None	None	None
4150	PMC5539754.nxml.gz	PMC5539754.nxml.gz_92	17751	19247	.	.	18317	18318	O	None	None	None
4151	PMC5539754.nxml.gz	PMC5539754.nxml.gz_92	17751	19247	0020	CD	18318	18322	O	None	None	None
4152	PMC5539754.nxml.gz	PMC5539754.nxml.gz_92	17751	19247	.	.	18322	18323	O	None	None	None
4153	PMC5539754.nxml.gz	PMC5539754.nxml.gz_92	17751	19247	00125OHD	CD	18323	18331	O	None	None	None
4154	PMC5539754.nxml.gz	PMC5539754.nxml.gz_92	17751	19247	<	JJ	18332	18333	O	None	None	None
4155	PMC5539754.nxml.gz	PMC5539754.nxml.gz_92	17751	19247	30	CD	18333	18335	O	None	None	None
4156	PMC5539754.nxml.gz	PMC5539754.nxml.gz_92	17751	19247	nmol	JJ	18336	18340	O	None	None	None
4157	PMC5539754.nxml.gz	PMC5539754.nxml.gz_92	17751	19247	/	NNP	18340	18341	O	None	None	None
4158	PMC5539754.nxml.gz	PMC5539754.nxml.gz_92	17751	19247	L4	NNP	18341	18343	O	None	None	None
4159	PMC5539754.nxml.gz	PMC5539754.nxml.gz_92	17751	19247	.	.	18343	18344	O	None	None	None
4160	PMC5539754.nxml.gz	PMC5539754.nxml.gz_92	17751	19247	1	CD	18344	18345	O	None	None	None
4161	PMC5539754.nxml.gz	PMC5539754.nxml.gz_92	17751	19247	%	NN	18345	18346	O	None	None	None
4162	PMC5539754.nxml.gz	PMC5539754.nxml.gz_92	17751	19247	0	CD	18346	18347	O	None	None	None
4163	PMC5539754.nxml.gz	PMC5539754.nxml.gz_92	17751	19247	.	.	18347	18348	O	None	None	None
4164	PMC5539754.nxml.gz	PMC5539754.nxml.gz_92	17751	19247	04	CD	18348	18350	O	None	None	None
4165	PMC5539754.nxml.gz	PMC5539754.nxml.gz_92	17751	19247	(−	JJ	18350	18352	O	None	None	None
4166	PMC5539754.nxml.gz	PMC5539754.nxml.gz_92	17751	19247	0	CD	18352	18353	O	None	None	None
4167	PMC5539754.nxml.gz	PMC5539754.nxml.gz_92	17751	19247	.	.	18353	18354	O	None	None	None
4168	PMC5539754.nxml.gz	PMC5539754.nxml.gz_92	17751	19247	20	CD	18354	18356	O	None	None	None
4169	PMC5539754.nxml.gz	PMC5539754.nxml.gz_92	17751	19247	,	,	18356	18357	O	None	None	None
4170	PMC5539754.nxml.gz	PMC5539754.nxml.gz_92	17751	19247	0	CD	18358	18359	O	None	None	None
4171	PMC5539754.nxml.gz	PMC5539754.nxml.gz_92	17751	19247	.	.	18359	18360	O	None	None	None
4172	PMC5539754.nxml.gz	PMC5539754.nxml.gz_92	17751	19247	28	CD	18360	18362	O	None	None	None
4173	PMC5539754.nxml.gz	PMC5539754.nxml.gz_92	17751	19247	)	)	18362	18363	O	None	None	None
4174	PMC5539754.nxml.gz	PMC5539754.nxml.gz_92	17751	19247	0	CD	18363	18364	O	None	None	None
4175	PMC5539754.nxml.gz	PMC5539754.nxml.gz_92	17751	19247	.	.	18364	18365	O	None	None	None
4176	PMC5539754.nxml.gz	PMC5539754.nxml.gz_92	17751	19247	7533	CD	18365	18369	O	None	None	None
4177	PMC5539754.nxml.gz	PMC5539754.nxml.gz_92	17751	19247	.	.	18369	18370	O	None	None	None
4178	PMC5539754.nxml.gz	PMC5539754.nxml.gz_92	17751	19247	00	CD	18370	18372	O	None	None	None
4179	PMC5539754.nxml.gz	PMC5539754.nxml.gz_92	17751	19247	%	NN	18372	18373	O	None	None	None
4180	PMC5539754.nxml.gz	PMC5539754.nxml.gz_92	17751	19247	0	CD	18373	18374	O	None	None	None
4181	PMC5539754.nxml.gz	PMC5539754.nxml.gz_92	17751	19247	.	.	18374	18375	O	None	None	None
4182	PMC5539754.nxml.gz	PMC5539754.nxml.gz_92	17751	19247	03	CD	18375	18377	O	None	None	None
4183	PMC5539754.nxml.gz	PMC5539754.nxml.gz_92	17751	19247	(−	JJ	18377	18379	O	None	None	None
4184	PMC5539754.nxml.gz	PMC5539754.nxml.gz_92	17751	19247	0	CD	18379	18380	O	None	None	None
4185	PMC5539754.nxml.gz	PMC5539754.nxml.gz_92	17751	19247	.	.	18380	18381	O	None	None	None
4186	PMC5539754.nxml.gz	PMC5539754.nxml.gz_92	17751	19247	25	CD	18381	18383	O	None	None	None
4187	PMC5539754.nxml.gz	PMC5539754.nxml.gz_92	17751	19247	,	,	18383	18384	O	None	None	None
4188	PMC5539754.nxml.gz	PMC5539754.nxml.gz_92	17751	19247	0	CD	18385	18386	O	None	None	None
4189	PMC5539754.nxml.gz	PMC5539754.nxml.gz_92	17751	19247	.	.	18386	18387	O	None	None	None
4190	PMC5539754.nxml.gz	PMC5539754.nxml.gz_92	17751	19247	31	CD	18387	18389	O	None	None	None
4191	PMC5539754.nxml.gz	PMC5539754.nxml.gz_92	17751	19247	)	)	18389	18390	O	None	None	None
4192	PMC5539754.nxml.gz	PMC5539754.nxml.gz_92	17751	19247	0	CD	18390	18391	O	None	None	None
4193	PMC5539754.nxml.gz	PMC5539754.nxml.gz_92	17751	19247	.	.	18391	18392	O	None	None	None
4194	PMC5539754.nxml.gz	PMC5539754.nxml.gz_92	17751	19247	837Insulin	CD	18392	18402	O	None	None	None
4195	PMC5539754.nxml.gz	PMC5539754.nxml.gz_92	17751	19247	early	JJ	18403	18408	O	None	None	None
4196	PMC5539754.nxml.gz	PMC5539754.nxml.gz_92	17751	19247	(	(	18409	18410	O	None	None	None
4197	PMC5539754.nxml.gz	PMC5539754.nxml.gz_92	17751	19247	μU	JJ	18410	18412	O	None	None	None
4198	PMC5539754.nxml.gz	PMC5539754.nxml.gz_92	17751	19247	/	NNP	18412	18413	O	None	None	None
4199	PMC5539754.nxml.gz	PMC5539754.nxml.gz_92	17751	19247	mL	NN	18413	18415	O	None	None	None
4200	PMC5539754.nxml.gz	PMC5539754.nxml.gz_92	17751	19247	)	)	18415	18416	O	None	None	None
4201	PMC5539754.nxml.gz	PMC5539754.nxml.gz_92	17751	19247	Winter32	NNP	18416	18424	O	None	None	None
4202	PMC5539754.nxml.gz	PMC5539754.nxml.gz_92	17751	19247	.	.	18424	18425	O	None	None	None
4203	PMC5539754.nxml.gz	PMC5539754.nxml.gz_92	17751	19247	4	CD	18425	18426	O	None	None	None
4204	PMC5539754.nxml.gz	PMC5539754.nxml.gz_92	17751	19247	%	NN	18426	18427	O	None	None	None
4205	PMC5539754.nxml.gz	PMC5539754.nxml.gz_92	17751	19247	0	CD	18427	18428	O	None	None	None
4206	PMC5539754.nxml.gz	PMC5539754.nxml.gz_92	17751	19247	.	.	18428	18429	O	None	None	None
4207	PMC5539754.nxml.gz	PMC5539754.nxml.gz_92	17751	19247	28	CD	18429	18431	O	None	None	None
4208	PMC5539754.nxml.gz	PMC5539754.nxml.gz_92	17751	19247	(	(	18431	18432	O	None	None	None
4209	PMC5539754.nxml.gz	PMC5539754.nxml.gz_92	17751	19247	0	CD	18432	18433	O	None	None	None
4210	PMC5539754.nxml.gz	PMC5539754.nxml.gz_92	17751	19247	.	.	18433	18434	O	None	None	None
4211	PMC5539754.nxml.gz	PMC5539754.nxml.gz_92	17751	19247	08	CD	18434	18436	O	None	None	None
4212	PMC5539754.nxml.gz	PMC5539754.nxml.gz_92	17751	19247	,	,	18436	18437	O	None	None	None
4213	PMC5539754.nxml.gz	PMC5539754.nxml.gz_92	17751	19247	0	CD	18438	18439	O	None	None	None
4214	PMC5539754.nxml.gz	PMC5539754.nxml.gz_92	17751	19247	.	.	18439	18440	O	None	None	None
4215	PMC5539754.nxml.gz	PMC5539754.nxml.gz_92	17751	19247	48	CD	18440	18442	O	None	None	None
4216	PMC5539754.nxml.gz	PMC5539754.nxml.gz_92	17751	19247	)	)	18442	18443	O	None	None	None
4217	PMC5539754.nxml.gz	PMC5539754.nxml.gz_92	17751	19247	0	CD	18443	18444	O	None	None	None
4218	PMC5539754.nxml.gz	PMC5539754.nxml.gz_92	17751	19247	.	.	18444	18445	O	None	None	None
4219	PMC5539754.nxml.gz	PMC5539754.nxml.gz_92	17751	19247	0070	CD	18445	18449	O	None	None	None
4220	PMC5539754.nxml.gz	PMC5539754.nxml.gz_92	17751	19247	.	.	18449	18450	O	None	None	None
4221	PMC5539754.nxml.gz	PMC5539754.nxml.gz_92	17751	19247	01047	CD	18450	18455	O	None	None	None
4222	PMC5539754.nxml.gz	PMC5539754.nxml.gz_92	17751	19247	.	.	18455	18456	O	None	None	None
4223	PMC5539754.nxml.gz	PMC5539754.nxml.gz_92	17751	19247	57	CD	18456	18458	O	None	None	None
4224	PMC5539754.nxml.gz	PMC5539754.nxml.gz_92	17751	19247	%	NN	18458	18459	O	None	None	None
4225	PMC5539754.nxml.gz	PMC5539754.nxml.gz_92	17751	19247	0	CD	18459	18460	O	None	None	None
4226	PMC5539754.nxml.gz	PMC5539754.nxml.gz_92	17751	19247	.	.	18460	18461	O	None	None	None
4227	PMC5539754.nxml.gz	PMC5539754.nxml.gz_92	17751	19247	39	CD	18461	18463	O	None	None	None
4228	PMC5539754.nxml.gz	PMC5539754.nxml.gz_92	17751	19247	(	(	18463	18464	O	None	None	None
4229	PMC5539754.nxml.gz	PMC5539754.nxml.gz_92	17751	19247	0	CD	18464	18465	O	None	None	None
4230	PMC5539754.nxml.gz	PMC5539754.nxml.gz_92	17751	19247	.	.	18465	18466	O	None	None	None
4231	PMC5539754.nxml.gz	PMC5539754.nxml.gz_92	17751	19247	16	CD	18466	18468	O	None	None	None
4232	PMC5539754.nxml.gz	PMC5539754.nxml.gz_92	17751	19247	,	,	18468	18469	O	None	None	None
4233	PMC5539754.nxml.gz	PMC5539754.nxml.gz_92	17751	19247	0	CD	18470	18471	O	None	None	None
4234	PMC5539754.nxml.gz	PMC5539754.nxml.gz_92	17751	19247	.	.	18471	18472	O	None	None	None
4235	PMC5539754.nxml.gz	PMC5539754.nxml.gz_92	17751	19247	62	CD	18472	18474	O	None	None	None
4236	PMC5539754.nxml.gz	PMC5539754.nxml.gz_92	17751	19247	)	)	18474	18475	O	None	None	None
4237	PMC5539754.nxml.gz	PMC5539754.nxml.gz_92	17751	19247	0	CD	18475	18476	O	None	None	None
4238	PMC5539754.nxml.gz	PMC5539754.nxml.gz_92	17751	19247	.	.	18476	18477	O	None	None	None
4239	PMC5539754.nxml.gz	PMC5539754.nxml.gz_92	17751	19247	001	CD	18477	18480	O	None	None	None
4240	PMC5539754.nxml.gz	PMC5539754.nxml.gz_92	17751	19247	<	JJ	18480	18481	O	None	None	None
4241	PMC5539754.nxml.gz	PMC5539754.nxml.gz_92	17751	19247	0	CD	18481	18482	O	None	None	None
4242	PMC5539754.nxml.gz	PMC5539754.nxml.gz_92	17751	19247	.	.	18482	18483	O	None	None	None
4243	PMC5539754.nxml.gz	PMC5539754.nxml.gz_92	17751	19247	00125OHD	CD	18483	18491	O	None	None	None
4244	PMC5539754.nxml.gz	PMC5539754.nxml.gz_92	17751	19247	<	JJ	18492	18493	O	None	None	None
4245	PMC5539754.nxml.gz	PMC5539754.nxml.gz_92	17751	19247	30	CD	18493	18495	O	None	None	None
4246	PMC5539754.nxml.gz	PMC5539754.nxml.gz_92	17751	19247	nmol	JJ	18496	18500	O	None	None	None
4247	PMC5539754.nxml.gz	PMC5539754.nxml.gz_92	17751	19247	/	NNP	18500	18501	O	None	None	None
4248	PMC5539754.nxml.gz	PMC5539754.nxml.gz_92	17751	19247	L8	NNP	18501	18503	O	None	None	None
4249	PMC5539754.nxml.gz	PMC5539754.nxml.gz_92	17751	19247	.	.	18503	18504	O	None	None	None
4250	PMC5539754.nxml.gz	PMC5539754.nxml.gz_92	17751	19247	3	CD	18504	18505	O	None	None	None
4251	PMC5539754.nxml.gz	PMC5539754.nxml.gz_92	17751	19247	%	NN	18505	18506	O	None	None	None
4252	PMC5539754.nxml.gz	PMC5539754.nxml.gz_92	17751	19247	0	CD	18506	18507	O	None	None	None
4253	PMC5539754.nxml.gz	PMC5539754.nxml.gz_92	17751	19247	.	.	18507	18508	O	None	None	None
4254	PMC5539754.nxml.gz	PMC5539754.nxml.gz_92	17751	19247	08	CD	18508	18510	O	None	None	None
4255	PMC5539754.nxml.gz	PMC5539754.nxml.gz_92	17751	19247	(−	JJ	18510	18512	O	None	None	None
4256	PMC5539754.nxml.gz	PMC5539754.nxml.gz_92	17751	19247	0	CD	18512	18513	O	None	None	None
4257	PMC5539754.nxml.gz	PMC5539754.nxml.gz_92	17751	19247	.	.	18513	18514	O	None	None	None
4258	PMC5539754.nxml.gz	PMC5539754.nxml.gz_92	17751	19247	14	CD	18514	18516	O	None	None	None
4259	PMC5539754.nxml.gz	PMC5539754.nxml.gz_92	17751	19247	,	,	18516	18517	O	None	None	None
4260	PMC5539754.nxml.gz	PMC5539754.nxml.gz_92	17751	19247	0	CD	18518	18519	O	None	None	None
4261	PMC5539754.nxml.gz	PMC5539754.nxml.gz_92	17751	19247	.	.	18519	18520	O	None	None	None
4262	PMC5539754.nxml.gz	PMC5539754.nxml.gz_92	17751	19247	29	CD	18520	18522	O	None	None	None
4263	PMC5539754.nxml.gz	PMC5539754.nxml.gz_92	17751	19247	)	)	18522	18523	O	None	None	None
4264	PMC5539754.nxml.gz	PMC5539754.nxml.gz_92	17751	19247	0	CD	18523	18524	O	None	None	None
4265	PMC5539754.nxml.gz	PMC5539754.nxml.gz_92	17751	19247	.	.	18524	18525	O	None	None	None
4266	PMC5539754.nxml.gz	PMC5539754.nxml.gz_92	17751	19247	4748	CD	18525	18529	O	None	None	None
4267	PMC5539754.nxml.gz	PMC5539754.nxml.gz_92	17751	19247	.	.	18529	18530	O	None	None	None
4268	PMC5539754.nxml.gz	PMC5539754.nxml.gz_92	17751	19247	16	CD	18530	18532	O	None	None	None
4269	PMC5539754.nxml.gz	PMC5539754.nxml.gz_92	17751	19247	%	NN	18532	18533	O	None	None	None
4270	PMC5539754.nxml.gz	PMC5539754.nxml.gz_92	17751	19247	0	CD	18533	18534	O	None	None	None
4271	PMC5539754.nxml.gz	PMC5539754.nxml.gz_92	17751	19247	.	.	18534	18535	O	None	None	None
4272	PMC5539754.nxml.gz	PMC5539754.nxml.gz_92	17751	19247	08	CD	18535	18537	O	None	None	None
4273	PMC5539754.nxml.gz	PMC5539754.nxml.gz_92	17751	19247	(−	JJ	18537	18539	O	None	None	None
4274	PMC5539754.nxml.gz	PMC5539754.nxml.gz_92	17751	19247	0	CD	18539	18540	O	None	None	None
4275	PMC5539754.nxml.gz	PMC5539754.nxml.gz_92	17751	19247	.	.	18540	18541	O	None	None	None
4276	PMC5539754.nxml.gz	PMC5539754.nxml.gz_92	17751	19247	17	CD	18541	18543	O	None	None	None
4277	PMC5539754.nxml.gz	PMC5539754.nxml.gz_92	17751	19247	,	,	18543	18544	O	None	None	None
4278	PMC5539754.nxml.gz	PMC5539754.nxml.gz_92	17751	19247	0	CD	18545	18546	O	None	None	None
4279	PMC5539754.nxml.gz	PMC5539754.nxml.gz_92	17751	19247	.	.	18546	18547	O	None	None	None
4280	PMC5539754.nxml.gz	PMC5539754.nxml.gz_92	17751	19247	32	CD	18547	18549	O	None	None	None
4281	PMC5539754.nxml.gz	PMC5539754.nxml.gz_92	17751	19247	)	)	18549	18550	O	None	None	None
4282	PMC5539754.nxml.gz	PMC5539754.nxml.gz_92	17751	19247	0	CD	18550	18551	O	None	None	None
4283	PMC5539754.nxml.gz	PMC5539754.nxml.gz_92	17751	19247	.	.	18551	18552	O	None	None	None
4284	PMC5539754.nxml.gz	PMC5539754.nxml.gz_92	17751	19247	530Insulin	CD	18552	18562	O	None	None	None
4285	PMC5539754.nxml.gz	PMC5539754.nxml.gz_92	17751	19247	28	CD	18563	18565	O	None	None	None
4286	PMC5539754.nxml.gz	PMC5539754.nxml.gz_92	17751	19247	weeks	NNS	18566	18571	O	None	None	None
4287	PMC5539754.nxml.gz	PMC5539754.nxml.gz_92	17751	19247	(	(	18572	18573	O	None	None	None
4288	PMC5539754.nxml.gz	PMC5539754.nxml.gz_92	17751	19247	μU	JJ	18573	18575	O	None	None	None
4289	PMC5539754.nxml.gz	PMC5539754.nxml.gz_92	17751	19247	/	NNP	18575	18576	O	None	None	None
4290	PMC5539754.nxml.gz	PMC5539754.nxml.gz_92	17751	19247	mL	NN	18576	18578	O	None	None	None
4291	PMC5539754.nxml.gz	PMC5539754.nxml.gz_92	17751	19247	)	)	18578	18579	O	None	None	None
4292	PMC5539754.nxml.gz	PMC5539754.nxml.gz_92	17751	19247	Winter25	NNP	18579	18587	O	None	None	None
4293	PMC5539754.nxml.gz	PMC5539754.nxml.gz_92	17751	19247	.	.	18587	18588	O	None	None	None
4294	PMC5539754.nxml.gz	PMC5539754.nxml.gz_92	17751	19247	9	CD	18588	18589	O	None	None	None
4295	PMC5539754.nxml.gz	PMC5539754.nxml.gz_92	17751	19247	%	NN	18589	18590	O	None	None	None
4296	PMC5539754.nxml.gz	PMC5539754.nxml.gz_92	17751	19247	0	CD	18590	18591	O	None	None	None
4297	PMC5539754.nxml.gz	PMC5539754.nxml.gz_92	17751	19247	.	.	18591	18592	O	None	None	None
4298	PMC5539754.nxml.gz	PMC5539754.nxml.gz_92	17751	19247	23	CD	18592	18594	O	None	None	None
4299	PMC5539754.nxml.gz	PMC5539754.nxml.gz_92	17751	19247	(	(	18594	18595	O	None	None	None
4300	PMC5539754.nxml.gz	PMC5539754.nxml.gz_92	17751	19247	0	CD	18595	18596	O	None	None	None
4301	PMC5539754.nxml.gz	PMC5539754.nxml.gz_92	17751	19247	.	.	18596	18597	O	None	None	None
4302	PMC5539754.nxml.gz	PMC5539754.nxml.gz_92	17751	19247	01	CD	18597	18599	O	None	None	None
4303	PMC5539754.nxml.gz	PMC5539754.nxml.gz_92	17751	19247	,	,	18599	18600	O	None	None	None
4304	PMC5539754.nxml.gz	PMC5539754.nxml.gz_92	17751	19247	0	CD	18601	18602	O	None	None	None
4305	PMC5539754.nxml.gz	PMC5539754.nxml.gz_92	17751	19247	.	.	18602	18603	O	None	None	None
4306	PMC5539754.nxml.gz	PMC5539754.nxml.gz_92	17751	19247	46	CD	18603	18605	O	None	None	None
4307	PMC5539754.nxml.gz	PMC5539754.nxml.gz_92	17751	19247	)	)	18605	18606	O	None	None	None
4308	PMC5539754.nxml.gz	PMC5539754.nxml.gz_92	17751	19247	0	CD	18606	18607	O	None	None	None
4309	PMC5539754.nxml.gz	PMC5539754.nxml.gz_92	17751	19247	.	.	18607	18608	O	None	None	None
4310	PMC5539754.nxml.gz	PMC5539754.nxml.gz_92	17751	19247	0410	CD	18608	18612	O	None	None	None
4311	PMC5539754.nxml.gz	PMC5539754.nxml.gz_92	17751	19247	.	.	18612	18613	O	None	None	None
4312	PMC5539754.nxml.gz	PMC5539754.nxml.gz_92	17751	19247	10249	CD	18613	18618	O	None	None	None
4313	PMC5539754.nxml.gz	PMC5539754.nxml.gz_92	17751	19247	.	.	18618	18619	O	None	None	None
4314	PMC5539754.nxml.gz	PMC5539754.nxml.gz_92	17751	19247	53	CD	18619	18621	O	None	None	None
4315	PMC5539754.nxml.gz	PMC5539754.nxml.gz_92	17751	19247	%	NN	18621	18622	O	None	None	None
4316	PMC5539754.nxml.gz	PMC5539754.nxml.gz_92	17751	19247	0	CD	18622	18623	O	None	None	None
4317	PMC5539754.nxml.gz	PMC5539754.nxml.gz_92	17751	19247	.	.	18623	18624	O	None	None	None
4318	PMC5539754.nxml.gz	PMC5539754.nxml.gz_92	17751	19247	40	CD	18624	18626	O	None	None	None
4319	PMC5539754.nxml.gz	PMC5539754.nxml.gz_92	17751	19247	(	(	18626	18627	O	None	None	None
4320	PMC5539754.nxml.gz	PMC5539754.nxml.gz_92	17751	19247	0	CD	18627	18628	O	None	None	None
4321	PMC5539754.nxml.gz	PMC5539754.nxml.gz_92	17751	19247	.	.	18628	18629	O	None	None	None
4322	PMC5539754.nxml.gz	PMC5539754.nxml.gz_92	17751	19247	14	CD	18629	18631	O	None	None	None
4323	PMC5539754.nxml.gz	PMC5539754.nxml.gz_92	17751	19247	,	,	18631	18632	O	None	None	None
4324	PMC5539754.nxml.gz	PMC5539754.nxml.gz_92	17751	19247	0	CD	18633	18634	O	None	None	None
4325	PMC5539754.nxml.gz	PMC5539754.nxml.gz_92	17751	19247	.	.	18634	18635	O	None	None	None
4326	PMC5539754.nxml.gz	PMC5539754.nxml.gz_92	17751	19247	66	CD	18635	18637	O	None	None	None
4327	PMC5539754.nxml.gz	PMC5539754.nxml.gz_92	17751	19247	)	)	18637	18638	O	None	None	None
4328	PMC5539754.nxml.gz	PMC5539754.nxml.gz_92	17751	19247	0	CD	18638	18639	O	None	None	None
4329	PMC5539754.nxml.gz	PMC5539754.nxml.gz_92	17751	19247	.	.	18639	18640	O	None	None	None
4330	PMC5539754.nxml.gz	PMC5539754.nxml.gz_92	17751	19247	0030	CD	18640	18644	O	None	None	None
4331	PMC5539754.nxml.gz	PMC5539754.nxml.gz_92	17751	19247	.	.	18644	18645	O	None	None	None
4332	PMC5539754.nxml.gz	PMC5539754.nxml.gz_92	17751	19247	00225OHD	CD	18645	18653	O	None	None	None
4333	PMC5539754.nxml.gz	PMC5539754.nxml.gz_92	17751	19247	<	JJ	18654	18655	O	None	None	None
4334	PMC5539754.nxml.gz	PMC5539754.nxml.gz_92	17751	19247	30	CD	18655	18657	O	None	None	None
4335	PMC5539754.nxml.gz	PMC5539754.nxml.gz_92	17751	19247	nmol	JJ	18658	18662	O	None	None	None
4336	PMC5539754.nxml.gz	PMC5539754.nxml.gz_92	17751	19247	/	NNP	18662	18663	O	None	None	None
4337	PMC5539754.nxml.gz	PMC5539754.nxml.gz_92	17751	19247	L1	NNP	18663	18665	O	None	None	None
4338	PMC5539754.nxml.gz	PMC5539754.nxml.gz_92	17751	19247	.	.	18665	18666	O	None	None	None
4339	PMC5539754.nxml.gz	PMC5539754.nxml.gz_92	17751	19247	0	CD	18666	18667	O	None	None	None
4340	PMC5539754.nxml.gz	PMC5539754.nxml.gz_92	17751	19247	%	NN	18667	18668	O	None	None	None
4341	PMC5539754.nxml.gz	PMC5539754.nxml.gz_92	17751	19247	0	CD	18668	18669	O	None	None	None
4342	PMC5539754.nxml.gz	PMC5539754.nxml.gz_92	17751	19247	.	.	18669	18670	O	None	None	None
4343	PMC5539754.nxml.gz	PMC5539754.nxml.gz_92	17751	19247	01	CD	18670	18672	O	None	None	None
4344	PMC5539754.nxml.gz	PMC5539754.nxml.gz_92	17751	19247	(−	JJ	18672	18674	O	None	None	None
4345	PMC5539754.nxml.gz	PMC5539754.nxml.gz_92	17751	19247	0	CD	18674	18675	O	None	None	None
4346	PMC5539754.nxml.gz	PMC5539754.nxml.gz_92	17751	19247	.	.	18675	18676	O	None	None	None
4347	PMC5539754.nxml.gz	PMC5539754.nxml.gz_92	17751	19247	22	CD	18676	18678	O	None	None	None
4348	PMC5539754.nxml.gz	PMC5539754.nxml.gz_92	17751	19247	,	,	18678	18679	O	None	None	None
4349	PMC5539754.nxml.gz	PMC5539754.nxml.gz_92	17751	19247	0	CD	18680	18681	O	None	None	None
4350	PMC5539754.nxml.gz	PMC5539754.nxml.gz_92	17751	19247	.	.	18681	18682	O	None	None	None
4351	PMC5539754.nxml.gz	PMC5539754.nxml.gz_92	17751	19247	24	CD	18682	18684	O	None	None	None
4352	PMC5539754.nxml.gz	PMC5539754.nxml.gz_92	17751	19247	)	)	18684	18685	O	None	None	None
4353	PMC5539754.nxml.gz	PMC5539754.nxml.gz_92	17751	19247	0	CD	18685	18686	O	None	None	None
4354	PMC5539754.nxml.gz	PMC5539754.nxml.gz_92	17751	19247	.	.	18686	18687	O	None	None	None
4355	PMC5539754.nxml.gz	PMC5539754.nxml.gz_92	17751	19247	927	CD	18687	18690	O	None	None	None
4356	PMC5539754.nxml.gz	PMC5539754.nxml.gz_92	17751	19247	−	JJ	18690	18691	O	None	None	None
4357	PMC5539754.nxml.gz	PMC5539754.nxml.gz_92	17751	19247	0	CD	18691	18692	O	None	None	None
4358	PMC5539754.nxml.gz	PMC5539754.nxml.gz_92	17751	19247	.	.	18692	18693	O	None	None	None
4359	PMC5539754.nxml.gz	PMC5539754.nxml.gz_92	17751	19247	17	CD	18693	18695	O	None	None	None
4360	PMC5539754.nxml.gz	PMC5539754.nxml.gz_92	17751	19247	%	NN	18695	18696	O	None	None	None
4361	PMC5539754.nxml.gz	PMC5539754.nxml.gz_92	17751	19247	0	CD	18696	18697	O	None	None	None
4362	PMC5539754.nxml.gz	PMC5539754.nxml.gz_92	17751	19247	.	.	18697	18698	O	None	None	None
4363	PMC5539754.nxml.gz	PMC5539754.nxml.gz_92	17751	19247	00	CD	18698	18700	O	None	None	None
4364	PMC5539754.nxml.gz	PMC5539754.nxml.gz_92	17751	19247	(−	JJ	18700	18702	O	None	None	None
4365	PMC5539754.nxml.gz	PMC5539754.nxml.gz_92	17751	19247	0	CD	18702	18703	O	None	None	None
4366	PMC5539754.nxml.gz	PMC5539754.nxml.gz_92	17751	19247	.	.	18703	18704	O	None	None	None
4367	PMC5539754.nxml.gz	PMC5539754.nxml.gz_92	17751	19247	28	CD	18704	18706	O	None	None	None
4368	PMC5539754.nxml.gz	PMC5539754.nxml.gz_92	17751	19247	,	,	18706	18707	O	None	None	None
4369	PMC5539754.nxml.gz	PMC5539754.nxml.gz_92	17751	19247	0	CD	18708	18709	O	None	None	None
4370	PMC5539754.nxml.gz	PMC5539754.nxml.gz_92	17751	19247	.	.	18709	18710	O	None	None	None
4371	PMC5539754.nxml.gz	PMC5539754.nxml.gz_92	17751	19247	28	CD	18710	18712	O	None	None	None
4372	PMC5539754.nxml.gz	PMC5539754.nxml.gz_92	17751	19247	)	)	18712	18713	O	None	None	None
4373	PMC5539754.nxml.gz	PMC5539754.nxml.gz_92	17751	19247	0	CD	18713	18714	O	None	None	None
4374	PMC5539754.nxml.gz	PMC5539754.nxml.gz_92	17751	19247	.	.	18714	18715	O	None	None	None
4375	PMC5539754.nxml.gz	PMC5539754.nxml.gz_92	17751	19247	991Fasting	CD	18715	18725	O	None	None	None
4376	PMC5539754.nxml.gz	PMC5539754.nxml.gz_92	17751	19247	glucose	JJ	18726	18733	O	None	None	None
4377	PMC5539754.nxml.gz	PMC5539754.nxml.gz_92	17751	19247	early	JJ	18734	18739	O	None	None	None
4378	PMC5539754.nxml.gz	PMC5539754.nxml.gz_92	17751	19247	(	(	18740	18741	O	None	None	None
4379	PMC5539754.nxml.gz	PMC5539754.nxml.gz_92	17751	19247	mmol	JJ	18741	18745	O	None	None	None
4380	PMC5539754.nxml.gz	PMC5539754.nxml.gz_92	17751	19247	/	NNP	18745	18746	O	None	None	None
4381	PMC5539754.nxml.gz	PMC5539754.nxml.gz_92	17751	19247	L	NNP	18746	18747	O	None	None	None
4382	PMC5539754.nxml.gz	PMC5539754.nxml.gz_92	17751	19247	)	)	18747	18748	O	None	None	None
4383	PMC5539754.nxml.gz	PMC5539754.nxml.gz_92	17751	19247	Winter	NNP	18748	18754	O	None	None	None
4384	PMC5539754.nxml.gz	PMC5539754.nxml.gz_92	17751	19247	−	$	18754	18755	O	None	None	None
4385	PMC5539754.nxml.gz	PMC5539754.nxml.gz_92	17751	19247	0	CD	18755	18756	O	None	None	None
4386	PMC5539754.nxml.gz	PMC5539754.nxml.gz_92	17751	19247	.	.	18756	18757	O	None	None	None
4387	PMC5539754.nxml.gz	PMC5539754.nxml.gz_92	17751	19247	02	CD	18757	18759	O	None	None	None
4388	PMC5539754.nxml.gz	PMC5539754.nxml.gz_92	17751	19247	(−	JJ	18759	18761	O	None	None	None
4389	PMC5539754.nxml.gz	PMC5539754.nxml.gz_92	17751	19247	0	CD	18761	18762	O	None	None	None
4390	PMC5539754.nxml.gz	PMC5539754.nxml.gz_92	17751	19247	.	.	18762	18763	O	None	None	None
4391	PMC5539754.nxml.gz	PMC5539754.nxml.gz_92	17751	19247	11	CD	18763	18765	O	None	None	None
4392	PMC5539754.nxml.gz	PMC5539754.nxml.gz_92	17751	19247	,	,	18765	18766	O	None	None	None
4393	PMC5539754.nxml.gz	PMC5539754.nxml.gz_92	17751	19247	0	CD	18767	18768	O	None	None	None
4394	PMC5539754.nxml.gz	PMC5539754.nxml.gz_92	17751	19247	.	.	18768	18769	O	None	None	None
4395	PMC5539754.nxml.gz	PMC5539754.nxml.gz_92	17751	19247	06	CD	18769	18771	O	None	None	None
4396	PMC5539754.nxml.gz	PMC5539754.nxml.gz_92	17751	19247	)	)	18771	18772	O	None	None	None
4397	PMC5539754.nxml.gz	PMC5539754.nxml.gz_92	17751	19247	0	CD	18772	18773	O	None	None	None
4398	PMC5539754.nxml.gz	PMC5539754.nxml.gz_92	17751	19247	.	.	18773	18774	O	None	None	None
4399	PMC5539754.nxml.gz	PMC5539754.nxml.gz_92	17751	19247	5830	CD	18774	18778	O	None	None	None
4400	PMC5539754.nxml.gz	PMC5539754.nxml.gz_92	17751	19247	.	.	18778	18779	O	None	None	None
4401	PMC5539754.nxml.gz	PMC5539754.nxml.gz_92	17751	19247	713	CD	18779	18782	O	None	None	None
4402	PMC5539754.nxml.gz	PMC5539754.nxml.gz_92	17751	19247	−	JJ	18782	18783	O	None	None	None
4403	PMC5539754.nxml.gz	PMC5539754.nxml.gz_92	17751	19247	0	CD	18783	18784	O	None	None	None
4404	PMC5539754.nxml.gz	PMC5539754.nxml.gz_92	17751	19247	.	.	18784	18785	O	None	None	None
4405	PMC5539754.nxml.gz	PMC5539754.nxml.gz_92	17751	19247	04	CD	18785	18787	O	None	None	None
4406	PMC5539754.nxml.gz	PMC5539754.nxml.gz_92	17751	19247	(−	JJ	18787	18789	O	None	None	None
4407	PMC5539754.nxml.gz	PMC5539754.nxml.gz_92	17751	19247	0	CD	18789	18790	O	None	None	None
4408	PMC5539754.nxml.gz	PMC5539754.nxml.gz_92	17751	19247	.	.	18790	18791	O	None	None	None
4409	PMC5539754.nxml.gz	PMC5539754.nxml.gz_92	17751	19247	13	CD	18791	18793	O	None	None	None
4410	PMC5539754.nxml.gz	PMC5539754.nxml.gz_92	17751	19247	,	,	18793	18794	O	None	None	None
4411	PMC5539754.nxml.gz	PMC5539754.nxml.gz_92	17751	19247	0	CD	18795	18796	O	None	None	None
4412	PMC5539754.nxml.gz	PMC5539754.nxml.gz_92	17751	19247	.	.	18796	18797	O	None	None	None
4413	PMC5539754.nxml.gz	PMC5539754.nxml.gz_92	17751	19247	06	CD	18797	18799	O	None	None	None
4414	PMC5539754.nxml.gz	PMC5539754.nxml.gz_92	17751	19247	)	)	18799	18800	O	None	None	None
4415	PMC5539754.nxml.gz	PMC5539754.nxml.gz_92	17751	19247	0	CD	18800	18801	O	None	None	None
4416	PMC5539754.nxml.gz	PMC5539754.nxml.gz_92	17751	19247	.	.	18801	18802	O	None	None	None
4417	PMC5539754.nxml.gz	PMC5539754.nxml.gz_92	17751	19247	4350	CD	18802	18806	O	None	None	None
4418	PMC5539754.nxml.gz	PMC5539754.nxml.gz_92	17751	19247	.	.	18806	18807	O	None	None	None
4419	PMC5539754.nxml.gz	PMC5539754.nxml.gz_92	17751	19247	02125OHD	CD	18807	18815	O	None	None	None
4420	PMC5539754.nxml.gz	PMC5539754.nxml.gz_92	17751	19247	<	JJ	18816	18817	O	None	None	None
4421	PMC5539754.nxml.gz	PMC5539754.nxml.gz_92	17751	19247	30	CD	18817	18819	O	None	None	None
4422	PMC5539754.nxml.gz	PMC5539754.nxml.gz_92	17751	19247	nmol	JJ	18820	18824	O	None	None	None
4423	PMC5539754.nxml.gz	PMC5539754.nxml.gz_92	17751	19247	/	NNP	18824	18825	O	None	None	None
4424	PMC5539754.nxml.gz	PMC5539754.nxml.gz_92	17751	19247	L0	NNP	18825	18827	O	None	None	None
4425	PMC5539754.nxml.gz	PMC5539754.nxml.gz_92	17751	19247	.	.	18827	18828	O	None	None	None
4426	PMC5539754.nxml.gz	PMC5539754.nxml.gz_92	17751	19247	03	CD	18828	18830	O	None	None	None
4427	PMC5539754.nxml.gz	PMC5539754.nxml.gz_92	17751	19247	(−	JJ	18830	18832	O	None	None	None
4428	PMC5539754.nxml.gz	PMC5539754.nxml.gz_92	17751	19247	0	CD	18832	18833	O	None	None	None
4429	PMC5539754.nxml.gz	PMC5539754.nxml.gz_92	17751	19247	.	.	18833	18834	O	None	None	None
4430	PMC5539754.nxml.gz	PMC5539754.nxml.gz_92	17751	19247	06	CD	18834	18836	O	None	None	None
4431	PMC5539754.nxml.gz	PMC5539754.nxml.gz_92	17751	19247	,	,	18836	18837	O	None	None	None
4432	PMC5539754.nxml.gz	PMC5539754.nxml.gz_92	17751	19247	0	CD	18838	18839	O	None	None	None
4433	PMC5539754.nxml.gz	PMC5539754.nxml.gz_92	17751	19247	.	.	18839	18840	O	None	None	None
4434	PMC5539754.nxml.gz	PMC5539754.nxml.gz_92	17751	19247	13	CD	18840	18842	O	None	None	None
4435	PMC5539754.nxml.gz	PMC5539754.nxml.gz_92	17751	19247	)	)	18842	18843	O	None	None	None
4436	PMC5539754.nxml.gz	PMC5539754.nxml.gz_92	17751	19247	0	CD	18843	18844	O	None	None	None
4437	PMC5539754.nxml.gz	PMC5539754.nxml.gz_92	17751	19247	.	.	18844	18845	O	None	None	None
4438	PMC5539754.nxml.gz	PMC5539754.nxml.gz_92	17751	19247	4690	CD	18845	18849	O	None	None	None
4439	PMC5539754.nxml.gz	PMC5539754.nxml.gz_92	17751	19247	.	.	18849	18850	O	None	None	None
4440	PMC5539754.nxml.gz	PMC5539754.nxml.gz_92	17751	19247	06	CD	18850	18852	O	None	None	None
4441	PMC5539754.nxml.gz	PMC5539754.nxml.gz_92	17751	19247	(−	JJ	18852	18854	O	None	None	None
4442	PMC5539754.nxml.gz	PMC5539754.nxml.gz_92	17751	19247	0	CD	18854	18855	O	None	None	None
4443	PMC5539754.nxml.gz	PMC5539754.nxml.gz_92	17751	19247	.	.	18855	18856	O	None	None	None
4444	PMC5539754.nxml.gz	PMC5539754.nxml.gz_92	17751	19247	04	CD	18856	18858	O	None	None	None
4445	PMC5539754.nxml.gz	PMC5539754.nxml.gz_92	17751	19247	,	,	18858	18859	O	None	None	None
4446	PMC5539754.nxml.gz	PMC5539754.nxml.gz_92	17751	19247	0	CD	18860	18861	O	None	None	None
4447	PMC5539754.nxml.gz	PMC5539754.nxml.gz_92	17751	19247	.	.	18861	18862	O	None	None	None
4448	PMC5539754.nxml.gz	PMC5539754.nxml.gz_92	17751	19247	16	CD	18862	18864	O	None	None	None
4449	PMC5539754.nxml.gz	PMC5539754.nxml.gz_92	17751	19247	)	)	18864	18865	O	None	None	None
4450	PMC5539754.nxml.gz	PMC5539754.nxml.gz_92	17751	19247	0	CD	18865	18866	O	None	None	None
4451	PMC5539754.nxml.gz	PMC5539754.nxml.gz_92	17751	19247	.	.	18866	18867	O	None	None	None
4452	PMC5539754.nxml.gz	PMC5539754.nxml.gz_92	17751	19247	257Fasting	CD	18867	18877	O	None	None	None
4453	PMC5539754.nxml.gz	PMC5539754.nxml.gz_92	17751	19247	glucose	JJ	18878	18885	O	None	None	None
4454	PMC5539754.nxml.gz	PMC5539754.nxml.gz_92	17751	19247	28	CD	18886	18888	O	None	None	None
4455	PMC5539754.nxml.gz	PMC5539754.nxml.gz_92	17751	19247	weeks	NNS	18889	18894	O	None	None	None
4456	PMC5539754.nxml.gz	PMC5539754.nxml.gz_92	17751	19247	(	(	18895	18896	O	None	None	None
4457	PMC5539754.nxml.gz	PMC5539754.nxml.gz_92	17751	19247	mmol	JJ	18896	18900	O	None	None	None
4458	PMC5539754.nxml.gz	PMC5539754.nxml.gz_92	17751	19247	/	NNP	18900	18901	O	None	None	None
4459	PMC5539754.nxml.gz	PMC5539754.nxml.gz_92	17751	19247	L	NNP	18901	18902	O	None	None	None
4460	PMC5539754.nxml.gz	PMC5539754.nxml.gz_92	17751	19247	)	)	18902	18903	O	None	None	None
4461	PMC5539754.nxml.gz	PMC5539754.nxml.gz_92	17751	19247	Winter0	NNP	18903	18910	O	None	None	None
4462	PMC5539754.nxml.gz	PMC5539754.nxml.gz_92	17751	19247	.	.	18910	18911	O	None	None	None
4463	PMC5539754.nxml.gz	PMC5539754.nxml.gz_92	17751	19247	07	CD	18911	18913	O	None	None	None
4464	PMC5539754.nxml.gz	PMC5539754.nxml.gz_92	17751	19247	(−	JJ	18913	18915	O	None	None	None
4465	PMC5539754.nxml.gz	PMC5539754.nxml.gz_92	17751	19247	0	CD	18915	18916	O	None	None	None
4466	PMC5539754.nxml.gz	PMC5539754.nxml.gz_92	17751	19247	.	.	18916	18917	O	None	None	None
4467	PMC5539754.nxml.gz	PMC5539754.nxml.gz_92	17751	19247	04	CD	18917	18919	O	None	None	None
4468	PMC5539754.nxml.gz	PMC5539754.nxml.gz_92	17751	19247	,	,	18919	18920	O	None	None	None
4469	PMC5539754.nxml.gz	PMC5539754.nxml.gz_92	17751	19247	0	CD	18921	18922	O	None	None	None
4470	PMC5539754.nxml.gz	PMC5539754.nxml.gz_92	17751	19247	.	.	18922	18923	O	None	None	None
4471	PMC5539754.nxml.gz	PMC5539754.nxml.gz_92	17751	19247	18	CD	18923	18925	O	None	None	None
4472	PMC5539754.nxml.gz	PMC5539754.nxml.gz_92	17751	19247	)	)	18925	18926	O	None	None	None
4473	PMC5539754.nxml.gz	PMC5539754.nxml.gz_92	17751	19247	0	CD	18926	18927	O	None	None	None
4474	PMC5539754.nxml.gz	PMC5539754.nxml.gz_92	17751	19247	.	.	18927	18928	O	None	None	None
4475	PMC5539754.nxml.gz	PMC5539754.nxml.gz_92	17751	19247	1850	CD	18928	18932	O	None	None	None
4476	PMC5539754.nxml.gz	PMC5539754.nxml.gz_92	17751	19247	.	.	18932	18933	O	None	None	None
4477	PMC5539754.nxml.gz	PMC5539754.nxml.gz_92	17751	19247	1180	CD	18933	18937	O	None	None	None
4478	PMC5539754.nxml.gz	PMC5539754.nxml.gz_92	17751	19247	.	.	18937	18938	O	None	None	None
4479	PMC5539754.nxml.gz	PMC5539754.nxml.gz_92	17751	19247	13	CD	18938	18940	O	None	None	None
4480	PMC5539754.nxml.gz	PMC5539754.nxml.gz_92	17751	19247	(	(	18940	18941	O	None	None	None
4481	PMC5539754.nxml.gz	PMC5539754.nxml.gz_92	17751	19247	0	CD	18941	18942	O	None	None	None
4482	PMC5539754.nxml.gz	PMC5539754.nxml.gz_92	17751	19247	.	.	18942	18943	O	None	None	None
4483	PMC5539754.nxml.gz	PMC5539754.nxml.gz_92	17751	19247	00	CD	18943	18945	O	None	None	None
4484	PMC5539754.nxml.gz	PMC5539754.nxml.gz_92	17751	19247	,	,	18945	18946	O	None	None	None
4485	PMC5539754.nxml.gz	PMC5539754.nxml.gz_92	17751	19247	0	CD	18947	18948	O	None	None	None
4486	PMC5539754.nxml.gz	PMC5539754.nxml.gz_92	17751	19247	.	.	18948	18949	O	None	None	None
4487	PMC5539754.nxml.gz	PMC5539754.nxml.gz_92	17751	19247	26	CD	18949	18951	O	None	None	None
4488	PMC5539754.nxml.gz	PMC5539754.nxml.gz_92	17751	19247	)	)	18951	18952	O	None	None	None
4489	PMC5539754.nxml.gz	PMC5539754.nxml.gz_92	17751	19247	0	CD	18952	18953	O	None	None	None
4490	PMC5539754.nxml.gz	PMC5539754.nxml.gz_92	17751	19247	.	.	18953	18954	O	None	None	None
4491	PMC5539754.nxml.gz	PMC5539754.nxml.gz_92	17751	19247	0450	CD	18954	18958	O	None	None	None
4492	PMC5539754.nxml.gz	PMC5539754.nxml.gz_92	17751	19247	.	.	18958	18959	O	None	None	None
4493	PMC5539754.nxml.gz	PMC5539754.nxml.gz_92	17751	19247	01525OHD	CD	18959	18967	O	None	None	None
4494	PMC5539754.nxml.gz	PMC5539754.nxml.gz_92	17751	19247	<	JJ	18968	18969	O	None	None	None
4495	PMC5539754.nxml.gz	PMC5539754.nxml.gz_92	17751	19247	30	CD	18969	18971	O	None	None	None
4496	PMC5539754.nxml.gz	PMC5539754.nxml.gz_92	17751	19247	nmol	JJ	18972	18976	O	None	None	None
4497	PMC5539754.nxml.gz	PMC5539754.nxml.gz_92	17751	19247	/	NNP	18976	18977	O	None	None	None
4498	PMC5539754.nxml.gz	PMC5539754.nxml.gz_92	17751	19247	L0	NNP	18977	18979	O	None	None	None
4499	PMC5539754.nxml.gz	PMC5539754.nxml.gz_92	17751	19247	.	.	18979	18980	O	None	None	None
4500	PMC5539754.nxml.gz	PMC5539754.nxml.gz_92	17751	19247	08	CD	18980	18982	O	None	None	None
4501	PMC5539754.nxml.gz	PMC5539754.nxml.gz_92	17751	19247	(−	JJ	18982	18984	O	None	None	None
4502	PMC5539754.nxml.gz	PMC5539754.nxml.gz_92	17751	19247	0	CD	18984	18985	O	None	None	None
4503	PMC5539754.nxml.gz	PMC5539754.nxml.gz_92	17751	19247	.	.	18985	18986	O	None	None	None
4504	PMC5539754.nxml.gz	PMC5539754.nxml.gz_92	17751	19247	04	CD	18986	18988	O	None	None	None
4505	PMC5539754.nxml.gz	PMC5539754.nxml.gz_92	17751	19247	,	,	18988	18989	O	None	None	None
4506	PMC5539754.nxml.gz	PMC5539754.nxml.gz_92	17751	19247	0	CD	18990	18991	O	None	None	None
4507	PMC5539754.nxml.gz	PMC5539754.nxml.gz_92	17751	19247	.	.	18991	18992	O	None	None	None
4508	PMC5539754.nxml.gz	PMC5539754.nxml.gz_92	17751	19247	19	CD	18992	18994	O	None	None	None
4509	PMC5539754.nxml.gz	PMC5539754.nxml.gz_92	17751	19247	)	)	18994	18995	O	None	None	None
4510	PMC5539754.nxml.gz	PMC5539754.nxml.gz_92	17751	19247	0	CD	18995	18996	O	None	None	None
4511	PMC5539754.nxml.gz	PMC5539754.nxml.gz_92	17751	19247	.	.	18996	18997	O	None	None	None
4512	PMC5539754.nxml.gz	PMC5539754.nxml.gz_92	17751	19247	2080	CD	18997	19001	O	None	None	None
4513	PMC5539754.nxml.gz	PMC5539754.nxml.gz_92	17751	19247	.	.	19001	19002	O	None	None	None
4514	PMC5539754.nxml.gz	PMC5539754.nxml.gz_92	17751	19247	15	CD	19002	19004	O	None	None	None
4515	PMC5539754.nxml.gz	PMC5539754.nxml.gz_92	17751	19247	(	(	19004	19005	O	None	None	None
4516	PMC5539754.nxml.gz	PMC5539754.nxml.gz_92	17751	19247	0	CD	19005	19006	O	None	None	None
4517	PMC5539754.nxml.gz	PMC5539754.nxml.gz_92	17751	19247	.	.	19006	19007	O	None	None	None
4518	PMC5539754.nxml.gz	PMC5539754.nxml.gz_92	17751	19247	01	CD	19007	19009	O	None	None	None
4519	PMC5539754.nxml.gz	PMC5539754.nxml.gz_92	17751	19247	,	,	19009	19010	O	None	None	None
4520	PMC5539754.nxml.gz	PMC5539754.nxml.gz_92	17751	19247	0	CD	19011	19012	O	None	None	None
4521	PMC5539754.nxml.gz	PMC5539754.nxml.gz_92	17751	19247	.	.	19012	19013	O	None	None	None
4522	PMC5539754.nxml.gz	PMC5539754.nxml.gz_92	17751	19247	29	CD	19013	19015	O	None	None	None
4523	PMC5539754.nxml.gz	PMC5539754.nxml.gz_92	17751	19247	)	)	19015	19016	O	None	None	None
4524	PMC5539754.nxml.gz	PMC5539754.nxml.gz_92	17751	19247	0	CD	19016	19017	O	None	None	None
4525	PMC5539754.nxml.gz	PMC5539754.nxml.gz_92	17751	19247	.	.	19017	19018	O	None	None	None
4526	PMC5539754.nxml.gz	PMC5539754.nxml.gz_92	17751	19247	0411	CD	19018	19022	O	None	None	None
4527	PMC5539754.nxml.gz	PMC5539754.nxml.gz_92	17751	19247	-	:	19022	19023	O	None	None	None
4528	PMC5539754.nxml.gz	PMC5539754.nxml.gz_92	17751	19247	h	NN	19023	19024	O	None	None	None
4529	PMC5539754.nxml.gz	PMC5539754.nxml.gz_92	17751	19247	GCT	NNP	19025	19028	O	None	None	None
4530	PMC5539754.nxml.gz	PMC5539754.nxml.gz_92	17751	19247	28	CD	19029	19031	O	None	None	None
4531	PMC5539754.nxml.gz	PMC5539754.nxml.gz_92	17751	19247	weeks	NNS	19032	19037	O	None	None	None
4532	PMC5539754.nxml.gz	PMC5539754.nxml.gz_92	17751	19247	(	(	19038	19039	O	None	None	None
4533	PMC5539754.nxml.gz	PMC5539754.nxml.gz_92	17751	19247	mmol	JJ	19039	19043	O	None	None	None
4534	PMC5539754.nxml.gz	PMC5539754.nxml.gz_92	17751	19247	/	NNP	19043	19044	O	None	None	None
4535	PMC5539754.nxml.gz	PMC5539754.nxml.gz_92	17751	19247	L	NNP	19044	19045	O	None	None	None
4536	PMC5539754.nxml.gz	PMC5539754.nxml.gz_92	17751	19247	)	)	19045	19046	O	None	None	None
4537	PMC5539754.nxml.gz	PMC5539754.nxml.gz_92	17751	19247	Winter0	NNP	19046	19053	O	None	None	None
4538	PMC5539754.nxml.gz	PMC5539754.nxml.gz_92	17751	19247	.	.	19053	19054	O	None	None	None
4539	PMC5539754.nxml.gz	PMC5539754.nxml.gz_92	17751	19247	04	CD	19054	19056	O	None	None	None
4540	PMC5539754.nxml.gz	PMC5539754.nxml.gz_92	17751	19247	(−	JJ	19056	19058	O	None	None	None
4541	PMC5539754.nxml.gz	PMC5539754.nxml.gz_92	17751	19247	0	CD	19058	19059	O	None	None	None
4542	PMC5539754.nxml.gz	PMC5539754.nxml.gz_92	17751	19247	.	.	19059	19060	O	None	None	None
4543	PMC5539754.nxml.gz	PMC5539754.nxml.gz_92	17751	19247	31	CD	19060	19062	O	None	None	None
4544	PMC5539754.nxml.gz	PMC5539754.nxml.gz_92	17751	19247	,	,	19062	19063	O	None	None	None
4545	PMC5539754.nxml.gz	PMC5539754.nxml.gz_92	17751	19247	0	CD	19064	19065	O	None	None	None
4546	PMC5539754.nxml.gz	PMC5539754.nxml.gz_92	17751	19247	.	.	19065	19066	O	None	None	None
4547	PMC5539754.nxml.gz	PMC5539754.nxml.gz_92	17751	19247	39	CD	19066	19068	O	None	None	None
4548	PMC5539754.nxml.gz	PMC5539754.nxml.gz_92	17751	19247	)	)	19068	19069	O	None	None	None
4549	PMC5539754.nxml.gz	PMC5539754.nxml.gz_92	17751	19247	0	CD	19069	19070	O	None	None	None
4550	PMC5539754.nxml.gz	PMC5539754.nxml.gz_92	17751	19247	.	.	19070	19071	O	None	None	None
4551	PMC5539754.nxml.gz	PMC5539754.nxml.gz_92	17751	19247	8060	CD	19071	19075	O	None	None	None
4552	PMC5539754.nxml.gz	PMC5539754.nxml.gz_92	17751	19247	.	.	19075	19076	O	None	None	None
4553	PMC5539754.nxml.gz	PMC5539754.nxml.gz_92	17751	19247	9460	CD	19076	19080	O	None	None	None
4554	PMC5539754.nxml.gz	PMC5539754.nxml.gz_92	17751	19247	.	.	19080	19081	O	None	None	None
4555	PMC5539754.nxml.gz	PMC5539754.nxml.gz_92	17751	19247	02	CD	19081	19083	O	None	None	None
4556	PMC5539754.nxml.gz	PMC5539754.nxml.gz_92	17751	19247	(−	JJ	19083	19085	O	None	None	None
4557	PMC5539754.nxml.gz	PMC5539754.nxml.gz_92	17751	19247	0	CD	19085	19086	O	None	None	None
4558	PMC5539754.nxml.gz	PMC5539754.nxml.gz_92	17751	19247	.	.	19086	19087	O	None	None	None
4559	PMC5539754.nxml.gz	PMC5539754.nxml.gz_92	17751	19247	41	CD	19087	19089	O	None	None	None
4560	PMC5539754.nxml.gz	PMC5539754.nxml.gz_92	17751	19247	,	,	19089	19090	O	None	None	None
4561	PMC5539754.nxml.gz	PMC5539754.nxml.gz_92	17751	19247	0	CD	19091	19092	O	None	None	None
4562	PMC5539754.nxml.gz	PMC5539754.nxml.gz_92	17751	19247	.	.	19092	19093	O	None	None	None
4563	PMC5539754.nxml.gz	PMC5539754.nxml.gz_92	17751	19247	45	CD	19093	19095	O	None	None	None
4564	PMC5539754.nxml.gz	PMC5539754.nxml.gz_92	17751	19247	)	)	19095	19096	O	None	None	None
4565	PMC5539754.nxml.gz	PMC5539754.nxml.gz_92	17751	19247	0	CD	19096	19097	O	None	None	None
4566	PMC5539754.nxml.gz	PMC5539754.nxml.gz_92	17751	19247	.	.	19097	19098	O	None	None	None
4567	PMC5539754.nxml.gz	PMC5539754.nxml.gz_92	17751	19247	9300	CD	19098	19102	O	None	None	None
4568	PMC5539754.nxml.gz	PMC5539754.nxml.gz_92	17751	19247	.	.	19102	19103	O	None	None	None
4569	PMC5539754.nxml.gz	PMC5539754.nxml.gz_92	17751	19247	68825OHD	CD	19103	19111	O	None	None	None
4570	PMC5539754.nxml.gz	PMC5539754.nxml.gz_92	17751	19247	<	JJ	19112	19113	O	None	None	None
4571	PMC5539754.nxml.gz	PMC5539754.nxml.gz_92	17751	19247	30	CD	19113	19115	O	None	None	None
4572	PMC5539754.nxml.gz	PMC5539754.nxml.gz_92	17751	19247	nmol	JJ	19116	19120	O	None	None	None
4573	PMC5539754.nxml.gz	PMC5539754.nxml.gz_92	17751	19247	/	NNP	19120	19121	O	None	None	None
4574	PMC5539754.nxml.gz	PMC5539754.nxml.gz_92	17751	19247	L0	NNP	19121	19123	O	None	None	None
4575	PMC5539754.nxml.gz	PMC5539754.nxml.gz_92	17751	19247	.	.	19123	19124	O	None	None	None
4576	PMC5539754.nxml.gz	PMC5539754.nxml.gz_92	17751	19247	03	CD	19124	19126	O	None	None	None
4577	PMC5539754.nxml.gz	PMC5539754.nxml.gz_92	17751	19247	(−	JJ	19126	19128	O	None	None	None
4578	PMC5539754.nxml.gz	PMC5539754.nxml.gz_92	17751	19247	0	CD	19128	19129	O	None	None	None
4579	PMC5539754.nxml.gz	PMC5539754.nxml.gz_92	17751	19247	.	.	19129	19130	O	None	None	None
4580	PMC5539754.nxml.gz	PMC5539754.nxml.gz_92	17751	19247	35	CD	19130	19132	O	None	None	None
4581	PMC5539754.nxml.gz	PMC5539754.nxml.gz_92	17751	19247	,	,	19132	19133	O	None	None	None
4582	PMC5539754.nxml.gz	PMC5539754.nxml.gz_92	17751	19247	0	CD	19134	19135	O	None	None	None
4583	PMC5539754.nxml.gz	PMC5539754.nxml.gz_92	17751	19247	.	.	19135	19136	O	None	None	None
4584	PMC5539754.nxml.gz	PMC5539754.nxml.gz_92	17751	19247	41	CD	19136	19138	O	None	None	None
4585	PMC5539754.nxml.gz	PMC5539754.nxml.gz_92	17751	19247	)	)	19138	19139	O	None	None	None
4586	PMC5539754.nxml.gz	PMC5539754.nxml.gz_92	17751	19247	0	CD	19139	19140	O	None	None	None
4587	PMC5539754.nxml.gz	PMC5539754.nxml.gz_92	17751	19247	.	.	19140	19141	O	None	None	None
4588	PMC5539754.nxml.gz	PMC5539754.nxml.gz_92	17751	19247	8730	CD	19141	19145	O	None	None	None
4589	PMC5539754.nxml.gz	PMC5539754.nxml.gz_92	17751	19247	.	.	19145	19146	O	None	None	None
4590	PMC5539754.nxml.gz	PMC5539754.nxml.gz_92	17751	19247	02	CD	19146	19148	O	None	None	None
4591	PMC5539754.nxml.gz	PMC5539754.nxml.gz_92	17751	19247	(−	JJ	19148	19150	O	None	None	None
4592	PMC5539754.nxml.gz	PMC5539754.nxml.gz_92	17751	19247	0	CD	19150	19151	O	None	None	None
4593	PMC5539754.nxml.gz	PMC5539754.nxml.gz_92	17751	19247	.	.	19151	19152	O	None	None	None
4594	PMC5539754.nxml.gz	PMC5539754.nxml.gz_92	17751	19247	45	CD	19152	19154	O	None	None	None
4595	PMC5539754.nxml.gz	PMC5539754.nxml.gz_92	17751	19247	,	,	19154	19155	O	None	None	None
4596	PMC5539754.nxml.gz	PMC5539754.nxml.gz_92	17751	19247	0	CD	19156	19157	O	None	None	None
4597	PMC5539754.nxml.gz	PMC5539754.nxml.gz_92	17751	19247	.	.	19157	19158	O	None	None	None
4598	PMC5539754.nxml.gz	PMC5539754.nxml.gz_92	17751	19247	50	CD	19158	19160	O	None	None	None
4599	PMC5539754.nxml.gz	PMC5539754.nxml.gz_92	17751	19247	)	)	19160	19161	O	None	None	None
4600	PMC5539754.nxml.gz	PMC5539754.nxml.gz_92	17751	19247	0	CD	19161	19162	O	None	None	None
4601	PMC5539754.nxml.gz	PMC5539754.nxml.gz_92	17751	19247	.	.	19162	19163	O	None	None	None
4602	PMC5539754.nxml.gz	PMC5539754.nxml.gz_92	17751	19247	923	CD	19163	19166	O	None	None	None
4603	PMC5539754.nxml.gz	PMC5539754.nxml.gz_92	17751	19247	a	DT	19167	19168	O	None	None	None
4604	PMC5539754.nxml.gz	PMC5539754.nxml.gz_92	17751	19247	%	NN	19168	19169	O	None	None	None
4605	PMC5539754.nxml.gz	PMC5539754.nxml.gz_92	17751	19247	difference	NN	19170	19180	O	None	None	None
4606	PMC5539754.nxml.gz	PMC5539754.nxml.gz_92	17751	19247	in	IN	19181	19183	O	None	None	None
4607	PMC5539754.nxml.gz	PMC5539754.nxml.gz_92	17751	19247	metabolic	JJ	19184	19193	O	None	None	None
4608	PMC5539754.nxml.gz	PMC5539754.nxml.gz_92	17751	19247	marker	NN	19194	19200	O	None	None	None
4609	PMC5539754.nxml.gz	PMC5539754.nxml.gz_92	17751	19247	Model	NNP	19201	19206	O	None	None	None
4610	PMC5539754.nxml.gz	PMC5539754.nxml.gz_92	17751	19247	1	CD	19207	19208	O	None	None	None
4611	PMC5539754.nxml.gz	PMC5539754.nxml.gz_92	17751	19247	:	:	19208	19209	O	None	None	None
4612	PMC5539754.nxml.gz	PMC5539754.nxml.gz_92	17751	19247	model	NN	19210	19215	O	None	None	None
4613	PMC5539754.nxml.gz	PMC5539754.nxml.gz_92	17751	19247	not	RB	19216	19219	O	None	None	None
4614	PMC5539754.nxml.gz	PMC5539754.nxml.gz_92	17751	19247	controlled	VBN	19220	19230	O	None	None	None
4615	PMC5539754.nxml.gz	PMC5539754.nxml.gz_92	17751	19247	for	IN	19231	19234	O	None	None	None
4616	PMC5539754.nxml.gz	PMC5539754.nxml.gz_92	17751	19247	confounders	NNS	19235	19246	O	None	None	None
4617	PMC5539754.nxml.gz	PMC5539754.nxml.gz_92	17751	19247	.	.	19246	19247	O	None	None	None
4618	PMC5539754.nxml.gz	PMC5539754.nxml.gz_93	19248	19720	Model	NN	19248	19253	O	None	None	None
4619	PMC5539754.nxml.gz	PMC5539754.nxml.gz_93	19248	19720	2	CD	19254	19255	O	None	None	None
4620	PMC5539754.nxml.gz	PMC5539754.nxml.gz_93	19248	19720	:	:	19255	19256	O	None	None	None
4621	PMC5539754.nxml.gz	PMC5539754.nxml.gz_93	19248	19720	model	NN	19257	19262	O	None	None	None
4622	PMC5539754.nxml.gz	PMC5539754.nxml.gz_93	19248	19720	controlled	VBD	19263	19273	O	None	None	None
4623	PMC5539754.nxml.gz	PMC5539754.nxml.gz_93	19248	19720	for	IN	19274	19277	O	None	None	None
4624	PMC5539754.nxml.gz	PMC5539754.nxml.gz_93	19248	19720	BMI	NNP	19278	19281	O	None	None	None
4625	PMC5539754.nxml.gz	PMC5539754.nxml.gz_93	19248	19720	(	(	19282	19283	O	None	None	None
4626	PMC5539754.nxml.gz	PMC5539754.nxml.gz_93	19248	19720	kg	VB	19283	19285	O	None	None	None
4627	PMC5539754.nxml.gz	PMC5539754.nxml.gz_93	19248	19720	/	NNP	19285	19286	O	None	None	None
4628	PMC5539754.nxml.gz	PMC5539754.nxml.gz_93	19248	19720	m2	NN	19286	19288	O	None	None	None
4629	PMC5539754.nxml.gz	PMC5539754.nxml.gz_93	19248	19720	),	NNP	19288	19290	O	None	None	None
4630	PMC5539754.nxml.gz	PMC5539754.nxml.gz_93	19248	19720	education	NN	19291	19300	O	None	None	None
4631	PMC5539754.nxml.gz	PMC5539754.nxml.gz_93	19248	19720	>	NNP	19301	19302	O	None	None	None
4632	PMC5539754.nxml.gz	PMC5539754.nxml.gz_93	19248	19720	secondary	JJ	19303	19312	O	None	None	None
4633	PMC5539754.nxml.gz	PMC5539754.nxml.gz_93	19248	19720	school	NN	19313	19319	O	None	None	None
4634	PMC5539754.nxml.gz	PMC5539754.nxml.gz_93	19248	19720	,	,	19319	19320	O	None	None	None
4635	PMC5539754.nxml.gz	PMC5539754.nxml.gz_93	19248	19720	being	VBG	19321	19326	O	None	None	None
4636	PMC5539754.nxml.gz	PMC5539754.nxml.gz_93	19248	19720	part	NN	19327	19331	O	None	None	None
4637	PMC5539754.nxml.gz	PMC5539754.nxml.gz_93	19248	19720	of	IN	19332	19334	O	None	None	None
4638	PMC5539754.nxml.gz	PMC5539754.nxml.gz_93	19248	19720	the	DT	19335	19338	O	None	None	None
4639	PMC5539754.nxml.gz	PMC5539754.nxml.gz_93	19248	19720	ROLO	NNP	19339	19343	O	None	None	None
4640	PMC5539754.nxml.gz	PMC5539754.nxml.gz_93	19248	19720	study	NN	19344	19349	O	None	None	None
4641	PMC5539754.nxml.gz	PMC5539754.nxml.gz_93	19248	19720	intervention	NN	19350	19362	O	None	None	None
4642	PMC5539754.nxml.gz	PMC5539754.nxml.gz_93	19248	19720	group	NN	19363	19368	O	None	None	None
4643	PMC5539754.nxml.gz	PMC5539754.nxml.gz_93	19248	19720	,	,	19368	19369	O	None	None	None
4644	PMC5539754.nxml.gz	PMC5539754.nxml.gz_93	19248	19720	early	JJ	19370	19375	O	None	None	None
4645	PMC5539754.nxml.gz	PMC5539754.nxml.gz_93	19248	19720	-	:	19375	19376	O	None	None	None
4646	PMC5539754.nxml.gz	PMC5539754.nxml.gz_93	19248	19720	pregnancy	NN	19376	19385	O	None	None	None
4647	PMC5539754.nxml.gz	PMC5539754.nxml.gz_93	19248	19720	energy	NN	19386	19392	O	None	None	None
4648	PMC5539754.nxml.gz	PMC5539754.nxml.gz_93	19248	19720	(	(	19393	19394	O	None	None	None
4649	PMC5539754.nxml.gz	PMC5539754.nxml.gz_93	19248	19720	kcal	JJ	19394	19398	O	None	None	None
4650	PMC5539754.nxml.gz	PMC5539754.nxml.gz_93	19248	19720	),	CD	19398	19400	O	None	None	None
4651	PMC5539754.nxml.gz	PMC5539754.nxml.gz_93	19248	19720	early	JJ	19401	19406	O	None	None	None
4652	PMC5539754.nxml.gz	PMC5539754.nxml.gz_93	19248	19720	-	:	19406	19407	O	None	None	None
4653	PMC5539754.nxml.gz	PMC5539754.nxml.gz_93	19248	19720	pregnancy	NN	19407	19416	O	None	None	None
4654	PMC5539754.nxml.gz	PMC5539754.nxml.gz_93	19248	19720	protein	NN	19417	19424	O	None	None	None
4655	PMC5539754.nxml.gz	PMC5539754.nxml.gz_93	19248	19720	(	(	19425	19426	O	None	None	None
4656	PMC5539754.nxml.gz	PMC5539754.nxml.gz_93	19248	19720	g	JJ	19426	19427	O	None	None	None
4657	PMC5539754.nxml.gz	PMC5539754.nxml.gz_93	19248	19720	),	VBP	19427	19429	O	None	None	None
4658	PMC5539754.nxml.gz	PMC5539754.nxml.gz_93	19248	19720	early	JJ	19430	19435	O	None	None	None
4659	PMC5539754.nxml.gz	PMC5539754.nxml.gz_93	19248	19720	-	:	19435	19436	O	None	None	None
4660	PMC5539754.nxml.gz	PMC5539754.nxml.gz_93	19248	19720	pregnancy	NN	19436	19445	O	None	None	None
4661	PMC5539754.nxml.gz	PMC5539754.nxml.gz_93	19248	19720	fat	NN	19446	19449	O	None	None	None
4662	PMC5539754.nxml.gz	PMC5539754.nxml.gz_93	19248	19720	(	(	19450	19451	O	None	None	None
4663	PMC5539754.nxml.gz	PMC5539754.nxml.gz_93	19248	19720	g	JJ	19451	19452	O	None	None	None
4664	PMC5539754.nxml.gz	PMC5539754.nxml.gz_93	19248	19720	),	NN	19452	19454	O	None	None	None
4665	PMC5539754.nxml.gz	PMC5539754.nxml.gz_93	19248	19720	moderate	JJ	19455	19463	O	None	None	None
4666	PMC5539754.nxml.gz	PMC5539754.nxml.gz_93	19248	19720	-	:	19463	19464	O	None	None	None
4667	PMC5539754.nxml.gz	PMC5539754.nxml.gz_93	19248	19720	vigorous	JJ	19464	19472	O	None	None	None
4668	PMC5539754.nxml.gz	PMC5539754.nxml.gz_93	19248	19720	activity	NN	19473	19481	O	None	None	None
4669	PMC5539754.nxml.gz	PMC5539754.nxml.gz_93	19248	19720	,	,	19481	19482	O	None	None	None
4670	PMC5539754.nxml.gz	PMC5539754.nxml.gz_93	19248	19720	well	RB	19483	19487	O	None	None	None
4671	PMC5539754.nxml.gz	PMC5539754.nxml.gz_93	19248	19720	-	:	19487	19488	O	None	None	None
4672	PMC5539754.nxml.gz	PMC5539754.nxml.gz_93	19248	19720	being	VBG	19488	19493	O	None	None	None
4673	PMC5539754.nxml.gz	PMC5539754.nxml.gz_93	19248	19720	score	NN	19494	19499	O	None	None	None
4674	PMC5539754.nxml.gz	PMC5539754.nxml.gz_93	19248	19720	and	CC	19500	19503	O	None	None	None
4675	PMC5539754.nxml.gz	PMC5539754.nxml.gz_93	19248	19720	dietary	JJ	19504	19511	O	None	None	None
4676	PMC5539754.nxml.gz	PMC5539754.nxml.gz_93	19248	19720	supplements	NNS	19512	19523	O	None	None	None
4677	PMC5539754.nxml.gz	PMC5539754.nxml.gz_93	19248	19720	Post	NNP	19525	19529	O	None	None	None
4678	PMC5539754.nxml.gz	PMC5539754.nxml.gz_93	19248	19720	-	:	19529	19530	O	None	None	None
4679	PMC5539754.nxml.gz	PMC5539754.nxml.gz_93	19248	19720	hoc	NN	19530	19533	O	None	None	None
4680	PMC5539754.nxml.gz	PMC5539754.nxml.gz_93	19248	19720	analysis	NN	19534	19542	O	None	None	None
4681	PMC5539754.nxml.gz	PMC5539754.nxml.gz_93	19248	19720	-	:	19543	19544	O	None	None	None
4682	PMC5539754.nxml.gz	PMC5539754.nxml.gz_93	19248	19720	exploring	VBG	19545	19554	O	None	None	None
4683	PMC5539754.nxml.gz	PMC5539754.nxml.gz_93	19248	19720	potential	JJ	19555	19564	O	None	None	None
4684	PMC5539754.nxml.gz	PMC5539754.nxml.gz_93	19248	19720	confounders	NNS	19565	19576	O	None	None	None
4685	PMC5539754.nxml.gz	PMC5539754.nxml.gz_93	19248	19720	Dietary	NNP	19577	19584	O	None	None	None
4686	PMC5539754.nxml.gz	PMC5539754.nxml.gz_93	19248	19720	intakes	NNS	19585	19592	O	None	None	None
4687	PMC5539754.nxml.gz	PMC5539754.nxml.gz_93	19248	19720	,	,	19592	19593	O	None	None	None
4688	PMC5539754.nxml.gz	PMC5539754.nxml.gz_93	19248	19720	lifestyle	JJ	19594	19603	O	None	None	None
4689	PMC5539754.nxml.gz	PMC5539754.nxml.gz_93	19248	19720	behaviours	NN	19604	19614	O	None	None	None
4690	PMC5539754.nxml.gz	PMC5539754.nxml.gz_93	19248	19720	,	,	19614	19615	O	None	None	None
4691	PMC5539754.nxml.gz	PMC5539754.nxml.gz_93	19248	19720	and	CC	19616	19619	O	None	None	None
4692	PMC5539754.nxml.gz	PMC5539754.nxml.gz_93	19248	19720	emotional	JJ	19620	19629	O	None	None	None
4693	PMC5539754.nxml.gz	PMC5539754.nxml.gz_93	19248	19720	well	NN	19630	19634	O	None	None	None
4694	PMC5539754.nxml.gz	PMC5539754.nxml.gz_93	19248	19720	-	:	19634	19635	O	None	None	None
4695	PMC5539754.nxml.gz	PMC5539754.nxml.gz_93	19248	19720	being	VBG	19635	19640	O	None	None	None
4696	PMC5539754.nxml.gz	PMC5539754.nxml.gz_93	19248	19720	were	VBD	19641	19645	O	None	None	None
4697	PMC5539754.nxml.gz	PMC5539754.nxml.gz_93	19248	19720	analysed	VBN	19646	19654	O	None	None	None
4698	PMC5539754.nxml.gz	PMC5539754.nxml.gz_93	19248	19720	by	IN	19655	19657	O	None	None	None
4699	PMC5539754.nxml.gz	PMC5539754.nxml.gz_93	19248	19720	season	NN	19658	19664	O	None	None	None
4700	PMC5539754.nxml.gz	PMC5539754.nxml.gz_93	19248	19720	of	IN	19665	19667	O	None	None	None
4701	PMC5539754.nxml.gz	PMC5539754.nxml.gz_93	19248	19720	first	JJ	19668	19673	O	None	None	None
4702	PMC5539754.nxml.gz	PMC5539754.nxml.gz_93	19248	19720	antenatal	JJ	19674	19683	O	None	None	None
4703	PMC5539754.nxml.gz	PMC5539754.nxml.gz_93	19248	19720	visit	NN	19684	19689	O	None	None	None
4704	PMC5539754.nxml.gz	PMC5539754.nxml.gz_93	19248	19720	(	(	19690	19691	O	None	None	None
4705	PMC5539754.nxml.gz	PMC5539754.nxml.gz_93	19248	19720	Additional	JJ	19692	19702	O	None	None	None
4706	PMC5539754.nxml.gz	PMC5539754.nxml.gz_93	19248	19720	file1	NN	19703	19708	O	None	None	None
4707	PMC5539754.nxml.gz	PMC5539754.nxml.gz_93	19248	19720	:	:	19708	19709	O	None	None	None
4708	PMC5539754.nxml.gz	PMC5539754.nxml.gz_93	19248	19720	Table	JJ	19710	19715	O	None	None	None
4709	PMC5539754.nxml.gz	PMC5539754.nxml.gz_93	19248	19720	S2	NNP	19716	19718	O	None	None	None
4710	PMC5539754.nxml.gz	PMC5539754.nxml.gz_93	19248	19720	).	NN	19718	19720	O	None	None	None
4711	PMC5539754.nxml.gz	PMC5539754.nxml.gz_94	19721	20048	Attendance	NN	19721	19731	O	None	None	None
4712	PMC5539754.nxml.gz	PMC5539754.nxml.gz_94	19721	20048	at	IN	19732	19734	O	None	None	None
4713	PMC5539754.nxml.gz	PMC5539754.nxml.gz_94	19721	20048	the	DT	19735	19738	O	None	None	None
4714	PMC5539754.nxml.gz	PMC5539754.nxml.gz_94	19721	20048	first	JJ	19739	19744	O	None	None	None
4715	PMC5539754.nxml.gz	PMC5539754.nxml.gz_94	19721	20048	antenatal	JJ	19745	19754	O	None	None	None
4716	PMC5539754.nxml.gz	PMC5539754.nxml.gz_94	19721	20048	visit	NN	19755	19760	O	None	None	None
4717	PMC5539754.nxml.gz	PMC5539754.nxml.gz_94	19721	20048	during	IN	19761	19767	O	None	None	None
4718	PMC5539754.nxml.gz	PMC5539754.nxml.gz_94	19721	20048	extended	JJ	19768	19776	O	None	None	None
4719	PMC5539754.nxml.gz	PMC5539754.nxml.gz_94	19721	20048	winter	NN	19777	19783	O	None	None	None
4720	PMC5539754.nxml.gz	PMC5539754.nxml.gz_94	19721	20048	was	VBD	19784	19787	O	None	None	None
4721	PMC5539754.nxml.gz	PMC5539754.nxml.gz_94	19721	20048	associated	VBN	19788	19798	O	None	None	None
4722	PMC5539754.nxml.gz	PMC5539754.nxml.gz_94	19721	20048	with	IN	19799	19803	O	None	None	None
4723	PMC5539754.nxml.gz	PMC5539754.nxml.gz_94	19721	20048	reduced	JJ	19804	19811	O	None	None	None
4724	PMC5539754.nxml.gz	PMC5539754.nxml.gz_94	19721	20048	intake	NN	19812	19818	O	None	None	None
4725	PMC5539754.nxml.gz	PMC5539754.nxml.gz_94	19721	20048	of	IN	19819	19821	O	None	None	None
4726	PMC5539754.nxml.gz	PMC5539754.nxml.gz_94	19721	20048	energy	NN	19822	19828	O	None	None	None
4727	PMC5539754.nxml.gz	PMC5539754.nxml.gz_94	19721	20048	(	(	19829	19830	O	None	None	None
4728	PMC5539754.nxml.gz	PMC5539754.nxml.gz_94	19721	20048	kcal	JJ	19830	19834	O	None	None	None
4729	PMC5539754.nxml.gz	PMC5539754.nxml.gz_94	19721	20048	)	)	19834	19835	O	None	None	None
4730	PMC5539754.nxml.gz	PMC5539754.nxml.gz_94	19721	20048	(	(	19836	19837	O	None	None	None
4731	PMC5539754.nxml.gz	PMC5539754.nxml.gz_94	19721	20048	winter	NN	19837	19843	O	None	None	None
4732	PMC5539754.nxml.gz	PMC5539754.nxml.gz_94	19721	20048	vs	NN	19844	19846	O	None	None	None
4733	PMC5539754.nxml.gz	PMC5539754.nxml.gz_94	19721	20048	.	.	19846	19847	O	None	None	None
4734	PMC5539754.nxml.gz	PMC5539754.nxml.gz_94	19721	20048	summer	NN	19848	19854	O	None	None	None
4735	PMC5539754.nxml.gz	PMC5539754.nxml.gz_94	19721	20048	;	:	19854	19855	O	None	None	None
4736	PMC5539754.nxml.gz	PMC5539754.nxml.gz_94	19721	20048	1795	CD	19856	19860	O	None	None	None
4737	PMC5539754.nxml.gz	PMC5539754.nxml.gz_94	19721	20048	.	.	19860	19861	O	None	None	None
4738	PMC5539754.nxml.gz	PMC5539754.nxml.gz_94	19721	20048	2	CD	19861	19862	O	None	None	None
4739	PMC5539754.nxml.gz	PMC5539754.nxml.gz_94	19721	20048	±	JJ	19863	19864	O	None	None	None
4740	PMC5539754.nxml.gz	PMC5539754.nxml.gz_94	19721	20048	412	CD	19865	19868	O	None	None	None
4741	PMC5539754.nxml.gz	PMC5539754.nxml.gz_94	19721	20048	.	.	19868	19869	O	None	None	None
4742	PMC5539754.nxml.gz	PMC5539754.nxml.gz_94	19721	20048	0	CD	19869	19870	O	None	None	None
4743	PMC5539754.nxml.gz	PMC5539754.nxml.gz_94	19721	20048	vs	NN	19871	19873	O	None	None	None
4744	PMC5539754.nxml.gz	PMC5539754.nxml.gz_94	19721	20048	.	.	19873	19874	O	None	None	None
4745	PMC5539754.nxml.gz	PMC5539754.nxml.gz_94	19721	20048	1904	CD	19875	19879	O	None	None	None
4746	PMC5539754.nxml.gz	PMC5539754.nxml.gz_94	19721	20048	.	.	19879	19880	O	None	None	None
4747	PMC5539754.nxml.gz	PMC5539754.nxml.gz_94	19721	20048	7	CD	19880	19881	O	None	None	None
4748	PMC5539754.nxml.gz	PMC5539754.nxml.gz_94	19721	20048	±	JJ	19882	19883	O	None	None	None
4749	PMC5539754.nxml.gz	PMC5539754.nxml.gz_94	19721	20048	418	CD	19884	19887	O	None	None	None
4750	PMC5539754.nxml.gz	PMC5539754.nxml.gz_94	19721	20048	.	.	19887	19888	O	None	None	None
4751	PMC5539754.nxml.gz	PMC5539754.nxml.gz_94	19721	20048	2	CD	19888	19889	O	None	None	None
4752	PMC5539754.nxml.gz	PMC5539754.nxml.gz_94	19721	20048	,	,	19889	19890	O	None	None	None
4753	PMC5539754.nxml.gz	PMC5539754.nxml.gz_94	19721	20048	P	NNP	19891	19892	O	None	None	None
4754	PMC5539754.nxml.gz	PMC5539754.nxml.gz_94	19721	20048	=	VBZ	19894	19895	O	None	None	None
4755	PMC5539754.nxml.gz	PMC5539754.nxml.gz_94	19721	20048	0	CD	19896	19897	O	None	None	None
4756	PMC5539754.nxml.gz	PMC5539754.nxml.gz_94	19721	20048	.	.	19897	19898	O	None	None	None
4757	PMC5539754.nxml.gz	PMC5539754.nxml.gz_94	19721	20048	031	CD	19898	19901	O	None	None	None
4758	PMC5539754.nxml.gz	PMC5539754.nxml.gz_94	19721	20048	),	JJ	19901	19903	O	None	None	None
4759	PMC5539754.nxml.gz	PMC5539754.nxml.gz_94	19721	20048	protein	NN	19904	19911	O	None	None	None
4760	PMC5539754.nxml.gz	PMC5539754.nxml.gz_94	19721	20048	(	(	19912	19913	O	None	None	None
4761	PMC5539754.nxml.gz	PMC5539754.nxml.gz_94	19721	20048	g	NN	19913	19914	O	None	None	None
4762	PMC5539754.nxml.gz	PMC5539754.nxml.gz_94	19721	20048	)	)	19914	19915	O	None	None	None
4763	PMC5539754.nxml.gz	PMC5539754.nxml.gz_94	19721	20048	(	(	19916	19917	O	None	None	None
4764	PMC5539754.nxml.gz	PMC5539754.nxml.gz_94	19721	20048	winter	NN	19917	19923	O	None	None	None
4765	PMC5539754.nxml.gz	PMC5539754.nxml.gz_94	19721	20048	vs	NN	19924	19926	O	None	None	None
4766	PMC5539754.nxml.gz	PMC5539754.nxml.gz_94	19721	20048	.	.	19926	19927	O	None	None	None
4767	PMC5539754.nxml.gz	PMC5539754.nxml.gz_94	19721	20048	summer	NN	19928	19934	O	None	None	None
4768	PMC5539754.nxml.gz	PMC5539754.nxml.gz_94	19721	20048	;	:	19934	19935	O	None	None	None
4769	PMC5539754.nxml.gz	PMC5539754.nxml.gz_94	19721	20048	74	CD	19936	19938	O	None	None	None
4770	PMC5539754.nxml.gz	PMC5539754.nxml.gz_94	19721	20048	.	.	19938	19939	O	None	None	None
4771	PMC5539754.nxml.gz	PMC5539754.nxml.gz_94	19721	20048	4	CD	19939	19940	O	None	None	None
4772	PMC5539754.nxml.gz	PMC5539754.nxml.gz_94	19721	20048	±	JJ	19941	19942	O	None	None	None
4773	PMC5539754.nxml.gz	PMC5539754.nxml.gz_94	19721	20048	17	CD	19943	19945	O	None	None	None
4774	PMC5539754.nxml.gz	PMC5539754.nxml.gz_94	19721	20048	.	.	19945	19946	O	None	None	None
4775	PMC5539754.nxml.gz	PMC5539754.nxml.gz_94	19721	20048	4	CD	19946	19947	O	None	None	None
4776	PMC5539754.nxml.gz	PMC5539754.nxml.gz_94	19721	20048	vs	JJ	19948	19950	O	None	None	None
4777	PMC5539754.nxml.gz	PMC5539754.nxml.gz_94	19721	20048	79	CD	19951	19953	O	None	None	None
4778	PMC5539754.nxml.gz	PMC5539754.nxml.gz_94	19721	20048	.	.	19953	19954	O	None	None	None
4779	PMC5539754.nxml.gz	PMC5539754.nxml.gz_94	19721	20048	7	CD	19954	19955	O	None	None	None
4780	PMC5539754.nxml.gz	PMC5539754.nxml.gz_94	19721	20048	±	JJ	19956	19957	O	None	None	None
4781	PMC5539754.nxml.gz	PMC5539754.nxml.gz_94	19721	20048	20	CD	19958	19960	O	None	None	None
4782	PMC5539754.nxml.gz	PMC5539754.nxml.gz_94	19721	20048	.	.	19960	19961	O	None	None	None
4783	PMC5539754.nxml.gz	PMC5539754.nxml.gz_94	19721	20048	7	CD	19961	19962	O	None	None	None
4784	PMC5539754.nxml.gz	PMC5539754.nxml.gz_94	19721	20048	,	,	19962	19963	O	None	None	None
4785	PMC5539754.nxml.gz	PMC5539754.nxml.gz_94	19721	20048	P	NNP	19964	19965	O	None	None	None
4786	PMC5539754.nxml.gz	PMC5539754.nxml.gz_94	19721	20048	=	VBZ	19967	19968	O	None	None	None
4787	PMC5539754.nxml.gz	PMC5539754.nxml.gz_94	19721	20048	0	CD	19969	19970	O	None	None	None
4788	PMC5539754.nxml.gz	PMC5539754.nxml.gz_94	19721	20048	.	.	19970	19971	O	None	None	None
4789	PMC5539754.nxml.gz	PMC5539754.nxml.gz_94	19721	20048	023	CD	19971	19974	O	None	None	None
4790	PMC5539754.nxml.gz	PMC5539754.nxml.gz_94	19721	20048	)	)	19974	19975	O	None	None	None
4791	PMC5539754.nxml.gz	PMC5539754.nxml.gz_94	19721	20048	and	CC	19976	19979	O	None	None	None
4792	PMC5539754.nxml.gz	PMC5539754.nxml.gz_94	19721	20048	fat	JJ	19980	19983	O	None	None	None
4793	PMC5539754.nxml.gz	PMC5539754.nxml.gz_94	19721	20048	(	(	19984	19985	O	None	None	None
4794	PMC5539754.nxml.gz	PMC5539754.nxml.gz_94	19721	20048	g	NN	19985	19986	O	None	None	None
4795	PMC5539754.nxml.gz	PMC5539754.nxml.gz_94	19721	20048	)	)	19986	19987	O	None	None	None
4796	PMC5539754.nxml.gz	PMC5539754.nxml.gz_94	19721	20048	(	(	19988	19989	O	None	None	None
4797	PMC5539754.nxml.gz	PMC5539754.nxml.gz_94	19721	20048	winter	NN	19989	19995	O	None	None	None
4798	PMC5539754.nxml.gz	PMC5539754.nxml.gz_94	19721	20048	vs	NN	19996	19998	O	None	None	None
4799	PMC5539754.nxml.gz	PMC5539754.nxml.gz_94	19721	20048	.	.	19998	19999	O	None	None	None
4800	PMC5539754.nxml.gz	PMC5539754.nxml.gz_94	19721	20048	summer	NN	20000	20006	O	None	None	None
4801	PMC5539754.nxml.gz	PMC5539754.nxml.gz_94	19721	20048	;	:	20006	20007	O	None	None	None
4802	PMC5539754.nxml.gz	PMC5539754.nxml.gz_94	19721	20048	69	CD	20008	20010	O	None	None	None
4803	PMC5539754.nxml.gz	PMC5539754.nxml.gz_94	19721	20048	.	.	20010	20011	O	None	None	None
4804	PMC5539754.nxml.gz	PMC5539754.nxml.gz_94	19721	20048	9	CD	20011	20012	O	None	None	None
4805	PMC5539754.nxml.gz	PMC5539754.nxml.gz_94	19721	20048	±	JJ	20013	20014	O	None	None	None
4806	PMC5539754.nxml.gz	PMC5539754.nxml.gz_94	19721	20048	19	CD	20015	20017	O	None	None	None
4807	PMC5539754.nxml.gz	PMC5539754.nxml.gz_94	19721	20048	.	.	20017	20018	O	None	None	None
4808	PMC5539754.nxml.gz	PMC5539754.nxml.gz_94	19721	20048	7	CD	20018	20019	O	None	None	None
4809	PMC5539754.nxml.gz	PMC5539754.nxml.gz_94	19721	20048	vs	JJ	20020	20022	O	None	None	None
4810	PMC5539754.nxml.gz	PMC5539754.nxml.gz_94	19721	20048	77	CD	20023	20025	O	None	None	None
4811	PMC5539754.nxml.gz	PMC5539754.nxml.gz_94	19721	20048	.	.	20025	20026	O	None	None	None
4812	PMC5539754.nxml.gz	PMC5539754.nxml.gz_94	19721	20048	2	CD	20026	20027	O	None	None	None
4813	PMC5539754.nxml.gz	PMC5539754.nxml.gz_94	19721	20048	±	JJ	20028	20029	O	None	None	None
4814	PMC5539754.nxml.gz	PMC5539754.nxml.gz_94	19721	20048	22	CD	20030	20032	O	None	None	None
4815	PMC5539754.nxml.gz	PMC5539754.nxml.gz_94	19721	20048	.	.	20032	20033	O	None	None	None
4816	PMC5539754.nxml.gz	PMC5539754.nxml.gz_94	19721	20048	8	CD	20033	20034	O	None	None	None
4817	PMC5539754.nxml.gz	PMC5539754.nxml.gz_94	19721	20048	,	,	20034	20035	O	None	None	None
4818	PMC5539754.nxml.gz	PMC5539754.nxml.gz_94	19721	20048	P	NNP	20036	20037	O	None	None	None
4819	PMC5539754.nxml.gz	PMC5539754.nxml.gz_94	19721	20048	=	VBZ	20039	20040	O	None	None	None
4820	PMC5539754.nxml.gz	PMC5539754.nxml.gz_94	19721	20048	0	CD	20041	20042	O	None	None	None
4821	PMC5539754.nxml.gz	PMC5539754.nxml.gz_94	19721	20048	.	.	20042	20043	O	None	None	None
4822	PMC5539754.nxml.gz	PMC5539754.nxml.gz_94	19721	20048	005	CD	20043	20046	O	None	None	None
4823	PMC5539754.nxml.gz	PMC5539754.nxml.gz_94	19721	20048	).	NN	20046	20048	O	None	None	None
4824	PMC5539754.nxml.gz	PMC5539754.nxml.gz_95	20049	20163	Physical	JJ	20049	20057	O	None	None	None
4825	PMC5539754.nxml.gz	PMC5539754.nxml.gz_95	20049	20163	activity	NN	20058	20066	O	None	None	None
4826	PMC5539754.nxml.gz	PMC5539754.nxml.gz_95	20049	20163	and	CC	20067	20070	O	None	None	None
4827	PMC5539754.nxml.gz	PMC5539754.nxml.gz_95	20049	20163	emotional	JJ	20071	20080	O	None	None	None
4828	PMC5539754.nxml.gz	PMC5539754.nxml.gz_95	20049	20163	well	NN	20081	20085	O	None	None	None
4829	PMC5539754.nxml.gz	PMC5539754.nxml.gz_95	20049	20163	-	:	20085	20086	O	None	None	None
4830	PMC5539754.nxml.gz	PMC5539754.nxml.gz_95	20049	20163	being	VBG	20086	20091	O	None	None	None
4831	PMC5539754.nxml.gz	PMC5539754.nxml.gz_95	20049	20163	scores	NNS	20092	20098	O	None	None	None
4832	PMC5539754.nxml.gz	PMC5539754.nxml.gz_95	20049	20163	were	VBD	20099	20103	O	None	None	None
4833	PMC5539754.nxml.gz	PMC5539754.nxml.gz_95	20049	20163	similar	JJ	20104	20111	O	None	None	None
4834	PMC5539754.nxml.gz	PMC5539754.nxml.gz_95	20049	20163	between	IN	20112	20119	O	None	None	None
4835	PMC5539754.nxml.gz	PMC5539754.nxml.gz_95	20049	20163	extended	VBN	20120	20128	O	None	None	None
4836	PMC5539754.nxml.gz	PMC5539754.nxml.gz_95	20049	20163	winter	NN	20129	20135	O	None	None	None
4837	PMC5539754.nxml.gz	PMC5539754.nxml.gz_95	20049	20163	and	CC	20136	20139	O	None	None	None
4838	PMC5539754.nxml.gz	PMC5539754.nxml.gz_95	20049	20163	extended	VBD	20140	20148	O	None	None	None
4839	PMC5539754.nxml.gz	PMC5539754.nxml.gz_95	20049	20163	summer	NN	20149	20155	O	None	None	None
4840	PMC5539754.nxml.gz	PMC5539754.nxml.gz_95	20049	20163	groups	NNS	20156	20162	O	None	None	None
4841	PMC5539754.nxml.gz	PMC5539754.nxml.gz_95	20049	20163	.	.	20162	20163	O	None	None	None
4842	PMC5539754.nxml.gz	PMC5539754.nxml.gz_96	20165	20582	Adjusted	VBN	20165	20173	O	None	None	None
4843	PMC5539754.nxml.gz	PMC5539754.nxml.gz_96	20165	20582	analysis	NN	20174	20182	O	None	None	None
4844	PMC5539754.nxml.gz	PMC5539754.nxml.gz_96	20165	20582	(	(	20183	20184	O	None	None	None
4845	PMC5539754.nxml.gz	PMC5539754.nxml.gz_96	20165	20582	model	FW	20184	20189	O	None	None	None
4846	PMC5539754.nxml.gz	PMC5539754.nxml.gz_96	20165	20582	2	CD	20190	20191	O	None	None	None
4847	PMC5539754.nxml.gz	PMC5539754.nxml.gz_96	20165	20582	)	)	20191	20192	O	None	None	None
4848	PMC5539754.nxml.gz	PMC5539754.nxml.gz_96	20165	20582	–	NN	20193	20194	O	None	None	None
4849	PMC5539754.nxml.gz	PMC5539754.nxml.gz_96	20165	20582	25OHD	CD	20195	20200	O	None	None	None
4850	PMC5539754.nxml.gz	PMC5539754.nxml.gz_96	20165	20582	,	,	20200	20201	O	None	None	None
4851	PMC5539754.nxml.gz	PMC5539754.nxml.gz_96	20165	20582	season	NN	20202	20208	O	None	None	None
4852	PMC5539754.nxml.gz	PMC5539754.nxml.gz_96	20165	20582	and	CC	20209	20212	O	None	None	None
4853	PMC5539754.nxml.gz	PMC5539754.nxml.gz_96	20165	20582	markers	NNS	20213	20220	O	None	None	None
4854	PMC5539754.nxml.gz	PMC5539754.nxml.gz_96	20165	20582	of	IN	20221	20223	O	None	None	None
4855	PMC5539754.nxml.gz	PMC5539754.nxml.gz_96	20165	20582	glucose	JJ	20224	20231	O	None	None	None
4856	PMC5539754.nxml.gz	PMC5539754.nxml.gz_96	20165	20582	metabolism	NN	20232	20242	O	None	None	None
4857	PMC5539754.nxml.gz	PMC5539754.nxml.gz_96	20165	20582	The	DT	20243	20246	O	None	None	None
4858	PMC5539754.nxml.gz	PMC5539754.nxml.gz_96	20165	20582	final	JJ	20247	20252	O	None	None	None
4859	PMC5539754.nxml.gz	PMC5539754.nxml.gz_96	20165	20582	adjusted	VBN	20253	20261	O	None	None	None
4860	PMC5539754.nxml.gz	PMC5539754.nxml.gz_96	20165	20582	,	,	20261	20262	O	None	None	None
4861	PMC5539754.nxml.gz	PMC5539754.nxml.gz_96	20165	20582	multiple	JJ	20263	20271	O	None	None	None
4862	PMC5539754.nxml.gz	PMC5539754.nxml.gz_96	20165	20582	linear	JJ	20272	20278	O	None	None	None
4863	PMC5539754.nxml.gz	PMC5539754.nxml.gz_96	20165	20582	regression	NN	20279	20289	O	None	None	None
4864	PMC5539754.nxml.gz	PMC5539754.nxml.gz_96	20165	20582	model	NN	20290	20295	O	None	None	None
4865	PMC5539754.nxml.gz	PMC5539754.nxml.gz_96	20165	20582	included	VBD	20296	20304	O	None	None	None
4866	PMC5539754.nxml.gz	PMC5539754.nxml.gz_96	20165	20582	extended	JJ	20305	20313	O	None	None	None
4867	PMC5539754.nxml.gz	PMC5539754.nxml.gz_96	20165	20582	winter	NN	20314	20320	O	None	None	None
4868	PMC5539754.nxml.gz	PMC5539754.nxml.gz_96	20165	20582	at	IN	20321	20323	O	None	None	None
4869	PMC5539754.nxml.gz	PMC5539754.nxml.gz_96	20165	20582	first	JJ	20324	20329	O	None	None	None
4870	PMC5539754.nxml.gz	PMC5539754.nxml.gz_96	20165	20582	antenatal	JJ	20330	20339	O	None	None	None
4871	PMC5539754.nxml.gz	PMC5539754.nxml.gz_96	20165	20582	visit	NN	20340	20345	O	None	None	None
4872	PMC5539754.nxml.gz	PMC5539754.nxml.gz_96	20165	20582	,	,	20345	20346	O	None	None	None
4873	PMC5539754.nxml.gz	PMC5539754.nxml.gz_96	20165	20582	25OHD	CD	20347	20352	O	None	None	None
4874	PMC5539754.nxml.gz	PMC5539754.nxml.gz_96	20165	20582	<	NN	20353	20354	O	None	None	None
4875	PMC5539754.nxml.gz	PMC5539754.nxml.gz_96	20165	20582	30	CD	20354	20356	O	None	None	None
4876	PMC5539754.nxml.gz	PMC5539754.nxml.gz_96	20165	20582	nmol	JJ	20357	20361	O	None	None	None
4877	PMC5539754.nxml.gz	PMC5539754.nxml.gz_96	20165	20582	/	NNP	20361	20362	O	None	None	None
4878	PMC5539754.nxml.gz	PMC5539754.nxml.gz_96	20165	20582	L	NNP	20362	20363	O	None	None	None
4879	PMC5539754.nxml.gz	PMC5539754.nxml.gz_96	20165	20582	,	,	20363	20364	O	None	None	None
4880	PMC5539754.nxml.gz	PMC5539754.nxml.gz_96	20165	20582	and	CC	20365	20368	O	None	None	None
4881	PMC5539754.nxml.gz	PMC5539754.nxml.gz_96	20165	20582	the	DT	20369	20372	O	None	None	None
4882	PMC5539754.nxml.gz	PMC5539754.nxml.gz_96	20165	20582	following	JJ	20373	20382	O	None	None	None
4883	PMC5539754.nxml.gz	PMC5539754.nxml.gz_96	20165	20582	confounders	NNS	20383	20394	O	None	None	None
4884	PMC5539754.nxml.gz	PMC5539754.nxml.gz_96	20165	20582	:	:	20394	20395	O	None	None	None
4885	PMC5539754.nxml.gz	PMC5539754.nxml.gz_96	20165	20582	BMI	NNP	20396	20399	O	None	None	None
4886	PMC5539754.nxml.gz	PMC5539754.nxml.gz_96	20165	20582	(	(	20400	20401	O	None	None	None
4887	PMC5539754.nxml.gz	PMC5539754.nxml.gz_96	20165	20582	kg	VB	20401	20403	O	None	None	None
4888	PMC5539754.nxml.gz	PMC5539754.nxml.gz_96	20165	20582	/	NNP	20403	20404	O	None	None	None
4889	PMC5539754.nxml.gz	PMC5539754.nxml.gz_96	20165	20582	m2	NN	20404	20406	O	None	None	None
4890	PMC5539754.nxml.gz	PMC5539754.nxml.gz_96	20165	20582	),	NNP	20406	20408	O	None	None	None
4891	PMC5539754.nxml.gz	PMC5539754.nxml.gz_96	20165	20582	education	NN	20409	20418	O	None	None	None
4892	PMC5539754.nxml.gz	PMC5539754.nxml.gz_96	20165	20582	,	,	20418	20419	O	None	None	None
4893	PMC5539754.nxml.gz	PMC5539754.nxml.gz_96	20165	20582	being	VBG	20420	20425	O	None	None	None
4894	PMC5539754.nxml.gz	PMC5539754.nxml.gz_96	20165	20582	part	NN	20426	20430	O	None	None	None
4895	PMC5539754.nxml.gz	PMC5539754.nxml.gz_96	20165	20582	of	IN	20431	20433	O	None	None	None
4896	PMC5539754.nxml.gz	PMC5539754.nxml.gz_96	20165	20582	the	DT	20434	20437	O	None	None	None
4897	PMC5539754.nxml.gz	PMC5539754.nxml.gz_96	20165	20582	ROLO	NNP	20438	20442	O	None	None	None
4898	PMC5539754.nxml.gz	PMC5539754.nxml.gz_96	20165	20582	study	NN	20443	20448	O	None	None	None
4899	PMC5539754.nxml.gz	PMC5539754.nxml.gz_96	20165	20582	intervention	NN	20449	20461	O	None	None	None
4900	PMC5539754.nxml.gz	PMC5539754.nxml.gz_96	20165	20582	group	NN	20462	20467	O	None	None	None
4901	PMC5539754.nxml.gz	PMC5539754.nxml.gz_96	20165	20582	,	,	20467	20468	O	None	None	None
4902	PMC5539754.nxml.gz	PMC5539754.nxml.gz_96	20165	20582	early	JJ	20469	20474	O	None	None	None
4903	PMC5539754.nxml.gz	PMC5539754.nxml.gz_96	20165	20582	-	:	20474	20475	O	None	None	None
4904	PMC5539754.nxml.gz	PMC5539754.nxml.gz_96	20165	20582	pregnancy	NN	20475	20484	O	None	None	None
4905	PMC5539754.nxml.gz	PMC5539754.nxml.gz_96	20165	20582	energy	NN	20485	20491	O	None	None	None
4906	PMC5539754.nxml.gz	PMC5539754.nxml.gz_96	20165	20582	(	(	20492	20493	O	None	None	None
4907	PMC5539754.nxml.gz	PMC5539754.nxml.gz_96	20165	20582	kcal	JJ	20493	20497	O	None	None	None
4908	PMC5539754.nxml.gz	PMC5539754.nxml.gz_96	20165	20582	),	NN	20497	20499	O	None	None	None
4909	PMC5539754.nxml.gz	PMC5539754.nxml.gz_96	20165	20582	protein	NN	20500	20507	O	None	None	None
4910	PMC5539754.nxml.gz	PMC5539754.nxml.gz_96	20165	20582	(	(	20508	20509	O	None	None	None
4911	PMC5539754.nxml.gz	PMC5539754.nxml.gz_96	20165	20582	g	NN	20509	20510	O	None	None	None
4912	PMC5539754.nxml.gz	PMC5539754.nxml.gz_96	20165	20582	)	)	20510	20511	O	None	None	None
4913	PMC5539754.nxml.gz	PMC5539754.nxml.gz_96	20165	20582	and	CC	20512	20515	O	None	None	None
4914	PMC5539754.nxml.gz	PMC5539754.nxml.gz_96	20165	20582	fat	JJ	20516	20519	O	None	None	None
4915	PMC5539754.nxml.gz	PMC5539754.nxml.gz_96	20165	20582	(	(	20520	20521	O	None	None	None
4916	PMC5539754.nxml.gz	PMC5539754.nxml.gz_96	20165	20582	g	JJ	20521	20522	O	None	None	None
4917	PMC5539754.nxml.gz	PMC5539754.nxml.gz_96	20165	20582	),	NNP	20522	20524	O	None	None	None
4918	PMC5539754.nxml.gz	PMC5539754.nxml.gz_96	20165	20582	physical	JJ	20525	20533	O	None	None	None
4919	PMC5539754.nxml.gz	PMC5539754.nxml.gz_96	20165	20582	activity	NN	20534	20542	O	None	None	None
4920	PMC5539754.nxml.gz	PMC5539754.nxml.gz_96	20165	20582	and	CC	20543	20546	O	None	None	None
4921	PMC5539754.nxml.gz	PMC5539754.nxml.gz_96	20165	20582	well	RB	20547	20551	O	None	None	None
4922	PMC5539754.nxml.gz	PMC5539754.nxml.gz_96	20165	20582	-	:	20551	20552	O	None	None	None
4923	PMC5539754.nxml.gz	PMC5539754.nxml.gz_96	20165	20582	being	VBG	20552	20557	O	None	None	None
4924	PMC5539754.nxml.gz	PMC5539754.nxml.gz_96	20165	20582	score	NN	20558	20563	O	None	None	None
4925	PMC5539754.nxml.gz	PMC5539754.nxml.gz_96	20165	20582	(	(	20564	20565	O	None	None	None
4926	PMC5539754.nxml.gz	PMC5539754.nxml.gz_96	20165	20582	Model	NNP	20565	20570	O	None	None	None
4927	PMC5539754.nxml.gz	PMC5539754.nxml.gz_96	20165	20582	2	CD	20571	20572	O	None	None	None
4928	PMC5539754.nxml.gz	PMC5539754.nxml.gz_96	20165	20582	,	,	20572	20573	O	None	None	None
4929	PMC5539754.nxml.gz	PMC5539754.nxml.gz_96	20165	20582	Table4	NNP	20574	20580	O	None	None	None
4930	PMC5539754.nxml.gz	PMC5539754.nxml.gz_96	20165	20582	).	NNP	20580	20582	O	None	None	None
4931	PMC5539754.nxml.gz	PMC5539754.nxml.gz_97	20583	20813	Compared	VBN	20583	20591	O	None	None	None
4932	PMC5539754.nxml.gz	PMC5539754.nxml.gz_97	20583	20813	to	TO	20592	20594	O	None	None	None
4933	PMC5539754.nxml.gz	PMC5539754.nxml.gz_97	20583	20813	those	DT	20595	20600	O	None	None	None
4934	PMC5539754.nxml.gz	PMC5539754.nxml.gz_97	20583	20813	who	WP	20601	20604	O	None	None	None
4935	PMC5539754.nxml.gz	PMC5539754.nxml.gz_97	20583	20813	attended	VBD	20605	20613	O	None	None	None
4936	PMC5539754.nxml.gz	PMC5539754.nxml.gz_97	20583	20813	their	PRP$	20614	20619	O	None	None	None
4937	PMC5539754.nxml.gz	PMC5539754.nxml.gz_97	20583	20813	first	JJ	20620	20625	O	None	None	None
4938	PMC5539754.nxml.gz	PMC5539754.nxml.gz_97	20583	20813	antenatal	JJ	20626	20635	O	None	None	None
4939	PMC5539754.nxml.gz	PMC5539754.nxml.gz_97	20583	20813	visit	NN	20636	20641	O	None	None	None
4940	PMC5539754.nxml.gz	PMC5539754.nxml.gz_97	20583	20813	during	IN	20642	20648	O	None	None	None
4941	PMC5539754.nxml.gz	PMC5539754.nxml.gz_97	20583	20813	extended	JJ	20649	20657	O	None	None	None
4942	PMC5539754.nxml.gz	PMC5539754.nxml.gz_97	20583	20813	summer	NN	20658	20664	O	None	None	None
4943	PMC5539754.nxml.gz	PMC5539754.nxml.gz_97	20583	20813	,	,	20664	20665	O	None	None	None
4944	PMC5539754.nxml.gz	PMC5539754.nxml.gz_97	20583	20813	extended	VBD	20666	20674	O	None	None	None
4945	PMC5539754.nxml.gz	PMC5539754.nxml.gz_97	20583	20813	winter	NN	20675	20681	O	None	None	None
4946	PMC5539754.nxml.gz	PMC5539754.nxml.gz_97	20583	20813	was	VBD	20682	20685	O	None	None	None
4947	PMC5539754.nxml.gz	PMC5539754.nxml.gz_97	20583	20813	associated	VBN	20686	20696	O	None	None	None
4948	PMC5539754.nxml.gz	PMC5539754.nxml.gz_97	20583	20813	with	IN	20697	20701	O	None	None	None
4949	PMC5539754.nxml.gz	PMC5539754.nxml.gz_97	20583	20813	increased	VBN	20702	20711	O	None	None	None
4950	PMC5539754.nxml.gz	PMC5539754.nxml.gz_97	20583	20813	early	JJ	20712	20717	O	None	None	None
4951	PMC5539754.nxml.gz	PMC5539754.nxml.gz_97	20583	20813	-	:	20717	20718	O	None	None	None
4952	PMC5539754.nxml.gz	PMC5539754.nxml.gz_97	20583	20813	pregnancy	NN	20718	20727	O	None	None	None
4953	PMC5539754.nxml.gz	PMC5539754.nxml.gz_97	20583	20813	HOMA	NNP	20728	20732	O	None	None	None
4954	PMC5539754.nxml.gz	PMC5539754.nxml.gz_97	20583	20813	-	:	20732	20733	O	None	None	None
4955	PMC5539754.nxml.gz	PMC5539754.nxml.gz_97	20583	20813	IR	NNP	20733	20735	O	None	None	None
4956	PMC5539754.nxml.gz	PMC5539754.nxml.gz_97	20583	20813	(	(	20736	20737	O	None	None	None
4957	PMC5539754.nxml.gz	PMC5539754.nxml.gz_97	20583	20813	46	CD	20737	20739	O	None	None	None
4958	PMC5539754.nxml.gz	PMC5539754.nxml.gz_97	20583	20813	.	.	20739	20740	O	None	None	None
4959	PMC5539754.nxml.gz	PMC5539754.nxml.gz_97	20583	20813	7	CD	20740	20741	O	None	None	None
4960	PMC5539754.nxml.gz	PMC5539754.nxml.gz_97	20583	20813	%)	NN	20741	20743	O	None	None	None
4961	PMC5539754.nxml.gz	PMC5539754.nxml.gz_97	20583	20813	and	CC	20744	20747	O	None	None	None
4962	PMC5539754.nxml.gz	PMC5539754.nxml.gz_97	20583	20813	insulin	NN	20748	20755	O	None	None	None
4963	PMC5539754.nxml.gz	PMC5539754.nxml.gz_97	20583	20813	(	(	20756	20757	O	None	None	None
4964	PMC5539754.nxml.gz	PMC5539754.nxml.gz_97	20583	20813	47	CD	20757	20759	O	None	None	None
4965	PMC5539754.nxml.gz	PMC5539754.nxml.gz_97	20583	20813	.	.	20759	20760	O	None	None	None
4966	PMC5539754.nxml.gz	PMC5539754.nxml.gz_97	20583	20813	6	CD	20760	20761	O	None	None	None
4967	PMC5539754.nxml.gz	PMC5539754.nxml.gz_97	20583	20813	%),	JJ	20761	20764	O	None	None	None
4968	PMC5539754.nxml.gz	PMC5539754.nxml.gz_97	20583	20813	independent	JJ	20765	20776	O	None	None	None
4969	PMC5539754.nxml.gz	PMC5539754.nxml.gz_97	20583	20813	of	IN	20777	20779	O	None	None	None
4970	PMC5539754.nxml.gz	PMC5539754.nxml.gz_97	20583	20813	25OHD	CD	20780	20785	O	None	None	None
4971	PMC5539754.nxml.gz	PMC5539754.nxml.gz_97	20583	20813	<	JJ	20786	20787	O	None	None	None
4972	PMC5539754.nxml.gz	PMC5539754.nxml.gz_97	20583	20813	30	CD	20787	20789	O	None	None	None
4973	PMC5539754.nxml.gz	PMC5539754.nxml.gz_97	20583	20813	nmol	JJ	20790	20794	O	None	None	None
4974	PMC5539754.nxml.gz	PMC5539754.nxml.gz_97	20583	20813	/	NNP	20794	20795	O	None	None	None
4975	PMC5539754.nxml.gz	PMC5539754.nxml.gz_97	20583	20813	L	NNP	20795	20796	O	None	None	None
4976	PMC5539754.nxml.gz	PMC5539754.nxml.gz_97	20583	20813	and	CC	20797	20800	O	None	None	None
4977	PMC5539754.nxml.gz	PMC5539754.nxml.gz_97	20583	20813	confounders	NNS	20801	20812	O	None	None	None
4978	PMC5539754.nxml.gz	PMC5539754.nxml.gz_97	20583	20813	.	.	20812	20813	O	None	None	None
4979	PMC5539754.nxml.gz	PMC5539754.nxml.gz_98	20814	20981	The	DT	20814	20817	O	None	None	None
4980	PMC5539754.nxml.gz	PMC5539754.nxml.gz_98	20814	20981	early	JJ	20818	20823	O	None	None	None
4981	PMC5539754.nxml.gz	PMC5539754.nxml.gz_98	20814	20981	-	:	20823	20824	O	None	None	None
4982	PMC5539754.nxml.gz	PMC5539754.nxml.gz_98	20814	20981	pregnancy	NN	20824	20833	O	None	None	None
4983	PMC5539754.nxml.gz	PMC5539754.nxml.gz_98	20814	20981	exposure	NN	20834	20842	O	None	None	None
4984	PMC5539754.nxml.gz	PMC5539754.nxml.gz_98	20814	20981	to	TO	20843	20845	O	None	None	None
4985	PMC5539754.nxml.gz	PMC5539754.nxml.gz_98	20814	20981	extended	VBN	20846	20854	O	None	None	None
4986	PMC5539754.nxml.gz	PMC5539754.nxml.gz_98	20814	20981	winter	NN	20855	20861	O	None	None	None
4987	PMC5539754.nxml.gz	PMC5539754.nxml.gz_98	20814	20981	,	,	20861	20862	O	None	None	None
4988	PMC5539754.nxml.gz	PMC5539754.nxml.gz_98	20814	20981	compared	VBN	20863	20871	O	None	None	None
4989	PMC5539754.nxml.gz	PMC5539754.nxml.gz_98	20814	20981	to	TO	20872	20874	O	None	None	None
4990	PMC5539754.nxml.gz	PMC5539754.nxml.gz_98	20814	20981	extended	VB	20875	20883	O	None	None	None
4991	PMC5539754.nxml.gz	PMC5539754.nxml.gz_98	20814	20981	summer	NN	20884	20890	O	None	None	None
4992	PMC5539754.nxml.gz	PMC5539754.nxml.gz_98	20814	20981	,	,	20890	20891	O	None	None	None
4993	PMC5539754.nxml.gz	PMC5539754.nxml.gz_98	20814	20981	was	VBD	20892	20895	O	None	None	None
4994	PMC5539754.nxml.gz	PMC5539754.nxml.gz_98	20814	20981	also	RB	20896	20900	O	None	None	None
4995	PMC5539754.nxml.gz	PMC5539754.nxml.gz_98	20814	20981	associated	VBN	20901	20911	O	None	None	None
4996	PMC5539754.nxml.gz	PMC5539754.nxml.gz_98	20814	20981	with	IN	20912	20916	O	None	None	None
4997	PMC5539754.nxml.gz	PMC5539754.nxml.gz_98	20814	20981	increased	JJ	20917	20926	O	None	None	None
4998	PMC5539754.nxml.gz	PMC5539754.nxml.gz_98	20814	20981	HOMA	NNP	20927	20931	O	None	None	None
4999	PMC5539754.nxml.gz	PMC5539754.nxml.gz_98	20814	20981	-	:	20931	20932	O	None	None	None
5000	PMC5539754.nxml.gz	PMC5539754.nxml.gz_98	20814	20981	IR	NNP	20932	20934	O	None	None	None
5001	PMC5539754.nxml.gz	PMC5539754.nxml.gz_98	20814	20981	(	(	20935	20936	O	None	None	None
5002	PMC5539754.nxml.gz	PMC5539754.nxml.gz_98	20814	20981	53	CD	20936	20938	O	None	None	None
5003	PMC5539754.nxml.gz	PMC5539754.nxml.gz_98	20814	20981	.	.	20938	20939	O	None	None	None
5004	PMC5539754.nxml.gz	PMC5539754.nxml.gz_98	20814	20981	7	CD	20939	20940	O	None	None	None
5005	PMC5539754.nxml.gz	PMC5539754.nxml.gz_98	20814	20981	%)	NN	20940	20942	O	None	None	None
5006	PMC5539754.nxml.gz	PMC5539754.nxml.gz_98	20814	20981	and	CC	20943	20946	O	None	None	None
5007	PMC5539754.nxml.gz	PMC5539754.nxml.gz_98	20814	20981	insulin	NN	20947	20954	O	None	None	None
5008	PMC5539754.nxml.gz	PMC5539754.nxml.gz_98	20814	20981	(	(	20955	20956	O	None	None	None
5009	PMC5539754.nxml.gz	PMC5539754.nxml.gz_98	20814	20981	49	CD	20956	20958	O	None	None	None
5010	PMC5539754.nxml.gz	PMC5539754.nxml.gz_98	20814	20981	.	.	20958	20959	O	None	None	None
5011	PMC5539754.nxml.gz	PMC5539754.nxml.gz_98	20814	20981	5	CD	20959	20960	O	None	None	None
5012	PMC5539754.nxml.gz	PMC5539754.nxml.gz_98	20814	20981	%)	NN	20960	20962	O	None	None	None
5013	PMC5539754.nxml.gz	PMC5539754.nxml.gz_98	20814	20981	in	IN	20963	20965	O	None	None	None
5014	PMC5539754.nxml.gz	PMC5539754.nxml.gz_98	20814	20981	late	JJ	20966	20970	O	None	None	None
5015	PMC5539754.nxml.gz	PMC5539754.nxml.gz_98	20814	20981	pregnancy	NN	20971	20980	O	None	None	None
5016	PMC5539754.nxml.gz	PMC5539754.nxml.gz_98	20814	20981	.	.	20980	20981	O	None	None	None
5017	PMC5539754.nxml.gz	PMC5539754.nxml.gz_99	20982	21193	Early	JJ	20982	20987	O	None	None	None
5018	PMC5539754.nxml.gz	PMC5539754.nxml.gz_99	20982	21193	-	:	20987	20988	O	None	None	None
5019	PMC5539754.nxml.gz	PMC5539754.nxml.gz_99	20982	21193	pregnancy	NN	20988	20997	O	None	None	None
5020	PMC5539754.nxml.gz	PMC5539754.nxml.gz_99	20982	21193	25OHD	CD	20998	21003	O	None	None	None
5021	PMC5539754.nxml.gz	PMC5539754.nxml.gz_99	20982	21193	<	NN	21004	21005	O	None	None	None
5022	PMC5539754.nxml.gz	PMC5539754.nxml.gz_99	20982	21193	30	CD	21005	21007	O	None	None	None
5023	PMC5539754.nxml.gz	PMC5539754.nxml.gz_99	20982	21193	nmol	JJ	21008	21012	O	None	None	None
5024	PMC5539754.nxml.gz	PMC5539754.nxml.gz_99	20982	21193	/	NNP	21012	21013	O	None	None	None
5025	PMC5539754.nxml.gz	PMC5539754.nxml.gz_99	20982	21193	L	NNP	21013	21014	O	None	None	None
5026	PMC5539754.nxml.gz	PMC5539754.nxml.gz_99	20982	21193	and	CC	21015	21018	O	None	None	None
5027	PMC5539754.nxml.gz	PMC5539754.nxml.gz_99	20982	21193	exposure	NN	21019	21027	O	None	None	None
5028	PMC5539754.nxml.gz	PMC5539754.nxml.gz_99	20982	21193	to	TO	21028	21030	O	None	None	None
5029	PMC5539754.nxml.gz	PMC5539754.nxml.gz_99	20982	21193	extended	VBN	21031	21039	O	None	None	None
5030	PMC5539754.nxml.gz	PMC5539754.nxml.gz_99	20982	21193	winter	NN	21040	21046	O	None	None	None
5031	PMC5539754.nxml.gz	PMC5539754.nxml.gz_99	20982	21193	were	VBD	21047	21051	O	None	None	None
5032	PMC5539754.nxml.gz	PMC5539754.nxml.gz_99	20982	21193	independently	RB	21052	21065	O	None	None	None
5033	PMC5539754.nxml.gz	PMC5539754.nxml.gz_99	20982	21193	associated	VBN	21066	21076	O	None	None	None
5034	PMC5539754.nxml.gz	PMC5539754.nxml.gz_99	20982	21193	with	IN	21077	21081	O	None	None	None
5035	PMC5539754.nxml.gz	PMC5539754.nxml.gz_99	20982	21193	significantly	RB	21082	21095	O	None	None	None
5036	PMC5539754.nxml.gz	PMC5539754.nxml.gz_99	20982	21193	higher	JJR	21096	21102	O	None	None	None
5037	PMC5539754.nxml.gz	PMC5539754.nxml.gz_99	20982	21193	glucose	NN	21103	21110	O	None	None	None
5038	PMC5539754.nxml.gz	PMC5539754.nxml.gz_99	20982	21193	in	IN	21111	21113	O	None	None	None
5039	PMC5539754.nxml.gz	PMC5539754.nxml.gz_99	20982	21193	late	JJ	21114	21118	O	None	None	None
5040	PMC5539754.nxml.gz	PMC5539754.nxml.gz_99	20982	21193	pregnancy	NN	21119	21128	O	None	None	None
5041	PMC5539754.nxml.gz	PMC5539754.nxml.gz_99	20982	21193	(	(	21129	21130	O	None	None	None
5042	PMC5539754.nxml.gz	PMC5539754.nxml.gz_99	20982	21193	B	NNP	21130	21131	O	None	None	None
5043	PMC5539754.nxml.gz	PMC5539754.nxml.gz_99	20982	21193	=	RB	21132	21133	O	None	None	None
5044	PMC5539754.nxml.gz	PMC5539754.nxml.gz_99	20982	21193	0	CD	21134	21135	O	None	None	None
5045	PMC5539754.nxml.gz	PMC5539754.nxml.gz_99	20982	21193	.	.	21135	21136	O	None	None	None
5046	PMC5539754.nxml.gz	PMC5539754.nxml.gz_99	20982	21193	15	CD	21136	21138	O	None	None	None
5047	PMC5539754.nxml.gz	PMC5539754.nxml.gz_99	20982	21193	,	,	21138	21139	O	None	None	None
5048	PMC5539754.nxml.gz	PMC5539754.nxml.gz_99	20982	21193	and	CC	21140	21143	O	None	None	None
5049	PMC5539754.nxml.gz	PMC5539754.nxml.gz_99	20982	21193	0	CD	21144	21145	O	None	None	None
5050	PMC5539754.nxml.gz	PMC5539754.nxml.gz_99	20982	21193	.	.	21145	21146	O	None	None	None
5051	PMC5539754.nxml.gz	PMC5539754.nxml.gz_99	20982	21193	13	CD	21146	21148	O	None	None	None
5052	PMC5539754.nxml.gz	PMC5539754.nxml.gz_99	20982	21193	,	,	21148	21149	O	None	None	None
5053	PMC5539754.nxml.gz	PMC5539754.nxml.gz_99	20982	21193	respectively	RB	21150	21162	O	None	None	None
5054	PMC5539754.nxml.gz	PMC5539754.nxml.gz_99	20982	21193	),	JJ	21162	21164	O	None	None	None
5055	PMC5539754.nxml.gz	PMC5539754.nxml.gz_99	20982	21193	controlling	VBG	21165	21176	O	None	None	None
5056	PMC5539754.nxml.gz	PMC5539754.nxml.gz_99	20982	21193	for	IN	21177	21180	O	None	None	None
5057	PMC5539754.nxml.gz	PMC5539754.nxml.gz_99	20982	21193	confounders	NNS	21181	21192	O	None	None	None
5058	PMC5539754.nxml.gz	PMC5539754.nxml.gz_99	20982	21193	.	.	21192	21193	O	None	None	None
5059	PMC5539754.nxml.gz	PMC5539754.nxml.gz_100	21195	21531	Sensitivity	NN	21195	21206	O	None	None	None
5060	PMC5539754.nxml.gz	PMC5539754.nxml.gz_100	21195	21531	analysis	NN	21207	21215	O	None	None	None
5061	PMC5539754.nxml.gz	PMC5539754.nxml.gz_100	21195	21531	There	EX	21216	21221	O	None	None	None
5062	PMC5539754.nxml.gz	PMC5539754.nxml.gz_100	21195	21531	were	VBD	21222	21226	O	None	None	None
5063	PMC5539754.nxml.gz	PMC5539754.nxml.gz_100	21195	21531	no	DT	21227	21229	O	None	None	None
5064	PMC5539754.nxml.gz	PMC5539754.nxml.gz_100	21195	21531	significant	JJ	21230	21241	O	None	None	None
5065	PMC5539754.nxml.gz	PMC5539754.nxml.gz_100	21195	21531	changes	NNS	21242	21249	O	None	None	None
5066	PMC5539754.nxml.gz	PMC5539754.nxml.gz_100	21195	21531	in	IN	21250	21252	O	None	None	None
5067	PMC5539754.nxml.gz	PMC5539754.nxml.gz_100	21195	21531	the	DT	21253	21256	O	None	None	None
5068	PMC5539754.nxml.gz	PMC5539754.nxml.gz_100	21195	21531	multiple	JJ	21257	21265	O	None	None	None
5069	PMC5539754.nxml.gz	PMC5539754.nxml.gz_100	21195	21531	regression	NN	21266	21276	O	None	None	None
5070	PMC5539754.nxml.gz	PMC5539754.nxml.gz_100	21195	21531	models	NNS	21277	21283	O	None	None	None
5071	PMC5539754.nxml.gz	PMC5539754.nxml.gz_100	21195	21531	using	VBG	21284	21289	O	None	None	None
5072	PMC5539754.nxml.gz	PMC5539754.nxml.gz_100	21195	21531	different	JJ	21290	21299	O	None	None	None
5073	PMC5539754.nxml.gz	PMC5539754.nxml.gz_100	21195	21531	25OHD	CD	21300	21305	O	None	None	None
5074	PMC5539754.nxml.gz	PMC5539754.nxml.gz_100	21195	21531	variables	NNS	21306	21315	O	None	None	None
5075	PMC5539754.nxml.gz	PMC5539754.nxml.gz_100	21195	21531	as	IN	21316	21318	O	None	None	None
5076	PMC5539754.nxml.gz	PMC5539754.nxml.gz_100	21195	21531	independent	JJ	21319	21330	O	None	None	None
5077	PMC5539754.nxml.gz	PMC5539754.nxml.gz_100	21195	21531	variables	NNS	21331	21340	O	None	None	None
5078	PMC5539754.nxml.gz	PMC5539754.nxml.gz_100	21195	21531	associated	VBN	21341	21351	O	None	None	None
5079	PMC5539754.nxml.gz	PMC5539754.nxml.gz_100	21195	21531	with	IN	21352	21356	O	None	None	None
5080	PMC5539754.nxml.gz	PMC5539754.nxml.gz_100	21195	21531	markers	NNS	21357	21364	O	None	None	None
5081	PMC5539754.nxml.gz	PMC5539754.nxml.gz_100	21195	21531	of	IN	21365	21367	O	None	None	None
5082	PMC5539754.nxml.gz	PMC5539754.nxml.gz_100	21195	21531	glucose	JJ	21368	21375	O	None	None	None
5083	PMC5539754.nxml.gz	PMC5539754.nxml.gz_100	21195	21531	metabolism	NN	21376	21386	O	None	None	None
5084	PMC5539754.nxml.gz	PMC5539754.nxml.gz_100	21195	21531	;	:	21386	21387	O	None	None	None
5085	PMC5539754.nxml.gz	PMC5539754.nxml.gz_100	21195	21531	early	JJ	21388	21393	O	None	None	None
5086	PMC5539754.nxml.gz	PMC5539754.nxml.gz_100	21195	21531	pregnancy	NN	21394	21403	O	None	None	None
5087	PMC5539754.nxml.gz	PMC5539754.nxml.gz_100	21195	21531	25OHD	CD	21404	21409	O	None	None	None
5088	PMC5539754.nxml.gz	PMC5539754.nxml.gz_100	21195	21531	(	(	21410	21411	O	None	None	None
5089	PMC5539754.nxml.gz	PMC5539754.nxml.gz_100	21195	21531	continuous	JJ	21411	21421	O	None	None	None
5090	PMC5539754.nxml.gz	PMC5539754.nxml.gz_100	21195	21531	);	NN	21421	21423	O	None	None	None
5091	PMC5539754.nxml.gz	PMC5539754.nxml.gz_100	21195	21531	greater	JJR	21424	21431	O	None	None	None
5092	PMC5539754.nxml.gz	PMC5539754.nxml.gz_100	21195	21531	or	CC	21432	21434	O	None	None	None
5093	PMC5539754.nxml.gz	PMC5539754.nxml.gz_100	21195	21531	less	JJR	21435	21439	O	None	None	None
5094	PMC5539754.nxml.gz	PMC5539754.nxml.gz_100	21195	21531	than	IN	21440	21444	O	None	None	None
5095	PMC5539754.nxml.gz	PMC5539754.nxml.gz_100	21195	21531	50	CD	21445	21447	O	None	None	None
5096	PMC5539754.nxml.gz	PMC5539754.nxml.gz_100	21195	21531	nmol	JJ	21448	21452	O	None	None	None
5097	PMC5539754.nxml.gz	PMC5539754.nxml.gz_100	21195	21531	/	NN	21452	21453	O	None	None	None
5098	PMC5539754.nxml.gz	PMC5539754.nxml.gz_100	21195	21531	L	NNP	21453	21454	O	None	None	None
5099	PMC5539754.nxml.gz	PMC5539754.nxml.gz_100	21195	21531	(	(	21455	21456	O	None	None	None
5100	PMC5539754.nxml.gz	PMC5539754.nxml.gz_100	21195	21531	insufficiency	NN	21456	21469	O	None	None	None
5101	PMC5539754.nxml.gz	PMC5539754.nxml.gz_100	21195	21531	),	NNP	21469	21471	O	None	None	None
5102	PMC5539754.nxml.gz	PMC5539754.nxml.gz_100	21195	21531	greater	JJR	21472	21479	O	None	None	None
5103	PMC5539754.nxml.gz	PMC5539754.nxml.gz_100	21195	21531	or	CC	21480	21482	O	None	None	None
5104	PMC5539754.nxml.gz	PMC5539754.nxml.gz_100	21195	21531	less	JJR	21483	21487	O	None	None	None
5105	PMC5539754.nxml.gz	PMC5539754.nxml.gz_100	21195	21531	than	IN	21488	21492	O	None	None	None
5106	PMC5539754.nxml.gz	PMC5539754.nxml.gz_100	21195	21531	39	CD	21493	21495	O	None	None	None
5107	PMC5539754.nxml.gz	PMC5539754.nxml.gz_100	21195	21531	.	.	21495	21496	O	None	None	None
5108	PMC5539754.nxml.gz	PMC5539754.nxml.gz_100	21195	21531	2	CD	21496	21497	O	None	None	None
5109	PMC5539754.nxml.gz	PMC5539754.nxml.gz_100	21195	21531	nmol	JJ	21498	21502	O	None	None	None
5110	PMC5539754.nxml.gz	PMC5539754.nxml.gz_100	21195	21531	/	NN	21502	21503	O	None	None	None
5111	PMC5539754.nxml.gz	PMC5539754.nxml.gz_100	21195	21531	L	NNP	21503	21504	O	None	None	None
5112	PMC5539754.nxml.gz	PMC5539754.nxml.gz_100	21195	21531	(	(	21505	21506	O	None	None	None
5113	PMC5539754.nxml.gz	PMC5539754.nxml.gz_100	21195	21531	median	JJ	21506	21512	O	None	None	None
5114	PMC5539754.nxml.gz	PMC5539754.nxml.gz_100	21195	21531	)	)	21512	21513	O	None	None	None
5115	PMC5539754.nxml.gz	PMC5539754.nxml.gz_100	21195	21531	(	(	21514	21515	O	None	None	None
5116	PMC5539754.nxml.gz	PMC5539754.nxml.gz_100	21195	21531	data	NNS	21515	21519	O	None	None	None
5117	PMC5539754.nxml.gz	PMC5539754.nxml.gz_100	21195	21531	not	RB	21520	21523	O	None	None	None
5118	PMC5539754.nxml.gz	PMC5539754.nxml.gz_100	21195	21531	shown	VBN	21524	21529	O	None	None	None
5119	PMC5539754.nxml.gz	PMC5539754.nxml.gz_100	21195	21531	).	NN	21529	21531	O	None	None	None
5120	PMC5539754.nxml.gz	PMC5539754.nxml.gz_101	21532	21690	Model	NNP	21532	21537	O	None	None	None
5121	PMC5539754.nxml.gz	PMC5539754.nxml.gz_101	21532	21690	2	CD	21538	21539	O	None	None	None
5122	PMC5539754.nxml.gz	PMC5539754.nxml.gz_101	21532	21690	of	IN	21540	21542	O	None	None	None
5123	PMC5539754.nxml.gz	PMC5539754.nxml.gz_101	21532	21690	the	DT	21543	21546	O	None	None	None
5124	PMC5539754.nxml.gz	PMC5539754.nxml.gz_101	21532	21690	multiple	JJ	21547	21555	O	None	None	None
5125	PMC5539754.nxml.gz	PMC5539754.nxml.gz_101	21532	21690	linear	JJ	21556	21562	O	None	None	None
5126	PMC5539754.nxml.gz	PMC5539754.nxml.gz_101	21532	21690	regression	NN	21563	21573	O	None	None	None
5127	PMC5539754.nxml.gz	PMC5539754.nxml.gz_101	21532	21690	analysis	NN	21574	21582	O	None	None	None
5128	PMC5539754.nxml.gz	PMC5539754.nxml.gz_101	21532	21690	was	VBD	21583	21586	O	None	None	None
5129	PMC5539754.nxml.gz	PMC5539754.nxml.gz_101	21532	21690	additionally	RB	21587	21599	O	None	None	None
5130	PMC5539754.nxml.gz	PMC5539754.nxml.gz_101	21532	21690	controlled	VBN	21600	21610	O	None	None	None
5131	PMC5539754.nxml.gz	PMC5539754.nxml.gz_101	21532	21690	for	IN	21611	21614	O	None	None	None
5132	PMC5539754.nxml.gz	PMC5539754.nxml.gz_101	21532	21690	change	NN	21615	21621	O	None	None	None
5133	PMC5539754.nxml.gz	PMC5539754.nxml.gz_101	21532	21690	in	IN	21622	21624	O	None	None	None
5134	PMC5539754.nxml.gz	PMC5539754.nxml.gz_101	21532	21690	25OHD	CD	21625	21630	O	None	None	None
5135	PMC5539754.nxml.gz	PMC5539754.nxml.gz_101	21532	21690	from	IN	21631	21635	O	None	None	None
5136	PMC5539754.nxml.gz	PMC5539754.nxml.gz_101	21532	21690	early	RB	21636	21641	O	None	None	None
5137	PMC5539754.nxml.gz	PMC5539754.nxml.gz_101	21532	21690	to	TO	21642	21644	O	None	None	None
5138	PMC5539754.nxml.gz	PMC5539754.nxml.gz_101	21532	21690	late	JJ	21645	21649	O	None	None	None
5139	PMC5539754.nxml.gz	PMC5539754.nxml.gz_101	21532	21690	pregnancy	NN	21650	21659	O	None	None	None
5140	PMC5539754.nxml.gz	PMC5539754.nxml.gz_101	21532	21690	(	(	21660	21661	O	None	None	None
5141	PMC5539754.nxml.gz	PMC5539754.nxml.gz_101	21532	21690	Additional	JJ	21662	21672	O	None	None	None
5142	PMC5539754.nxml.gz	PMC5539754.nxml.gz_101	21532	21690	file1	NN	21673	21678	O	None	None	None
5143	PMC5539754.nxml.gz	PMC5539754.nxml.gz_101	21532	21690	:	:	21678	21679	O	None	None	None
5144	PMC5539754.nxml.gz	PMC5539754.nxml.gz_101	21532	21690	Table	JJ	21680	21685	O	None	None	None
5145	PMC5539754.nxml.gz	PMC5539754.nxml.gz_101	21532	21690	S3	NNP	21686	21688	O	None	None	None
5146	PMC5539754.nxml.gz	PMC5539754.nxml.gz_101	21532	21690	).	NN	21688	21690	O	None	None	None
5147	PMC5539754.nxml.gz	PMC5539754.nxml.gz_102	21691	21795	An	DT	21691	21693	O	None	None	None
5148	PMC5539754.nxml.gz	PMC5539754.nxml.gz_102	21691	21795	increase	NN	21694	21702	O	None	None	None
5149	PMC5539754.nxml.gz	PMC5539754.nxml.gz_102	21691	21795	in	IN	21703	21705	O	None	None	None
5150	PMC5539754.nxml.gz	PMC5539754.nxml.gz_102	21691	21795	25OHD	CD	21706	21711	O	None	None	None
5151	PMC5539754.nxml.gz	PMC5539754.nxml.gz_102	21691	21795	from	IN	21712	21716	O	None	None	None
5152	PMC5539754.nxml.gz	PMC5539754.nxml.gz_102	21691	21795	early	RB	21717	21722	O	None	None	None
5153	PMC5539754.nxml.gz	PMC5539754.nxml.gz_102	21691	21795	to	TO	21723	21725	O	None	None	None
5154	PMC5539754.nxml.gz	PMC5539754.nxml.gz_102	21691	21795	late	JJ	21726	21730	O	None	None	None
5155	PMC5539754.nxml.gz	PMC5539754.nxml.gz_102	21691	21795	pregnancy	NN	21731	21740	O	None	None	None
5156	PMC5539754.nxml.gz	PMC5539754.nxml.gz_102	21691	21795	was	VBD	21741	21744	O	None	None	None
5157	PMC5539754.nxml.gz	PMC5539754.nxml.gz_102	21691	21795	not	RB	21745	21748	O	None	None	None
5158	PMC5539754.nxml.gz	PMC5539754.nxml.gz_102	21691	21795	associated	VBN	21749	21759	O	None	None	None
5159	PMC5539754.nxml.gz	PMC5539754.nxml.gz_102	21691	21795	with	IN	21760	21764	O	None	None	None
5160	PMC5539754.nxml.gz	PMC5539754.nxml.gz_102	21691	21795	markers	NNS	21765	21772	O	None	None	None
5161	PMC5539754.nxml.gz	PMC5539754.nxml.gz_102	21691	21795	of	IN	21773	21775	O	None	None	None
5162	PMC5539754.nxml.gz	PMC5539754.nxml.gz_102	21691	21795	glucose	JJ	21776	21783	O	None	None	None
5163	PMC5539754.nxml.gz	PMC5539754.nxml.gz_102	21691	21795	metabolism	NN	21784	21794	O	None	None	None
5164	PMC5539754.nxml.gz	PMC5539754.nxml.gz_102	21691	21795	.	.	21794	21795	O	None	None	None
5165	PMC5539754.nxml.gz	PMC5539754.nxml.gz_103	21797	22009	Discussion	NN	21797	21807	O	None	None	None
5166	PMC5539754.nxml.gz	PMC5539754.nxml.gz_103	21797	22009	Exposure	NN	21808	21816	O	None	None	None
5167	PMC5539754.nxml.gz	PMC5539754.nxml.gz_103	21797	22009	to	TO	21817	21819	O	None	None	None
5168	PMC5539754.nxml.gz	PMC5539754.nxml.gz_103	21797	22009	extended	VBN	21820	21828	O	None	None	None
5169	PMC5539754.nxml.gz	PMC5539754.nxml.gz_103	21797	22009	winter	NN	21829	21835	O	None	None	None
5170	PMC5539754.nxml.gz	PMC5539754.nxml.gz_103	21797	22009	in	IN	21836	21838	O	None	None	None
5171	PMC5539754.nxml.gz	PMC5539754.nxml.gz_103	21797	22009	early	JJ	21839	21844	O	None	None	None
5172	PMC5539754.nxml.gz	PMC5539754.nxml.gz_103	21797	22009	pregnancy	NN	21845	21854	O	None	None	None
5173	PMC5539754.nxml.gz	PMC5539754.nxml.gz_103	21797	22009	is	VBZ	21855	21857	O	None	None	None
5174	PMC5539754.nxml.gz	PMC5539754.nxml.gz_103	21797	22009	associated	VBN	21858	21868	O	None	None	None
5175	PMC5539754.nxml.gz	PMC5539754.nxml.gz_103	21797	22009	with	IN	21869	21873	O	None	None	None
5176	PMC5539754.nxml.gz	PMC5539754.nxml.gz_103	21797	22009	increased	JJ	21874	21883	O	None	None	None
5177	PMC5539754.nxml.gz	PMC5539754.nxml.gz_103	21797	22009	insulin	NN	21884	21891	O	None	None	None
5178	PMC5539754.nxml.gz	PMC5539754.nxml.gz_103	21797	22009	resistance	NN	21892	21902	O	None	None	None
5179	PMC5539754.nxml.gz	PMC5539754.nxml.gz_103	21797	22009	in	IN	21903	21905	O	None	None	None
5180	PMC5539754.nxml.gz	PMC5539754.nxml.gz_103	21797	22009	early	JJ	21906	21911	O	None	None	None
5181	PMC5539754.nxml.gz	PMC5539754.nxml.gz_103	21797	22009	and	CC	21912	21915	O	None	None	None
5182	PMC5539754.nxml.gz	PMC5539754.nxml.gz_103	21797	22009	late	JJ	21916	21920	O	None	None	None
5183	PMC5539754.nxml.gz	PMC5539754.nxml.gz_103	21797	22009	pregnancy	NN	21921	21930	O	None	None	None
5184	PMC5539754.nxml.gz	PMC5539754.nxml.gz_103	21797	22009	,	,	21930	21931	O	None	None	None
5185	PMC5539754.nxml.gz	PMC5539754.nxml.gz_103	21797	22009	and	CC	21932	21935	O	None	None	None
5186	PMC5539754.nxml.gz	PMC5539754.nxml.gz_103	21797	22009	increased	VBD	21936	21945	O	None	None	None
5187	PMC5539754.nxml.gz	PMC5539754.nxml.gz_103	21797	22009	fasting	VBG	21946	21953	O	None	None	None
5188	PMC5539754.nxml.gz	PMC5539754.nxml.gz_103	21797	22009	glucose	RB	21954	21961	O	None	None	None
5189	PMC5539754.nxml.gz	PMC5539754.nxml.gz_103	21797	22009	in	IN	21962	21964	O	None	None	None
5190	PMC5539754.nxml.gz	PMC5539754.nxml.gz_103	21797	22009	late	JJ	21965	21969	O	None	None	None
5191	PMC5539754.nxml.gz	PMC5539754.nxml.gz_103	21797	22009	pregnancy	NN	21970	21979	O	None	None	None
5192	PMC5539754.nxml.gz	PMC5539754.nxml.gz_103	21797	22009	,	,	21979	21980	O	None	None	None
5193	PMC5539754.nxml.gz	PMC5539754.nxml.gz_103	21797	22009	independent	JJ	21981	21992	O	None	None	None
5194	PMC5539754.nxml.gz	PMC5539754.nxml.gz_103	21797	22009	of	IN	21993	21995	O	None	None	None
5195	PMC5539754.nxml.gz	PMC5539754.nxml.gz_103	21797	22009	25OHD	CD	21996	22001	O	None	None	None
5196	PMC5539754.nxml.gz	PMC5539754.nxml.gz_103	21797	22009	status	NN	22002	22008	O	None	None	None
5197	PMC5539754.nxml.gz	PMC5539754.nxml.gz_103	21797	22009	.	.	22008	22009	O	None	None	None
5198	PMC5539754.nxml.gz	PMC5539754.nxml.gz_104	22010	22172	Additionally	RB	22010	22022	O	None	None	None
5199	PMC5539754.nxml.gz	PMC5539754.nxml.gz_104	22010	22172	,	,	22022	22023	O	None	None	None
5200	PMC5539754.nxml.gz	PMC5539754.nxml.gz_104	22010	22172	those	DT	22024	22029	O	None	None	None
5201	PMC5539754.nxml.gz	PMC5539754.nxml.gz_104	22010	22172	at	IN	22030	22032	O	None	None	None
5202	PMC5539754.nxml.gz	PMC5539754.nxml.gz_104	22010	22172	risk	NN	22033	22037	O	None	None	None
5203	PMC5539754.nxml.gz	PMC5539754.nxml.gz_104	22010	22172	of	IN	22038	22040	O	None	None	None
5204	PMC5539754.nxml.gz	PMC5539754.nxml.gz_104	22010	22172	vitamin	NN	22041	22048	O	None	None	None
5205	PMC5539754.nxml.gz	PMC5539754.nxml.gz_104	22010	22172	D	NNP	22049	22050	O	None	None	None
5206	PMC5539754.nxml.gz	PMC5539754.nxml.gz_104	22010	22172	deficiency	NN	22051	22061	O	None	None	None
5207	PMC5539754.nxml.gz	PMC5539754.nxml.gz_104	22010	22172	in	IN	22062	22064	O	None	None	None
5208	PMC5539754.nxml.gz	PMC5539754.nxml.gz_104	22010	22172	early	JJ	22065	22070	O	None	None	None
5209	PMC5539754.nxml.gz	PMC5539754.nxml.gz_104	22010	22172	pregnancy	NN	22071	22080	O	None	None	None
5210	PMC5539754.nxml.gz	PMC5539754.nxml.gz_104	22010	22172	are	VBP	22081	22084	O	None	None	None
5211	PMC5539754.nxml.gz	PMC5539754.nxml.gz_104	22010	22172	more	RBR	22085	22089	O	None	None	None
5212	PMC5539754.nxml.gz	PMC5539754.nxml.gz_104	22010	22172	likely	JJ	22090	22096	O	None	None	None
5213	PMC5539754.nxml.gz	PMC5539754.nxml.gz_104	22010	22172	to	TO	22097	22099	O	None	None	None
5214	PMC5539754.nxml.gz	PMC5539754.nxml.gz_104	22010	22172	have	VB	22100	22104	O	None	None	None
5215	PMC5539754.nxml.gz	PMC5539754.nxml.gz_104	22010	22172	increased	VBN	22105	22114	O	None	None	None
5216	PMC5539754.nxml.gz	PMC5539754.nxml.gz_104	22010	22172	fasting	VBG	22115	22122	O	None	None	None
5217	PMC5539754.nxml.gz	PMC5539754.nxml.gz_104	22010	22172	glucose	RB	22123	22130	O	None	None	None
5218	PMC5539754.nxml.gz	PMC5539754.nxml.gz_104	22010	22172	in	IN	22131	22133	O	None	None	None
5219	PMC5539754.nxml.gz	PMC5539754.nxml.gz_104	22010	22172	late	JJ	22134	22138	O	None	None	None
5220	PMC5539754.nxml.gz	PMC5539754.nxml.gz_104	22010	22172	pregnancy	NN	22139	22148	O	None	None	None
5221	PMC5539754.nxml.gz	PMC5539754.nxml.gz_104	22010	22172	,	,	22148	22149	O	None	None	None
5222	PMC5539754.nxml.gz	PMC5539754.nxml.gz_104	22010	22172	independent	JJ	22150	22161	O	None	None	None
5223	PMC5539754.nxml.gz	PMC5539754.nxml.gz_104	22010	22172	of	IN	22162	22164	O	None	None	None
5224	PMC5539754.nxml.gz	PMC5539754.nxml.gz_104	22010	22172	season	NN	22165	22171	O	None	None	None
5225	PMC5539754.nxml.gz	PMC5539754.nxml.gz_104	22010	22172	.	.	22171	22172	O	None	None	None
5226	PMC5539754.nxml.gz	PMC5539754.nxml.gz_105	22173	22446	Given	VBN	22173	22178	O	None	None	None
5227	PMC5539754.nxml.gz	PMC5539754.nxml.gz_105	22173	22446	that	IN	22179	22183	O	None	None	None
5228	PMC5539754.nxml.gz	PMC5539754.nxml.gz_105	22173	22446	the	DT	22184	22187	O	None	None	None
5229	PMC5539754.nxml.gz	PMC5539754.nxml.gz_105	22173	22446	association	NN	22188	22199	O	None	None	None
5230	PMC5539754.nxml.gz	PMC5539754.nxml.gz_105	22173	22446	between	IN	22200	22207	O	None	None	None
5231	PMC5539754.nxml.gz	PMC5539754.nxml.gz_105	22173	22446	early	JJ	22208	22213	O	None	None	None
5232	PMC5539754.nxml.gz	PMC5539754.nxml.gz_105	22173	22446	gestation	NN	22214	22223	O	None	None	None
5233	PMC5539754.nxml.gz	PMC5539754.nxml.gz_105	22173	22446	through	IN	22224	22231	O	None	None	None
5234	PMC5539754.nxml.gz	PMC5539754.nxml.gz_105	22173	22446	extended	VBN	22232	22240	O	None	None	None
5235	PMC5539754.nxml.gz	PMC5539754.nxml.gz_105	22173	22446	winter	NN	22241	22247	O	None	None	None
5236	PMC5539754.nxml.gz	PMC5539754.nxml.gz_105	22173	22446	and	CC	22248	22251	O	None	None	None
5237	PMC5539754.nxml.gz	PMC5539754.nxml.gz_105	22173	22446	insulin	NN	22252	22259	O	None	None	None
5238	PMC5539754.nxml.gz	PMC5539754.nxml.gz_105	22173	22446	resistance	NN	22260	22270	O	None	None	None
5239	PMC5539754.nxml.gz	PMC5539754.nxml.gz_105	22173	22446	is	VBZ	22271	22273	O	None	None	None
5240	PMC5539754.nxml.gz	PMC5539754.nxml.gz_105	22173	22446	independent	JJ	22274	22285	O	None	None	None
5241	PMC5539754.nxml.gz	PMC5539754.nxml.gz_105	22173	22446	of	IN	22286	22288	O	None	None	None
5242	PMC5539754.nxml.gz	PMC5539754.nxml.gz_105	22173	22446	serum	JJ	22289	22294	O	None	None	None
5243	PMC5539754.nxml.gz	PMC5539754.nxml.gz_105	22173	22446	25OHD	CD	22295	22300	O	None	None	None
5244	PMC5539754.nxml.gz	PMC5539754.nxml.gz_105	22173	22446	<	JJ	22301	22302	O	None	None	None
5245	PMC5539754.nxml.gz	PMC5539754.nxml.gz_105	22173	22446	30	CD	22302	22304	O	None	None	None
5246	PMC5539754.nxml.gz	PMC5539754.nxml.gz_105	22173	22446	nmol	JJ	22305	22309	O	None	None	None
5247	PMC5539754.nxml.gz	PMC5539754.nxml.gz_105	22173	22446	/	NNP	22309	22310	O	None	None	None
5248	PMC5539754.nxml.gz	PMC5539754.nxml.gz_105	22173	22446	L	NNP	22310	22311	O	None	None	None
5249	PMC5539754.nxml.gz	PMC5539754.nxml.gz_105	22173	22446	,	,	22311	22312	O	None	None	None
5250	PMC5539754.nxml.gz	PMC5539754.nxml.gz_105	22173	22446	our	PRP$	22313	22316	O	None	None	None
5251	PMC5539754.nxml.gz	PMC5539754.nxml.gz_105	22173	22446	novel	JJ	22317	22322	O	None	None	None
5252	PMC5539754.nxml.gz	PMC5539754.nxml.gz_105	22173	22446	findings	NNS	22323	22331	O	None	None	None
5253	PMC5539754.nxml.gz	PMC5539754.nxml.gz_105	22173	22446	imply	VBP	22332	22337	O	None	None	None
5254	PMC5539754.nxml.gz	PMC5539754.nxml.gz_105	22173	22446	that	IN	22338	22342	O	None	None	None
5255	PMC5539754.nxml.gz	PMC5539754.nxml.gz_105	22173	22446	seasonal	JJ	22343	22351	O	None	None	None
5256	PMC5539754.nxml.gz	PMC5539754.nxml.gz_105	22173	22446	variation	NN	22352	22361	O	None	None	None
5257	PMC5539754.nxml.gz	PMC5539754.nxml.gz_105	22173	22446	in	IN	22362	22364	O	None	None	None
5258	PMC5539754.nxml.gz	PMC5539754.nxml.gz_105	22173	22446	insulin	NN	22365	22372	O	None	None	None
5259	PMC5539754.nxml.gz	PMC5539754.nxml.gz_105	22173	22446	resistance	NN	22373	22383	O	None	None	None
5260	PMC5539754.nxml.gz	PMC5539754.nxml.gz_105	22173	22446	may	MD	22384	22387	O	None	None	None
5261	PMC5539754.nxml.gz	PMC5539754.nxml.gz_105	22173	22446	not	RB	22388	22391	O	None	None	None
5262	PMC5539754.nxml.gz	PMC5539754.nxml.gz_105	22173	22446	be	VB	22392	22394	O	None	None	None
5263	PMC5539754.nxml.gz	PMC5539754.nxml.gz_105	22173	22446	fully	RB	22395	22400	O	None	None	None
5264	PMC5539754.nxml.gz	PMC5539754.nxml.gz_105	22173	22446	explained	VBN	22401	22410	O	None	None	None
5265	PMC5539754.nxml.gz	PMC5539754.nxml.gz_105	22173	22446	by	IN	22411	22413	O	None	None	None
5266	PMC5539754.nxml.gz	PMC5539754.nxml.gz_105	22173	22446	differences	NNS	22414	22425	O	None	None	None
5267	PMC5539754.nxml.gz	PMC5539754.nxml.gz_105	22173	22446	in	IN	22426	22428	O	None	None	None
5268	PMC5539754.nxml.gz	PMC5539754.nxml.gz_105	22173	22446	vitamin	NN	22429	22436	O	None	None	None
5269	PMC5539754.nxml.gz	PMC5539754.nxml.gz_105	22173	22446	D	NNP	22437	22438	O	None	None	None
5270	PMC5539754.nxml.gz	PMC5539754.nxml.gz_105	22173	22446	status	NN	22439	22445	O	None	None	None
5271	PMC5539754.nxml.gz	PMC5539754.nxml.gz_105	22173	22446	.	.	22445	22446	O	None	None	None
5272	PMC5539754.nxml.gz	PMC5539754.nxml.gz_106	22447	22560	Furthermore	RB	22447	22458	O	None	None	None
5273	PMC5539754.nxml.gz	PMC5539754.nxml.gz_106	22447	22560	,	,	22458	22459	O	None	None	None
5274	PMC5539754.nxml.gz	PMC5539754.nxml.gz_106	22447	22560	no	DT	22460	22462	O	None	None	None
5275	PMC5539754.nxml.gz	PMC5539754.nxml.gz_106	22447	22560	interaction	NN	22463	22474	O	None	None	None
5276	PMC5539754.nxml.gz	PMC5539754.nxml.gz_106	22447	22560	effect	NN	22475	22481	O	None	None	None
5277	PMC5539754.nxml.gz	PMC5539754.nxml.gz_106	22447	22560	was	VBD	22482	22485	O	None	None	None
5278	PMC5539754.nxml.gz	PMC5539754.nxml.gz_106	22447	22560	observed	VBN	22486	22494	O	None	None	None
5279	PMC5539754.nxml.gz	PMC5539754.nxml.gz_106	22447	22560	between	IN	22495	22502	O	None	None	None
5280	PMC5539754.nxml.gz	PMC5539754.nxml.gz_106	22447	22560	season	NN	22503	22509	O	None	None	None
5281	PMC5539754.nxml.gz	PMC5539754.nxml.gz_106	22447	22560	and	CC	22510	22513	O	None	None	None
5282	PMC5539754.nxml.gz	PMC5539754.nxml.gz_106	22447	22560	vitamin	NN	22514	22521	O	None	None	None
5283	PMC5539754.nxml.gz	PMC5539754.nxml.gz_106	22447	22560	D	NNP	22522	22523	O	None	None	None
5284	PMC5539754.nxml.gz	PMC5539754.nxml.gz_106	22447	22560	with	IN	22524	22528	O	None	None	None
5285	PMC5539754.nxml.gz	PMC5539754.nxml.gz_106	22447	22560	regards	NNS	22529	22536	O	None	None	None
5286	PMC5539754.nxml.gz	PMC5539754.nxml.gz_106	22447	22560	to	TO	22537	22539	O	None	None	None
5287	PMC5539754.nxml.gz	PMC5539754.nxml.gz_106	22447	22560	glucose	VB	22540	22547	O	None	None	None
5288	PMC5539754.nxml.gz	PMC5539754.nxml.gz_106	22447	22560	homeostasis	NN	22548	22559	O	None	None	None
5289	PMC5539754.nxml.gz	PMC5539754.nxml.gz_106	22447	22560	.	.	22559	22560	O	None	None	None
5290	PMC5539754.nxml.gz	PMC5539754.nxml.gz_107	22561	22815	Additionally	RB	22561	22573	O	None	None	None
5291	PMC5539754.nxml.gz	PMC5539754.nxml.gz_107	22561	22815	,	,	22573	22574	O	None	None	None
5292	PMC5539754.nxml.gz	PMC5539754.nxml.gz_107	22561	22815	lifestyle	JJ	22575	22584	O	None	None	None
5293	PMC5539754.nxml.gz	PMC5539754.nxml.gz_107	22561	22815	behaviours	NNS	22585	22595	O	None	None	None
5294	PMC5539754.nxml.gz	PMC5539754.nxml.gz_107	22561	22815	that	WDT	22596	22600	O	None	None	None
5295	PMC5539754.nxml.gz	PMC5539754.nxml.gz_107	22561	22815	may	MD	22601	22604	O	None	None	None
5296	PMC5539754.nxml.gz	PMC5539754.nxml.gz_107	22561	22815	be	VB	22605	22607	O	None	None	None
5297	PMC5539754.nxml.gz	PMC5539754.nxml.gz_107	22561	22815	influenced	VBN	22608	22618	O	None	None	None
5298	PMC5539754.nxml.gz	PMC5539754.nxml.gz_107	22561	22815	by	IN	22619	22621	O	None	None	None
5299	PMC5539754.nxml.gz	PMC5539754.nxml.gz_107	22561	22815	seasonal	JJ	22622	22630	O	None	None	None
5300	PMC5539754.nxml.gz	PMC5539754.nxml.gz_107	22561	22815	changes	NNS	22631	22638	O	None	None	None
5301	PMC5539754.nxml.gz	PMC5539754.nxml.gz_107	22561	22815	(	(	22639	22640	O	None	None	None
5302	PMC5539754.nxml.gz	PMC5539754.nxml.gz_107	22561	22815	dietary	JJ	22640	22647	O	None	None	None
5303	PMC5539754.nxml.gz	PMC5539754.nxml.gz_107	22561	22815	intakes	NNS	22648	22655	O	None	None	None
5304	PMC5539754.nxml.gz	PMC5539754.nxml.gz_107	22561	22815	,	,	22655	22656	O	None	None	None
5305	PMC5539754.nxml.gz	PMC5539754.nxml.gz_107	22561	22815	physical	JJ	22657	22665	O	None	None	None
5306	PMC5539754.nxml.gz	PMC5539754.nxml.gz_107	22561	22815	activity	NN	22666	22674	O	None	None	None
5307	PMC5539754.nxml.gz	PMC5539754.nxml.gz_107	22561	22815	,	,	22674	22675	O	None	None	None
5308	PMC5539754.nxml.gz	PMC5539754.nxml.gz_107	22561	22815	and	CC	22676	22679	O	None	None	None
5309	PMC5539754.nxml.gz	PMC5539754.nxml.gz_107	22561	22815	well	RB	22680	22684	O	None	None	None
5310	PMC5539754.nxml.gz	PMC5539754.nxml.gz_107	22561	22815	-	:	22684	22685	O	None	None	None
5311	PMC5539754.nxml.gz	PMC5539754.nxml.gz_107	22561	22815	being	VBG	22685	22690	O	None	None	None
5312	PMC5539754.nxml.gz	PMC5539754.nxml.gz_107	22561	22815	)	)	22690	22691	O	None	None	None
5313	PMC5539754.nxml.gz	PMC5539754.nxml.gz_107	22561	22815	did	VBD	22692	22695	O	None	None	None
5314	PMC5539754.nxml.gz	PMC5539754.nxml.gz_107	22561	22815	not	RB	22696	22699	O	None	None	None
5315	PMC5539754.nxml.gz	PMC5539754.nxml.gz_107	22561	22815	explain	VB	22700	22707	O	None	None	None
5316	PMC5539754.nxml.gz	PMC5539754.nxml.gz_107	22561	22815	the	DT	22708	22711	O	None	None	None
5317	PMC5539754.nxml.gz	PMC5539754.nxml.gz_107	22561	22815	associations	NNS	22712	22724	O	None	None	None
5318	PMC5539754.nxml.gz	PMC5539754.nxml.gz_107	22561	22815	between	IN	22725	22732	O	None	None	None
5319	PMC5539754.nxml.gz	PMC5539754.nxml.gz_107	22561	22815	exposure	NN	22733	22741	O	None	None	None
5320	PMC5539754.nxml.gz	PMC5539754.nxml.gz_107	22561	22815	to	TO	22742	22744	O	None	None	None
5321	PMC5539754.nxml.gz	PMC5539754.nxml.gz_107	22561	22815	winter	NN	22745	22751	O	None	None	None
5322	PMC5539754.nxml.gz	PMC5539754.nxml.gz_107	22561	22815	at	IN	22752	22754	O	None	None	None
5323	PMC5539754.nxml.gz	PMC5539754.nxml.gz_107	22561	22815	the	DT	22755	22758	O	None	None	None
5324	PMC5539754.nxml.gz	PMC5539754.nxml.gz_107	22561	22815	first	JJ	22759	22764	O	None	None	None
5325	PMC5539754.nxml.gz	PMC5539754.nxml.gz_107	22561	22815	antenatal	JJ	22765	22774	O	None	None	None
5326	PMC5539754.nxml.gz	PMC5539754.nxml.gz_107	22561	22815	visit	NN	22775	22780	O	None	None	None
5327	PMC5539754.nxml.gz	PMC5539754.nxml.gz_107	22561	22815	and	CC	22781	22784	O	None	None	None
5328	PMC5539754.nxml.gz	PMC5539754.nxml.gz_107	22561	22815	markers	NNS	22785	22792	O	None	None	None
5329	PMC5539754.nxml.gz	PMC5539754.nxml.gz_107	22561	22815	of	IN	22793	22795	O	None	None	None
5330	PMC5539754.nxml.gz	PMC5539754.nxml.gz_107	22561	22815	glucose	JJ	22796	22803	O	None	None	None
5331	PMC5539754.nxml.gz	PMC5539754.nxml.gz_107	22561	22815	metabolism	NN	22804	22814	O	None	None	None
5332	PMC5539754.nxml.gz	PMC5539754.nxml.gz_107	22561	22815	.	.	22814	22815	O	None	None	None
5333	PMC5539754.nxml.gz	PMC5539754.nxml.gz_108	22816	23165	Although	IN	22816	22824	O	None	None	None
5334	PMC5539754.nxml.gz	PMC5539754.nxml.gz_108	22816	23165	the	DT	22825	22828	O	None	None	None
5335	PMC5539754.nxml.gz	PMC5539754.nxml.gz_108	22816	23165	seasonal	JJ	22829	22837	O	None	None	None
5336	PMC5539754.nxml.gz	PMC5539754.nxml.gz_108	22816	23165	variation	NN	22838	22847	O	None	None	None
5337	PMC5539754.nxml.gz	PMC5539754.nxml.gz_108	22816	23165	observed	VBN	22848	22856	O	None	None	None
5338	PMC5539754.nxml.gz	PMC5539754.nxml.gz_108	22816	23165	in	IN	22857	22859	O	None	None	None
5339	PMC5539754.nxml.gz	PMC5539754.nxml.gz_108	22816	23165	insulin	NN	22860	22867	O	None	None	None
5340	PMC5539754.nxml.gz	PMC5539754.nxml.gz_108	22816	23165	resistance	NN	22868	22878	O	None	None	None
5341	PMC5539754.nxml.gz	PMC5539754.nxml.gz_108	22816	23165	may	MD	22879	22882	O	None	None	None
5342	PMC5539754.nxml.gz	PMC5539754.nxml.gz_108	22816	23165	be	VB	22883	22885	O	None	None	None
5343	PMC5539754.nxml.gz	PMC5539754.nxml.gz_108	22816	23165	caused	VBN	22886	22892	O	None	None	None
5344	PMC5539754.nxml.gz	PMC5539754.nxml.gz_108	22816	23165	by	IN	22893	22895	O	None	None	None
5345	PMC5539754.nxml.gz	PMC5539754.nxml.gz_108	22816	23165	unknown	JJ	22896	22903	O	None	None	None
5346	PMC5539754.nxml.gz	PMC5539754.nxml.gz_108	22816	23165	seasonal	JJ	22904	22912	O	None	None	None
5347	PMC5539754.nxml.gz	PMC5539754.nxml.gz_108	22816	23165	behaviours	NNS	22913	22923	O	None	None	None
5348	PMC5539754.nxml.gz	PMC5539754.nxml.gz_108	22816	23165	or	CC	22924	22926	O	None	None	None
5349	PMC5539754.nxml.gz	PMC5539754.nxml.gz_108	22816	23165	residual	JJ	22927	22935	O	None	None	None
5350	PMC5539754.nxml.gz	PMC5539754.nxml.gz_108	22816	23165	confounding	NN	22936	22947	O	None	None	None
5351	PMC5539754.nxml.gz	PMC5539754.nxml.gz_108	22816	23165	factors	NNS	22948	22955	O	None	None	None
5352	PMC5539754.nxml.gz	PMC5539754.nxml.gz_108	22816	23165	that	IN	22956	22960	O	None	None	None
5353	PMC5539754.nxml.gz	PMC5539754.nxml.gz_108	22816	23165	we	PRP	22961	22963	O	None	None	None
5354	PMC5539754.nxml.gz	PMC5539754.nxml.gz_108	22816	23165	have	VBP	22964	22968	O	None	None	None
5355	PMC5539754.nxml.gz	PMC5539754.nxml.gz_108	22816	23165	not	RB	22969	22972	O	None	None	None
5356	PMC5539754.nxml.gz	PMC5539754.nxml.gz_108	22816	23165	included	VBN	22973	22981	O	None	None	None
5357	PMC5539754.nxml.gz	PMC5539754.nxml.gz_108	22816	23165	in	IN	22982	22984	O	None	None	None
5358	PMC5539754.nxml.gz	PMC5539754.nxml.gz_108	22816	23165	this	DT	22985	22989	O	None	None	None
5359	PMC5539754.nxml.gz	PMC5539754.nxml.gz_108	22816	23165	analysis	NN	22990	22998	O	None	None	None
5360	PMC5539754.nxml.gz	PMC5539754.nxml.gz_108	22816	23165	,	,	22998	22999	O	None	None	None
5361	PMC5539754.nxml.gz	PMC5539754.nxml.gz_108	22816	23165	it	PRP	23000	23002	O	None	None	None
5362	PMC5539754.nxml.gz	PMC5539754.nxml.gz_108	22816	23165	is	VBZ	23003	23005	O	None	None	None
5363	PMC5539754.nxml.gz	PMC5539754.nxml.gz_108	22816	23165	possible	JJ	23006	23014	O	None	None	None
5364	PMC5539754.nxml.gz	PMC5539754.nxml.gz_108	22816	23165	that	IN	23015	23019	O	None	None	None
5365	PMC5539754.nxml.gz	PMC5539754.nxml.gz_108	22816	23165	there	EX	23020	23025	O	None	None	None
5366	PMC5539754.nxml.gz	PMC5539754.nxml.gz_108	22816	23165	is	VBZ	23026	23028	O	None	None	None
5367	PMC5539754.nxml.gz	PMC5539754.nxml.gz_108	22816	23165	an	DT	23029	23031	O	None	None	None
5368	PMC5539754.nxml.gz	PMC5539754.nxml.gz_108	22816	23165	unequivocal	JJ	23032	23043	O	None	None	None
5369	PMC5539754.nxml.gz	PMC5539754.nxml.gz_108	22816	23165	seasonal	JJ	23044	23052	O	None	None	None
5370	PMC5539754.nxml.gz	PMC5539754.nxml.gz_108	22816	23165	cause	NN	23053	23058	O	None	None	None
5371	PMC5539754.nxml.gz	PMC5539754.nxml.gz_108	22816	23165	or	CC	23059	23061	O	None	None	None
5372	PMC5539754.nxml.gz	PMC5539754.nxml.gz_108	22816	23165	circannual	JJ	23062	23072	O	None	None	None
5373	PMC5539754.nxml.gz	PMC5539754.nxml.gz_108	22816	23165	rhythm	NN	23073	23079	O	None	None	None
5374	PMC5539754.nxml.gz	PMC5539754.nxml.gz_108	22816	23165	associated	VBN	23080	23090	O	None	None	None
5375	PMC5539754.nxml.gz	PMC5539754.nxml.gz_108	22816	23165	with	IN	23091	23095	O	None	None	None
5376	PMC5539754.nxml.gz	PMC5539754.nxml.gz_108	22816	23165	increased	JJ	23096	23105	O	None	None	None
5377	PMC5539754.nxml.gz	PMC5539754.nxml.gz_108	22816	23165	insulin	NN	23106	23113	O	None	None	None
5378	PMC5539754.nxml.gz	PMC5539754.nxml.gz_108	22816	23165	resistance	NN	23114	23124	O	None	None	None
5379	PMC5539754.nxml.gz	PMC5539754.nxml.gz_108	22816	23165	in	IN	23125	23127	O	None	None	None
5380	PMC5539754.nxml.gz	PMC5539754.nxml.gz_108	22816	23165	early	JJ	23128	23133	O	None	None	None
5381	PMC5539754.nxml.gz	PMC5539754.nxml.gz_108	22816	23165	pregnancy	NN	23134	23143	O	None	None	None
5382	PMC5539754.nxml.gz	PMC5539754.nxml.gz_108	22816	23165	during	IN	23144	23150	O	None	None	None
5383	PMC5539754.nxml.gz	PMC5539754.nxml.gz_108	22816	23165	winter	JJ	23151	23157	O	None	None	None
5384	PMC5539754.nxml.gz	PMC5539754.nxml.gz_108	22816	23165	months	NNS	23158	23164	O	None	None	None
5385	PMC5539754.nxml.gz	PMC5539754.nxml.gz_108	22816	23165	.	.	23164	23165	O	None	None	None
5386	PMC5539754.nxml.gz	PMC5539754.nxml.gz_109	23166	23440	Regardless	RB	23166	23176	O	None	None	None
5387	PMC5539754.nxml.gz	PMC5539754.nxml.gz_109	23166	23440	of	IN	23177	23179	O	None	None	None
5388	PMC5539754.nxml.gz	PMC5539754.nxml.gz_109	23166	23440	the	DT	23180	23183	O	None	None	None
5389	PMC5539754.nxml.gz	PMC5539754.nxml.gz_109	23166	23440	underlying	JJ	23184	23194	O	None	None	None
5390	PMC5539754.nxml.gz	PMC5539754.nxml.gz_109	23166	23440	cause	NN	23195	23200	O	None	None	None
5391	PMC5539754.nxml.gz	PMC5539754.nxml.gz_109	23166	23440	for	IN	23201	23204	O	None	None	None
5392	PMC5539754.nxml.gz	PMC5539754.nxml.gz_109	23166	23440	increased	JJ	23205	23214	O	None	None	None
5393	PMC5539754.nxml.gz	PMC5539754.nxml.gz_109	23166	23440	markers	NNS	23215	23222	O	None	None	None
5394	PMC5539754.nxml.gz	PMC5539754.nxml.gz_109	23166	23440	of	IN	23223	23225	O	None	None	None
5395	PMC5539754.nxml.gz	PMC5539754.nxml.gz_109	23166	23440	glucose	JJ	23226	23233	O	None	None	None
5396	PMC5539754.nxml.gz	PMC5539754.nxml.gz_109	23166	23440	metabolism	NN	23234	23244	O	None	None	None
5397	PMC5539754.nxml.gz	PMC5539754.nxml.gz_109	23166	23440	,	,	23244	23245	O	None	None	None
5398	PMC5539754.nxml.gz	PMC5539754.nxml.gz_109	23166	23440	our	PRP$	23246	23249	O	None	None	None
5399	PMC5539754.nxml.gz	PMC5539754.nxml.gz_109	23166	23440	findings	NNS	23250	23258	O	None	None	None
5400	PMC5539754.nxml.gz	PMC5539754.nxml.gz_109	23166	23440	suggest	VBP	23259	23266	O	None	None	None
5401	PMC5539754.nxml.gz	PMC5539754.nxml.gz_109	23166	23440	that	IN	23267	23271	O	None	None	None
5402	PMC5539754.nxml.gz	PMC5539754.nxml.gz_109	23166	23440	during	IN	23272	23278	O	None	None	None
5403	PMC5539754.nxml.gz	PMC5539754.nxml.gz_109	23166	23440	early	JJ	23279	23284	O	None	None	None
5404	PMC5539754.nxml.gz	PMC5539754.nxml.gz_109	23166	23440	pregnancy	NN	23285	23294	O	None	None	None
5405	PMC5539754.nxml.gz	PMC5539754.nxml.gz_109	23166	23440	,	,	23294	23295	O	None	None	None
5406	PMC5539754.nxml.gz	PMC5539754.nxml.gz_109	23166	23440	exposure	NN	23296	23304	O	None	None	None
5407	PMC5539754.nxml.gz	PMC5539754.nxml.gz_109	23166	23440	to	TO	23305	23307	O	None	None	None
5408	PMC5539754.nxml.gz	PMC5539754.nxml.gz_109	23166	23440	a	DT	23308	23309	O	None	None	None
5409	PMC5539754.nxml.gz	PMC5539754.nxml.gz_109	23166	23440	typical	JJ	23310	23317	O	None	None	None
5410	PMC5539754.nxml.gz	PMC5539754.nxml.gz_109	23166	23440	winter	NN	23318	23324	O	None	None	None
5411	PMC5539754.nxml.gz	PMC5539754.nxml.gz_109	23166	23440	in	IN	23325	23327	O	None	None	None
5412	PMC5539754.nxml.gz	PMC5539754.nxml.gz_109	23166	23440	the	DT	23328	23331	O	None	None	None
5413	PMC5539754.nxml.gz	PMC5539754.nxml.gz_109	23166	23440	northern	NN	23332	23340	O	None	None	None
5414	PMC5539754.nxml.gz	PMC5539754.nxml.gz_109	23166	23440	hemisphere	NN	23341	23351	O	None	None	None
5415	PMC5539754.nxml.gz	PMC5539754.nxml.gz_109	23166	23440	,	,	23351	23352	O	None	None	None
5416	PMC5539754.nxml.gz	PMC5539754.nxml.gz_109	23166	23440	which	WDT	23353	23358	O	None	None	None
5417	PMC5539754.nxml.gz	PMC5539754.nxml.gz_109	23166	23440	often	RB	23359	23364	O	None	None	None
5418	PMC5539754.nxml.gz	PMC5539754.nxml.gz_109	23166	23440	includes	VBZ	23365	23373	O	None	None	None
5419	PMC5539754.nxml.gz	PMC5539754.nxml.gz_109	23166	23440	low	JJ	23374	23377	O	None	None	None
5420	PMC5539754.nxml.gz	PMC5539754.nxml.gz_109	23166	23440	serum	NN	23378	23383	O	None	None	None
5421	PMC5539754.nxml.gz	PMC5539754.nxml.gz_109	23166	23440	25OHD	CD	23384	23389	O	None	None	None
5422	PMC5539754.nxml.gz	PMC5539754.nxml.gz_109	23166	23440	,	,	23389	23390	O	None	None	None
5423	PMC5539754.nxml.gz	PMC5539754.nxml.gz_109	23166	23440	is	VBZ	23391	23393	O	None	None	None
5424	PMC5539754.nxml.gz	PMC5539754.nxml.gz_109	23166	23440	unfavourable	JJ	23394	23406	O	None	None	None
5425	PMC5539754.nxml.gz	PMC5539754.nxml.gz_109	23166	23440	for	IN	23407	23410	O	None	None	None
5426	PMC5539754.nxml.gz	PMC5539754.nxml.gz_109	23166	23440	maternal	JJ	23411	23419	O	None	None	None
5427	PMC5539754.nxml.gz	PMC5539754.nxml.gz_109	23166	23440	glucose	JJ	23420	23427	O	None	None	None
5428	PMC5539754.nxml.gz	PMC5539754.nxml.gz_109	23166	23440	homeostasis	NN	23428	23439	O	None	None	None
5429	PMC5539754.nxml.gz	PMC5539754.nxml.gz_109	23166	23440	.	.	23439	23440	O	None	None	None
5430	PMC5539754.nxml.gz	PMC5539754.nxml.gz_110	23442	23710	Circannual	JJ	23442	23452	O	None	None	None
5431	PMC5539754.nxml.gz	PMC5539754.nxml.gz_110	23442	23710	rhythms	NN	23453	23460	O	None	None	None
5432	PMC5539754.nxml.gz	PMC5539754.nxml.gz_110	23442	23710	and	CC	23461	23464	O	None	None	None
5433	PMC5539754.nxml.gz	PMC5539754.nxml.gz_110	23442	23710	glucose	JJ	23465	23472	O	None	None	None
5434	PMC5539754.nxml.gz	PMC5539754.nxml.gz_110	23442	23710	homeostasis	NN	23473	23484	O	None	None	None
5435	PMC5539754.nxml.gz	PMC5539754.nxml.gz_110	23442	23710	Circannual	NNP	23485	23495	O	None	None	None
5436	PMC5539754.nxml.gz	PMC5539754.nxml.gz_110	23442	23710	rhythms	NN	23496	23503	O	None	None	None
5437	PMC5539754.nxml.gz	PMC5539754.nxml.gz_110	23442	23710	have	VBP	23504	23508	O	None	None	None
5438	PMC5539754.nxml.gz	PMC5539754.nxml.gz_110	23442	23710	been	VBN	23509	23513	O	None	None	None
5439	PMC5539754.nxml.gz	PMC5539754.nxml.gz_110	23442	23710	researched	VBN	23514	23524	O	None	None	None
5440	PMC5539754.nxml.gz	PMC5539754.nxml.gz_110	23442	23710	in	IN	23525	23527	O	None	None	None
5441	PMC5539754.nxml.gz	PMC5539754.nxml.gz_110	23442	23710	animals	NNS	23528	23535	B	NCBITaxon_EXT_2021_10_26_Instance_3636	None	None
5442	PMC5539754.nxml.gz	PMC5539754.nxml.gz_110	23442	23710	with	IN	23536	23540	O	None	None	None
5443	PMC5539754.nxml.gz	PMC5539754.nxml.gz_110	23442	23710	regards	NNS	23541	23548	O	None	None	None
5444	PMC5539754.nxml.gz	PMC5539754.nxml.gz_110	23442	23710	to	TO	23549	23551	O	None	None	None
5445	PMC5539754.nxml.gz	PMC5539754.nxml.gz_110	23442	23710	reproduction	NN	23552	23564	O	None	None	None
5446	PMC5539754.nxml.gz	PMC5539754.nxml.gz_110	23442	23710	,	,	23564	23565	O	None	None	None
5447	PMC5539754.nxml.gz	PMC5539754.nxml.gz_110	23442	23710	migration	NN	23566	23575	O	None	None	None
5448	PMC5539754.nxml.gz	PMC5539754.nxml.gz_110	23442	23710	and	CC	23576	23579	O	None	None	None
5449	PMC5539754.nxml.gz	PMC5539754.nxml.gz_110	23442	23710	hibernation	NN	23580	23591	O	None	None	None
5450	PMC5539754.nxml.gz	PMC5539754.nxml.gz_110	23442	23710	,	,	23591	23592	O	None	None	None
5451	PMC5539754.nxml.gz	PMC5539754.nxml.gz_110	23442	23710	and	CC	23593	23596	O	None	None	None
5452	PMC5539754.nxml.gz	PMC5539754.nxml.gz_110	23442	23710	are	VBP	23597	23600	O	None	None	None
5453	PMC5539754.nxml.gz	PMC5539754.nxml.gz_110	23442	23710	biological	JJ	23601	23611	O	None	None	None
5454	PMC5539754.nxml.gz	PMC5539754.nxml.gz_110	23442	23710	survival	NN	23612	23620	O	None	None	None
5455	PMC5539754.nxml.gz	PMC5539754.nxml.gz_110	23442	23710	mechanisms	NNS	23621	23631	O	None	None	None
5456	PMC5539754.nxml.gz	PMC5539754.nxml.gz_110	23442	23710	to	TO	23632	23634	O	None	None	None
5457	PMC5539754.nxml.gz	PMC5539754.nxml.gz_110	23442	23710	allow	VB	23635	23640	O	None	None	None
5458	PMC5539754.nxml.gz	PMC5539754.nxml.gz_110	23442	23710	certain	JJ	23641	23648	O	None	None	None
5459	PMC5539754.nxml.gz	PMC5539754.nxml.gz_110	23442	23710	events	NNS	23649	23655	O	None	None	None
5460	PMC5539754.nxml.gz	PMC5539754.nxml.gz_110	23442	23710	to	TO	23656	23658	O	None	None	None
5461	PMC5539754.nxml.gz	PMC5539754.nxml.gz_110	23442	23710	occur	VB	23659	23664	O	None	None	None
5462	PMC5539754.nxml.gz	PMC5539754.nxml.gz_110	23442	23710	at	IN	23665	23667	O	None	None	None
5463	PMC5539754.nxml.gz	PMC5539754.nxml.gz_110	23442	23710	the	DT	23668	23671	O	None	None	None
5464	PMC5539754.nxml.gz	PMC5539754.nxml.gz_110	23442	23710	most	RBS	23672	23676	O	None	None	None
5465	PMC5539754.nxml.gz	PMC5539754.nxml.gz_110	23442	23710	favourable	JJ	23677	23687	O	None	None	None
5466	PMC5539754.nxml.gz	PMC5539754.nxml.gz_110	23442	23710	time	NN	23688	23692	O	None	None	None
5467	PMC5539754.nxml.gz	PMC5539754.nxml.gz_110	23442	23710	in	IN	23693	23695	O	None	None	None
5468	PMC5539754.nxml.gz	PMC5539754.nxml.gz_110	23442	23710	the	DT	23696	23699	O	None	None	None
5469	PMC5539754.nxml.gz	PMC5539754.nxml.gz_110	23442	23710	year	NN	23700	23704	O	None	None	None
5470	PMC5539754.nxml.gz	PMC5539754.nxml.gz_110	23442	23710	[	RB	23705	23706	O	None	None	None
5471	PMC5539754.nxml.gz	PMC5539754.nxml.gz_110	23442	23710	38	CD	23706	23708	O	None	None	None
5472	PMC5539754.nxml.gz	PMC5539754.nxml.gz_110	23442	23710	].	NNS	23708	23710	O	None	None	None
5473	PMC5539754.nxml.gz	PMC5539754.nxml.gz_111	23711	23946	Humans	NNS	23711	23717	B	NCBITaxon_EXT_2021_10_26_Instance_3637	None	None
5474	PMC5539754.nxml.gz	PMC5539754.nxml.gz_111	23711	23946	also	RB	23718	23722	O	None	None	None
5475	PMC5539754.nxml.gz	PMC5539754.nxml.gz_111	23711	23946	evolved	VBD	23723	23730	O	None	None	None
5476	PMC5539754.nxml.gz	PMC5539754.nxml.gz_111	23711	23946	to	TO	23731	23733	O	None	None	None
5477	PMC5539754.nxml.gz	PMC5539754.nxml.gz_111	23711	23946	adapt	VB	23734	23739	O	None	None	None
5478	PMC5539754.nxml.gz	PMC5539754.nxml.gz_111	23711	23946	to	TO	23740	23742	O	None	None	None
5479	PMC5539754.nxml.gz	PMC5539754.nxml.gz_111	23711	23946	environmental	JJ	23743	23756	O	None	None	None
5480	PMC5539754.nxml.gz	PMC5539754.nxml.gz_111	23711	23946	daily	JJ	23757	23762	O	None	None	None
5481	PMC5539754.nxml.gz	PMC5539754.nxml.gz_111	23711	23946	and	CC	23763	23766	O	None	None	None
5482	PMC5539754.nxml.gz	PMC5539754.nxml.gz_111	23711	23946	seasonal	JJ	23767	23775	O	None	None	None
5483	PMC5539754.nxml.gz	PMC5539754.nxml.gz_111	23711	23946	changes	NNS	23776	23783	O	None	None	None
5484	PMC5539754.nxml.gz	PMC5539754.nxml.gz_111	23711	23946	,	,	23783	23784	O	None	None	None
5485	PMC5539754.nxml.gz	PMC5539754.nxml.gz_111	23711	23946	with	IN	23785	23789	O	None	None	None
5486	PMC5539754.nxml.gz	PMC5539754.nxml.gz_111	23711	23946	a	DT	23790	23791	O	None	None	None
5487	PMC5539754.nxml.gz	PMC5539754.nxml.gz_111	23711	23946	central	JJ	23792	23799	O	None	None	None
5488	PMC5539754.nxml.gz	PMC5539754.nxml.gz_111	23711	23946	biological	JJ	23800	23810	O	None	None	None
5489	PMC5539754.nxml.gz	PMC5539754.nxml.gz_111	23711	23946	clock	NN	23811	23816	O	None	None	None
5490	PMC5539754.nxml.gz	PMC5539754.nxml.gz_111	23711	23946	located	VBN	23817	23824	O	None	None	None
5491	PMC5539754.nxml.gz	PMC5539754.nxml.gz_111	23711	23946	in	IN	23825	23827	O	None	None	None
5492	PMC5539754.nxml.gz	PMC5539754.nxml.gz_111	23711	23946	the	DT	23828	23831	O	None	None	None
5493	PMC5539754.nxml.gz	PMC5539754.nxml.gz_111	23711	23946	suprachiasmatic	JJ	23832	23847	O	None	None	None
5494	PMC5539754.nxml.gz	PMC5539754.nxml.gz_111	23711	23946	nucleus	NN	23848	23855	O	None	None	None
5495	PMC5539754.nxml.gz	PMC5539754.nxml.gz_111	23711	23946	of	IN	23856	23858	O	None	None	None
5496	PMC5539754.nxml.gz	PMC5539754.nxml.gz_111	23711	23946	the	DT	23859	23862	O	None	None	None
5497	PMC5539754.nxml.gz	PMC5539754.nxml.gz_111	23711	23946	hypothalamus	NN	23863	23875	O	None	None	None
5498	PMC5539754.nxml.gz	PMC5539754.nxml.gz_111	23711	23946	,	,	23875	23876	O	None	None	None
5499	PMC5539754.nxml.gz	PMC5539754.nxml.gz_111	23711	23946	responsible	JJ	23877	23888	O	None	None	None
5500	PMC5539754.nxml.gz	PMC5539754.nxml.gz_111	23711	23946	for	IN	23889	23892	O	None	None	None
5501	PMC5539754.nxml.gz	PMC5539754.nxml.gz_111	23711	23946	timing	NN	23893	23899	O	None	None	None
5502	PMC5539754.nxml.gz	PMC5539754.nxml.gz_111	23711	23946	of	IN	23900	23902	O	None	None	None
5503	PMC5539754.nxml.gz	PMC5539754.nxml.gz_111	23711	23946	metabolism	NN	23903	23913	O	None	None	None
5504	PMC5539754.nxml.gz	PMC5539754.nxml.gz_111	23711	23946	,	,	23913	23914	O	None	None	None
5505	PMC5539754.nxml.gz	PMC5539754.nxml.gz_111	23711	23946	physiology	NN	23915	23925	O	None	None	None
5506	PMC5539754.nxml.gz	PMC5539754.nxml.gz_111	23711	23946	and	CC	23926	23929	O	None	None	None
5507	PMC5539754.nxml.gz	PMC5539754.nxml.gz_111	23711	23946	behaviours	NNS	23930	23940	O	None	None	None
5508	PMC5539754.nxml.gz	PMC5539754.nxml.gz_111	23711	23946	[	VBP	23941	23942	O	None	None	None
5509	PMC5539754.nxml.gz	PMC5539754.nxml.gz_111	23711	23946	17	CD	23942	23944	O	None	None	None
5510	PMC5539754.nxml.gz	PMC5539754.nxml.gz_111	23711	23946	].	NN	23944	23946	O	None	None	None
5511	PMC5539754.nxml.gz	PMC5539754.nxml.gz_112	23947	24149	During	IN	23947	23953	O	None	None	None
5512	PMC5539754.nxml.gz	PMC5539754.nxml.gz_112	23947	24149	hunter	JJR	23954	23960	O	None	None	None
5513	PMC5539754.nxml.gz	PMC5539754.nxml.gz_112	23947	24149	-	:	23960	23961	O	None	None	None
5514	PMC5539754.nxml.gz	PMC5539754.nxml.gz_112	23947	24149	gatherer	NN	23961	23969	O	None	None	None
5515	PMC5539754.nxml.gz	PMC5539754.nxml.gz_112	23947	24149	times	NNS	23970	23975	O	None	None	None
5516	PMC5539754.nxml.gz	PMC5539754.nxml.gz_112	23947	24149	,	,	23975	23976	O	None	None	None
5517	PMC5539754.nxml.gz	PMC5539754.nxml.gz_112	23947	24149	summer	NN	23977	23983	O	None	None	None
5518	PMC5539754.nxml.gz	PMC5539754.nxml.gz_112	23947	24149	was	VBD	23984	23987	O	None	None	None
5519	PMC5539754.nxml.gz	PMC5539754.nxml.gz_112	23947	24149	a	DT	23988	23989	O	None	None	None
5520	PMC5539754.nxml.gz	PMC5539754.nxml.gz_112	23947	24149	season	NN	23990	23996	O	None	None	None
5521	PMC5539754.nxml.gz	PMC5539754.nxml.gz_112	23947	24149	of	IN	23997	23999	O	None	None	None
5522	PMC5539754.nxml.gz	PMC5539754.nxml.gz_112	23947	24149	increased	JJ	24000	24009	O	None	None	None
5523	PMC5539754.nxml.gz	PMC5539754.nxml.gz_112	23947	24149	daylight	NN	24010	24018	O	None	None	None
5524	PMC5539754.nxml.gz	PMC5539754.nxml.gz_112	23947	24149	and	CC	24019	24022	O	None	None	None
5525	PMC5539754.nxml.gz	PMC5539754.nxml.gz_112	23947	24149	nutritional	JJ	24023	24034	O	None	None	None
5526	PMC5539754.nxml.gz	PMC5539754.nxml.gz_112	23947	24149	abundance	NN	24035	24044	O	None	None	None
5527	PMC5539754.nxml.gz	PMC5539754.nxml.gz_112	23947	24149	that	WDT	24045	24049	O	None	None	None
5528	PMC5539754.nxml.gz	PMC5539754.nxml.gz_112	23947	24149	prepared	VBD	24050	24058	O	None	None	None
5529	PMC5539754.nxml.gz	PMC5539754.nxml.gz_112	23947	24149	our	PRP$	24059	24062	O	None	None	None
5530	PMC5539754.nxml.gz	PMC5539754.nxml.gz_112	23947	24149	ancestors	NNS	24063	24072	O	None	None	None
5531	PMC5539754.nxml.gz	PMC5539754.nxml.gz_112	23947	24149	for	IN	24073	24076	O	None	None	None
5532	PMC5539754.nxml.gz	PMC5539754.nxml.gz_112	23947	24149	harsher	PRP$	24077	24084	O	None	None	None
5533	PMC5539754.nxml.gz	PMC5539754.nxml.gz_112	23947	24149	winter	NN	24085	24091	O	None	None	None
5534	PMC5539754.nxml.gz	PMC5539754.nxml.gz_112	23947	24149	conditions	NNS	24092	24102	O	None	None	None
5535	PMC5539754.nxml.gz	PMC5539754.nxml.gz_112	23947	24149	by	IN	24103	24105	O	None	None	None
5536	PMC5539754.nxml.gz	PMC5539754.nxml.gz_112	23947	24149	depositing	VBG	24106	24116	O	None	None	None
5537	PMC5539754.nxml.gz	PMC5539754.nxml.gz_112	23947	24149	fat	JJ	24117	24120	O	None	None	None
5538	PMC5539754.nxml.gz	PMC5539754.nxml.gz_112	23947	24149	reserves	NNS	24121	24129	O	None	None	None
5539	PMC5539754.nxml.gz	PMC5539754.nxml.gz_112	23947	24149	during	IN	24130	24136	O	None	None	None
5540	PMC5539754.nxml.gz	PMC5539754.nxml.gz_112	23947	24149	autumn	NN	24137	24143	O	None	None	None
5541	PMC5539754.nxml.gz	PMC5539754.nxml.gz_112	23947	24149	[	$	24144	24145	O	None	None	None
5542	PMC5539754.nxml.gz	PMC5539754.nxml.gz_112	23947	24149	17	CD	24145	24147	O	None	None	None
5543	PMC5539754.nxml.gz	PMC5539754.nxml.gz_112	23947	24149	].	NN	24147	24149	O	None	None	None
5544	PMC5539754.nxml.gz	PMC5539754.nxml.gz_113	24150	24319	Through	IN	24150	24157	O	None	None	None
5545	PMC5539754.nxml.gz	PMC5539754.nxml.gz_113	24150	24319	technological	JJ	24158	24171	O	None	None	None
5546	PMC5539754.nxml.gz	PMC5539754.nxml.gz_113	24150	24319	advances	NNS	24172	24180	O	None	None	None
5547	PMC5539754.nxml.gz	PMC5539754.nxml.gz_113	24150	24319	,	,	24180	24181	O	None	None	None
5548	PMC5539754.nxml.gz	PMC5539754.nxml.gz_113	24150	24319	humans	NNS	24182	24188	B	NCBITaxon_EXT_2021_10_26_Instance_3638	None	None
5549	PMC5539754.nxml.gz	PMC5539754.nxml.gz_113	24150	24319	have	VBP	24189	24193	O	None	None	None
5550	PMC5539754.nxml.gz	PMC5539754.nxml.gz_113	24150	24319	access	NN	24194	24200	O	None	None	None
5551	PMC5539754.nxml.gz	PMC5539754.nxml.gz_113	24150	24319	to	TO	24201	24203	O	None	None	None
5552	PMC5539754.nxml.gz	PMC5539754.nxml.gz_113	24150	24319	light	NN	24204	24209	O	None	None	None
5553	PMC5539754.nxml.gz	PMC5539754.nxml.gz_113	24150	24319	continuously	RB	24210	24222	O	None	None	None
5554	PMC5539754.nxml.gz	PMC5539754.nxml.gz_113	24150	24319	and	CC	24223	24226	O	None	None	None
5555	PMC5539754.nxml.gz	PMC5539754.nxml.gz_113	24150	24319	are	VBP	24227	24230	O	None	None	None
5556	PMC5539754.nxml.gz	PMC5539754.nxml.gz_113	24150	24319	no	RB	24231	24233	O	None	None	None
5557	PMC5539754.nxml.gz	PMC5539754.nxml.gz_113	24150	24319	longer	RBR	24234	24240	O	None	None	None
5558	PMC5539754.nxml.gz	PMC5539754.nxml.gz_113	24150	24319	dependant	VB	24241	24250	O	None	None	None
5559	PMC5539754.nxml.gz	PMC5539754.nxml.gz_113	24150	24319	on	IN	24251	24253	O	None	None	None
5560	PMC5539754.nxml.gz	PMC5539754.nxml.gz_113	24150	24319	the	DT	24254	24257	O	None	None	None
5561	PMC5539754.nxml.gz	PMC5539754.nxml.gz_113	24150	24319	rising	NN	24258	24264	O	None	None	None
5562	PMC5539754.nxml.gz	PMC5539754.nxml.gz_113	24150	24319	and	CC	24265	24268	O	None	None	None
5563	PMC5539754.nxml.gz	PMC5539754.nxml.gz_113	24150	24319	setting	NN	24269	24276	O	None	None	None
5564	PMC5539754.nxml.gz	PMC5539754.nxml.gz_113	24150	24319	of	IN	24277	24279	O	None	None	None
5565	PMC5539754.nxml.gz	PMC5539754.nxml.gz_113	24150	24319	the	DT	24280	24283	O	None	None	None
5566	PMC5539754.nxml.gz	PMC5539754.nxml.gz_113	24150	24319	sun	NN	24284	24287	O	None	None	None
5567	PMC5539754.nxml.gz	PMC5539754.nxml.gz_113	24150	24319	to	TO	24288	24290	O	None	None	None
5568	PMC5539754.nxml.gz	PMC5539754.nxml.gz_113	24150	24319	regulate	VB	24291	24299	O	None	None	None
5569	PMC5539754.nxml.gz	PMC5539754.nxml.gz_113	24150	24319	circannual	JJ	24300	24310	O	None	None	None
5570	PMC5539754.nxml.gz	PMC5539754.nxml.gz_113	24150	24319	rhythms	NN	24311	24318	O	None	None	None
5571	PMC5539754.nxml.gz	PMC5539754.nxml.gz_113	24150	24319	.	.	24318	24319	O	None	None	None
5572	PMC5539754.nxml.gz	PMC5539754.nxml.gz_114	24320	24407	However	RB	24320	24327	O	None	None	None
5573	PMC5539754.nxml.gz	PMC5539754.nxml.gz_114	24320	24407	,	,	24327	24328	O	None	None	None
5574	PMC5539754.nxml.gz	PMC5539754.nxml.gz_114	24320	24407	circadian	JJ	24329	24338	O	None	None	None
5575	PMC5539754.nxml.gz	PMC5539754.nxml.gz_114	24320	24407	clock	NN	24339	24344	O	None	None	None
5576	PMC5539754.nxml.gz	PMC5539754.nxml.gz_114	24320	24407	genes	NNS	24345	24350	O	None	None	None
5577	PMC5539754.nxml.gz	PMC5539754.nxml.gz_114	24320	24407	that	WDT	24351	24355	O	None	None	None
5578	PMC5539754.nxml.gz	PMC5539754.nxml.gz_114	24320	24407	respond	VBP	24356	24363	O	None	None	None
5579	PMC5539754.nxml.gz	PMC5539754.nxml.gz_114	24320	24407	to	TO	24364	24366	O	None	None	None
5580	PMC5539754.nxml.gz	PMC5539754.nxml.gz_114	24320	24407	light	NN	24367	24372	O	None	None	None
5581	PMC5539754.nxml.gz	PMC5539754.nxml.gz_114	24320	24407	are	VBP	24373	24376	O	None	None	None
5582	PMC5539754.nxml.gz	PMC5539754.nxml.gz_114	24320	24407	still	RB	24377	24382	O	None	None	None
5583	PMC5539754.nxml.gz	PMC5539754.nxml.gz_114	24320	24407	part	NN	24383	24387	O	None	None	None
5584	PMC5539754.nxml.gz	PMC5539754.nxml.gz_114	24320	24407	of	IN	24388	24390	O	None	None	None
5585	PMC5539754.nxml.gz	PMC5539754.nxml.gz_114	24320	24407	our	PRP$	24391	24394	O	None	None	None
5586	PMC5539754.nxml.gz	PMC5539754.nxml.gz_114	24320	24407	genome	NN	24395	24401	O	None	None	None
5587	PMC5539754.nxml.gz	PMC5539754.nxml.gz_114	24320	24407	[	$	24402	24403	O	None	None	None
5588	PMC5539754.nxml.gz	PMC5539754.nxml.gz_114	24320	24407	39	CD	24403	24405	O	None	None	None
5589	PMC5539754.nxml.gz	PMC5539754.nxml.gz_114	24320	24407	].	NN	24405	24407	O	None	None	None
5590	PMC5539754.nxml.gz	PMC5539754.nxml.gz_115	24408	24560	Melatonin	NNP	24408	24417	O	None	None	None
5591	PMC5539754.nxml.gz	PMC5539754.nxml.gz_115	24408	24560	,	,	24417	24418	O	None	None	None
5592	PMC5539754.nxml.gz	PMC5539754.nxml.gz_115	24408	24560	a	DT	24419	24420	O	None	None	None
5593	PMC5539754.nxml.gz	PMC5539754.nxml.gz_115	24408	24560	pineal	NN	24421	24427	O	None	None	None
5594	PMC5539754.nxml.gz	PMC5539754.nxml.gz_115	24408	24560	hormone	NN	24428	24435	O	None	None	None
5595	PMC5539754.nxml.gz	PMC5539754.nxml.gz_115	24408	24560	regulated	VBN	24436	24445	O	None	None	None
5596	PMC5539754.nxml.gz	PMC5539754.nxml.gz_115	24408	24560	by	IN	24446	24448	O	None	None	None
5597	PMC5539754.nxml.gz	PMC5539754.nxml.gz_115	24408	24560	light	JJ	24449	24454	O	None	None	None
5598	PMC5539754.nxml.gz	PMC5539754.nxml.gz_115	24408	24560	exposure	NN	24455	24463	O	None	None	None
5599	PMC5539754.nxml.gz	PMC5539754.nxml.gz_115	24408	24560	,	,	24463	24464	O	None	None	None
5600	PMC5539754.nxml.gz	PMC5539754.nxml.gz_115	24408	24560	peaks	NNS	24465	24470	O	None	None	None
5601	PMC5539754.nxml.gz	PMC5539754.nxml.gz_115	24408	24560	during	IN	24471	24477	O	None	None	None
5602	PMC5539754.nxml.gz	PMC5539754.nxml.gz_115	24408	24560	night	NN	24478	24483	O	None	None	None
5603	PMC5539754.nxml.gz	PMC5539754.nxml.gz_115	24408	24560	after	IN	24484	24489	O	None	None	None
5604	PMC5539754.nxml.gz	PMC5539754.nxml.gz_115	24408	24560	the	DT	24490	24493	O	None	None	None
5605	PMC5539754.nxml.gz	PMC5539754.nxml.gz_115	24408	24560	onset	NN	24494	24499	O	None	None	None
5606	PMC5539754.nxml.gz	PMC5539754.nxml.gz_115	24408	24560	of	IN	24500	24502	O	None	None	None
5607	PMC5539754.nxml.gz	PMC5539754.nxml.gz_115	24408	24560	sleep	NN	24503	24508	O	None	None	None
5608	PMC5539754.nxml.gz	PMC5539754.nxml.gz_115	24408	24560	,	,	24508	24509	O	None	None	None
5609	PMC5539754.nxml.gz	PMC5539754.nxml.gz_115	24408	24560	with	IN	24510	24514	O	None	None	None
5610	PMC5539754.nxml.gz	PMC5539754.nxml.gz_115	24408	24560	little	JJ	24515	24521	O	None	None	None
5611	PMC5539754.nxml.gz	PMC5539754.nxml.gz_115	24408	24560	production	NN	24522	24532	O	None	None	None
5612	PMC5539754.nxml.gz	PMC5539754.nxml.gz_115	24408	24560	during	IN	24533	24539	O	None	None	None
5613	PMC5539754.nxml.gz	PMC5539754.nxml.gz_115	24408	24560	daylight	JJ	24540	24548	O	None	None	None
5614	PMC5539754.nxml.gz	PMC5539754.nxml.gz_115	24408	24560	hours	NNS	24549	24554	O	None	None	None
5615	PMC5539754.nxml.gz	PMC5539754.nxml.gz_115	24408	24560	[	VBP	24555	24556	O	None	None	None
5616	PMC5539754.nxml.gz	PMC5539754.nxml.gz_115	24408	24560	13	CD	24556	24558	O	None	None	None
5617	PMC5539754.nxml.gz	PMC5539754.nxml.gz_115	24408	24560	].	NN	24558	24560	O	None	None	None
5618	PMC5539754.nxml.gz	PMC5539754.nxml.gz_116	24561	24843	Melatonin	NNP	24561	24570	O	None	None	None
5619	PMC5539754.nxml.gz	PMC5539754.nxml.gz_116	24561	24843	inhibits	VBZ	24571	24579	O	None	None	None
5620	PMC5539754.nxml.gz	PMC5539754.nxml.gz_116	24561	24843	the	DT	24580	24583	O	None	None	None
5621	PMC5539754.nxml.gz	PMC5539754.nxml.gz_116	24561	24843	release	NN	24584	24591	O	None	None	None
5622	PMC5539754.nxml.gz	PMC5539754.nxml.gz_116	24561	24843	of	IN	24592	24594	O	None	None	None
5623	PMC5539754.nxml.gz	PMC5539754.nxml.gz_116	24561	24843	insulin	NN	24595	24602	O	None	None	None
5624	PMC5539754.nxml.gz	PMC5539754.nxml.gz_116	24561	24843	from	IN	24603	24607	O	None	None	None
5625	PMC5539754.nxml.gz	PMC5539754.nxml.gz_116	24561	24843	pancreatic	JJ	24608	24618	O	None	None	None
5626	PMC5539754.nxml.gz	PMC5539754.nxml.gz_116	24561	24843	beta	NN	24619	24623	O	None	None	None
5627	PMC5539754.nxml.gz	PMC5539754.nxml.gz_116	24561	24843	cells	NNS	24624	24629	O	None	None	None
5628	PMC5539754.nxml.gz	PMC5539754.nxml.gz_116	24561	24843	[	VBP	24630	24631	O	None	None	None
5629	PMC5539754.nxml.gz	PMC5539754.nxml.gz_116	24561	24843	40	CD	24631	24633	O	None	None	None
5630	PMC5539754.nxml.gz	PMC5539754.nxml.gz_116	24561	24843	,	,	24633	24634	O	None	None	None
5631	PMC5539754.nxml.gz	PMC5539754.nxml.gz_116	24561	24843	41	CD	24634	24636	O	None	None	None
5632	PMC5539754.nxml.gz	PMC5539754.nxml.gz_116	24561	24843	],	NN	24636	24638	O	None	None	None
5633	PMC5539754.nxml.gz	PMC5539754.nxml.gz_116	24561	24843	although	IN	24639	24647	O	None	None	None
5634	PMC5539754.nxml.gz	PMC5539754.nxml.gz_116	24561	24843	conflicting	VBG	24648	24659	O	None	None	None
5635	PMC5539754.nxml.gz	PMC5539754.nxml.gz_116	24561	24843	research	NN	24660	24668	O	None	None	None
5636	PMC5539754.nxml.gz	PMC5539754.nxml.gz_116	24561	24843	exists	VBZ	24669	24675	O	None	None	None
5637	PMC5539754.nxml.gz	PMC5539754.nxml.gz_116	24561	24843	with	IN	24676	24680	O	None	None	None
5638	PMC5539754.nxml.gz	PMC5539754.nxml.gz_116	24561	24843	the	DT	24681	24684	O	None	None	None
5639	PMC5539754.nxml.gz	PMC5539754.nxml.gz_116	24561	24843	Nurses	NNP	24685	24691	O	None	None	None
5640	PMC5539754.nxml.gz	PMC5539754.nxml.gz_116	24561	24843	’	NNP	24691	24692	O	None	None	None
5641	PMC5539754.nxml.gz	PMC5539754.nxml.gz_116	24561	24843	Health	NNP	24693	24699	O	None	None	None
5642	PMC5539754.nxml.gz	PMC5539754.nxml.gz_116	24561	24843	Study	NNP	24700	24705	O	None	None	None
5643	PMC5539754.nxml.gz	PMC5539754.nxml.gz_116	24561	24843	finding	VBG	24706	24713	O	None	None	None
5644	PMC5539754.nxml.gz	PMC5539754.nxml.gz_116	24561	24843	low	JJ	24714	24717	O	None	None	None
5645	PMC5539754.nxml.gz	PMC5539754.nxml.gz_116	24561	24843	melatonin	NN	24718	24727	O	None	None	None
5646	PMC5539754.nxml.gz	PMC5539754.nxml.gz_116	24561	24843	associated	VBN	24728	24738	O	None	None	None
5647	PMC5539754.nxml.gz	PMC5539754.nxml.gz_116	24561	24843	with	IN	24739	24743	O	None	None	None
5648	PMC5539754.nxml.gz	PMC5539754.nxml.gz_116	24561	24843	increased	JJ	24744	24753	O	None	None	None
5649	PMC5539754.nxml.gz	PMC5539754.nxml.gz_116	24561	24843	risk	NN	24754	24758	O	None	None	None
5650	PMC5539754.nxml.gz	PMC5539754.nxml.gz_116	24561	24843	of	IN	24759	24761	O	None	None	None
5651	PMC5539754.nxml.gz	PMC5539754.nxml.gz_116	24561	24843	type	NN	24762	24766	O	None	None	None
5652	PMC5539754.nxml.gz	PMC5539754.nxml.gz_116	24561	24843	2	CD	24767	24768	O	None	None	None
5653	PMC5539754.nxml.gz	PMC5539754.nxml.gz_116	24561	24843	diabetes	NNS	24769	24777	O	None	None	None
5654	PMC5539754.nxml.gz	PMC5539754.nxml.gz_116	24561	24843	,	,	24777	24778	O	None	None	None
5655	PMC5539754.nxml.gz	PMC5539754.nxml.gz_116	24561	24843	potentially	RB	24779	24790	O	None	None	None
5656	PMC5539754.nxml.gz	PMC5539754.nxml.gz_116	24561	24843	medicated	VBN	24791	24800	O	None	None	None
5657	PMC5539754.nxml.gz	PMC5539754.nxml.gz_116	24561	24843	through	IN	24801	24808	O	None	None	None
5658	PMC5539754.nxml.gz	PMC5539754.nxml.gz_116	24561	24843	increased	VBN	24809	24818	O	None	None	None
5659	PMC5539754.nxml.gz	PMC5539754.nxml.gz_116	24561	24843	insulin	NN	24819	24826	O	None	None	None
5660	PMC5539754.nxml.gz	PMC5539754.nxml.gz_116	24561	24843	resistance	NN	24827	24837	O	None	None	None
5661	PMC5539754.nxml.gz	PMC5539754.nxml.gz_116	24561	24843	[	VBD	24838	24839	O	None	None	None
5662	PMC5539754.nxml.gz	PMC5539754.nxml.gz_116	24561	24843	42	CD	24839	24841	O	None	None	None
5663	PMC5539754.nxml.gz	PMC5539754.nxml.gz_116	24561	24843	].	NN	24841	24843	O	None	None	None
5664	PMC5539754.nxml.gz	PMC5539754.nxml.gz_117	24844	25072	It	PRP	24844	24846	O	None	None	None
5665	PMC5539754.nxml.gz	PMC5539754.nxml.gz_117	24844	25072	may	MD	24847	24850	O	None	None	None
5666	PMC5539754.nxml.gz	PMC5539754.nxml.gz_117	24844	25072	be	VB	24851	24853	O	None	None	None
5667	PMC5539754.nxml.gz	PMC5539754.nxml.gz_117	24844	25072	hypothesised	VBN	24854	24866	O	None	None	None
5668	PMC5539754.nxml.gz	PMC5539754.nxml.gz_117	24844	25072	that	IN	24867	24871	O	None	None	None
5669	PMC5539754.nxml.gz	PMC5539754.nxml.gz_117	24844	25072	during	IN	24872	24878	O	None	None	None
5670	PMC5539754.nxml.gz	PMC5539754.nxml.gz_117	24844	25072	winter	JJ	24879	24885	O	None	None	None
5671	PMC5539754.nxml.gz	PMC5539754.nxml.gz_117	24844	25072	months	NNS	24886	24892	O	None	None	None
5672	PMC5539754.nxml.gz	PMC5539754.nxml.gz_117	24844	25072	,	,	24892	24893	O	None	None	None
5673	PMC5539754.nxml.gz	PMC5539754.nxml.gz_117	24844	25072	which	WDT	24894	24899	O	None	None	None
5674	PMC5539754.nxml.gz	PMC5539754.nxml.gz_117	24844	25072	are	VBP	24900	24903	O	None	None	None
5675	PMC5539754.nxml.gz	PMC5539754.nxml.gz_117	24844	25072	characterised	VBN	24904	24917	O	None	None	None
5676	PMC5539754.nxml.gz	PMC5539754.nxml.gz_117	24844	25072	by	IN	24918	24920	O	None	None	None
5677	PMC5539754.nxml.gz	PMC5539754.nxml.gz_117	24844	25072	increased	JJ	24921	24930	O	None	None	None
5678	PMC5539754.nxml.gz	PMC5539754.nxml.gz_117	24844	25072	darkness	NN	24931	24939	O	None	None	None
5679	PMC5539754.nxml.gz	PMC5539754.nxml.gz_117	24844	25072	,	,	24939	24940	O	None	None	None
5680	PMC5539754.nxml.gz	PMC5539754.nxml.gz_117	24844	25072	women	NNS	24941	24946	B	NCBITaxon_EXT_2021_10_26_Instance_3639	None	None
5681	PMC5539754.nxml.gz	PMC5539754.nxml.gz_117	24844	25072	may	MD	24947	24950	O	None	None	None
5682	PMC5539754.nxml.gz	PMC5539754.nxml.gz_117	24844	25072	be	VB	24951	24953	O	None	None	None
5683	PMC5539754.nxml.gz	PMC5539754.nxml.gz_117	24844	25072	exposed	VBN	24954	24961	O	None	None	None
5684	PMC5539754.nxml.gz	PMC5539754.nxml.gz_117	24844	25072	to	TO	24962	24964	O	None	None	None
5685	PMC5539754.nxml.gz	PMC5539754.nxml.gz_117	24844	25072	melatonin	VB	24965	24974	O	None	None	None
5686	PMC5539754.nxml.gz	PMC5539754.nxml.gz_117	24844	25072	close	RB	24975	24980	O	None	None	None
5687	PMC5539754.nxml.gz	PMC5539754.nxml.gz_117	24844	25072	to	TO	24981	24983	O	None	None	None
5688	PMC5539754.nxml.gz	PMC5539754.nxml.gz_117	24844	25072	morning	NN	24984	24991	O	None	None	None
5689	PMC5539754.nxml.gz	PMC5539754.nxml.gz_117	24844	25072	and	CC	24992	24995	O	None	None	None
5690	PMC5539754.nxml.gz	PMC5539754.nxml.gz_117	24844	25072	evening	NN	24996	25003	O	None	None	None
5691	PMC5539754.nxml.gz	PMC5539754.nxml.gz_117	24844	25072	meals	NNS	25004	25009	O	None	None	None
5692	PMC5539754.nxml.gz	PMC5539754.nxml.gz_117	24844	25072	,	,	25009	25010	O	None	None	None
5693	PMC5539754.nxml.gz	PMC5539754.nxml.gz_117	24844	25072	reducing	VBG	25011	25019	O	None	None	None
5694	PMC5539754.nxml.gz	PMC5539754.nxml.gz_117	24844	25072	their	PRP$	25020	25025	O	None	None	None
5695	PMC5539754.nxml.gz	PMC5539754.nxml.gz_117	24844	25072	ability	NN	25026	25033	O	None	None	None
5696	PMC5539754.nxml.gz	PMC5539754.nxml.gz_117	24844	25072	to	TO	25034	25036	O	None	None	None
5697	PMC5539754.nxml.gz	PMC5539754.nxml.gz_117	24844	25072	deal	VB	25037	25041	O	None	None	None
5698	PMC5539754.nxml.gz	PMC5539754.nxml.gz_117	24844	25072	with	IN	25042	25046	O	None	None	None
5699	PMC5539754.nxml.gz	PMC5539754.nxml.gz_117	24844	25072	carbohydrate	NN	25047	25059	O	None	None	None
5700	PMC5539754.nxml.gz	PMC5539754.nxml.gz_117	24844	25072	based	VBN	25060	25065	O	None	None	None
5701	PMC5539754.nxml.gz	PMC5539754.nxml.gz_117	24844	25072	foods	NNS	25066	25071	O	None	None	None
5702	PMC5539754.nxml.gz	PMC5539754.nxml.gz_117	24844	25072	.	.	25071	25072	O	None	None	None
5703	PMC5539754.nxml.gz	PMC5539754.nxml.gz_118	25073	25272	It	PRP	25073	25075	O	None	None	None
5704	PMC5539754.nxml.gz	PMC5539754.nxml.gz_118	25073	25272	is	VBZ	25076	25078	O	None	None	None
5705	PMC5539754.nxml.gz	PMC5539754.nxml.gz_118	25073	25272	also	RB	25079	25083	O	None	None	None
5706	PMC5539754.nxml.gz	PMC5539754.nxml.gz_118	25073	25272	possible	JJ	25084	25092	O	None	None	None
5707	PMC5539754.nxml.gz	PMC5539754.nxml.gz_118	25073	25272	that	IN	25093	25097	O	None	None	None
5708	PMC5539754.nxml.gz	PMC5539754.nxml.gz_118	25073	25272	the	DT	25098	25101	O	None	None	None
5709	PMC5539754.nxml.gz	PMC5539754.nxml.gz_118	25073	25272	milieu	NN	25102	25108	O	None	None	None
5710	PMC5539754.nxml.gz	PMC5539754.nxml.gz_118	25073	25272	of	IN	25109	25111	O	None	None	None
5711	PMC5539754.nxml.gz	PMC5539754.nxml.gz_118	25073	25272	higher	JJR	25112	25118	O	None	None	None
5712	PMC5539754.nxml.gz	PMC5539754.nxml.gz_118	25073	25272	melatonin	NN	25119	25128	O	None	None	None
5713	PMC5539754.nxml.gz	PMC5539754.nxml.gz_118	25073	25272	and	CC	25129	25132	O	None	None	None
5714	PMC5539754.nxml.gz	PMC5539754.nxml.gz_118	25073	25272	insulin	NN	25133	25140	O	None	None	None
5715	PMC5539754.nxml.gz	PMC5539754.nxml.gz_118	25073	25272	resistance	NN	25141	25151	O	None	None	None
5716	PMC5539754.nxml.gz	PMC5539754.nxml.gz_118	25073	25272	during	IN	25152	25158	O	None	None	None
5717	PMC5539754.nxml.gz	PMC5539754.nxml.gz_118	25073	25272	winter	NN	25159	25165	O	None	None	None
5718	PMC5539754.nxml.gz	PMC5539754.nxml.gz_118	25073	25272	in	IN	25166	25168	O	None	None	None
5719	PMC5539754.nxml.gz	PMC5539754.nxml.gz_118	25073	25272	early	JJ	25169	25174	O	None	None	None
5720	PMC5539754.nxml.gz	PMC5539754.nxml.gz_118	25073	25272	pregnancy	NN	25175	25184	O	None	None	None
5721	PMC5539754.nxml.gz	PMC5539754.nxml.gz_118	25073	25272	may	MD	25185	25188	O	None	None	None
5722	PMC5539754.nxml.gz	PMC5539754.nxml.gz_118	25073	25272	set	VB	25189	25192	O	None	None	None
5723	PMC5539754.nxml.gz	PMC5539754.nxml.gz_118	25073	25272	the	DT	25193	25196	O	None	None	None
5724	PMC5539754.nxml.gz	PMC5539754.nxml.gz_118	25073	25272	scene	NN	25197	25202	O	None	None	None
5725	PMC5539754.nxml.gz	PMC5539754.nxml.gz_118	25073	25272	for	IN	25203	25206	O	None	None	None
5726	PMC5539754.nxml.gz	PMC5539754.nxml.gz_118	25073	25272	glucose	JJ	25207	25214	O	None	None	None
5727	PMC5539754.nxml.gz	PMC5539754.nxml.gz_118	25073	25272	homeostasis	NN	25215	25226	O	None	None	None
5728	PMC5539754.nxml.gz	PMC5539754.nxml.gz_118	25073	25272	throughout	IN	25227	25237	O	None	None	None
5729	PMC5539754.nxml.gz	PMC5539754.nxml.gz_118	25073	25272	the	DT	25238	25241	O	None	None	None
5730	PMC5539754.nxml.gz	PMC5539754.nxml.gz_118	25073	25272	remaining	VBG	25242	25251	O	None	None	None
5731	PMC5539754.nxml.gz	PMC5539754.nxml.gz_118	25073	25272	months	NNS	25252	25258	O	None	None	None
5732	PMC5539754.nxml.gz	PMC5539754.nxml.gz_118	25073	25272	of	IN	25259	25261	O	None	None	None
5733	PMC5539754.nxml.gz	PMC5539754.nxml.gz_118	25073	25272	pregnancy	NN	25262	25271	O	None	None	None
5734	PMC5539754.nxml.gz	PMC5539754.nxml.gz_118	25073	25272	.	.	25271	25272	O	None	None	None
5735	PMC5539754.nxml.gz	PMC5539754.nxml.gz_119	25273	25502	This	DT	25273	25277	O	None	None	None
5736	PMC5539754.nxml.gz	PMC5539754.nxml.gz_119	25273	25502	could	MD	25278	25283	O	None	None	None
5737	PMC5539754.nxml.gz	PMC5539754.nxml.gz_119	25273	25502	explain	VB	25284	25291	O	None	None	None
5738	PMC5539754.nxml.gz	PMC5539754.nxml.gz_119	25273	25502	why	WRB	25292	25295	O	None	None	None
5739	PMC5539754.nxml.gz	PMC5539754.nxml.gz_119	25273	25502	our	PRP$	25296	25299	O	None	None	None
5740	PMC5539754.nxml.gz	PMC5539754.nxml.gz_119	25273	25502	findings	NNS	25300	25308	O	None	None	None
5741	PMC5539754.nxml.gz	PMC5539754.nxml.gz_119	25273	25502	of	IN	25309	25311	O	None	None	None
5742	PMC5539754.nxml.gz	PMC5539754.nxml.gz_119	25273	25502	exposure	NN	25312	25320	O	None	None	None
5743	PMC5539754.nxml.gz	PMC5539754.nxml.gz_119	25273	25502	to	TO	25321	25323	O	None	None	None
5744	PMC5539754.nxml.gz	PMC5539754.nxml.gz_119	25273	25502	extended	VBN	25324	25332	O	None	None	None
5745	PMC5539754.nxml.gz	PMC5539754.nxml.gz_119	25273	25502	winter	NN	25333	25339	O	None	None	None
5746	PMC5539754.nxml.gz	PMC5539754.nxml.gz_119	25273	25502	in	IN	25340	25342	O	None	None	None
5747	PMC5539754.nxml.gz	PMC5539754.nxml.gz_119	25273	25502	early	JJ	25343	25348	O	None	None	None
5748	PMC5539754.nxml.gz	PMC5539754.nxml.gz_119	25273	25502	pregnancy	NN	25349	25358	O	None	None	None
5749	PMC5539754.nxml.gz	PMC5539754.nxml.gz_119	25273	25502	is	VBZ	25359	25361	O	None	None	None
5750	PMC5539754.nxml.gz	PMC5539754.nxml.gz_119	25273	25502	associated	VBN	25362	25372	O	None	None	None
5751	PMC5539754.nxml.gz	PMC5539754.nxml.gz_119	25273	25502	with	IN	25373	25377	O	None	None	None
5752	PMC5539754.nxml.gz	PMC5539754.nxml.gz_119	25273	25502	increased	JJ	25378	25387	O	None	None	None
5753	PMC5539754.nxml.gz	PMC5539754.nxml.gz_119	25273	25502	HOMA	NNP	25388	25392	O	None	None	None
5754	PMC5539754.nxml.gz	PMC5539754.nxml.gz_119	25273	25502	and	CC	25393	25396	O	None	None	None
5755	PMC5539754.nxml.gz	PMC5539754.nxml.gz_119	25273	25502	fasting	VBG	25397	25404	O	None	None	None
5756	PMC5539754.nxml.gz	PMC5539754.nxml.gz_119	25273	25502	glucose	NN	25405	25412	O	None	None	None
5757	PMC5539754.nxml.gz	PMC5539754.nxml.gz_119	25273	25502	at	IN	25413	25415	O	None	None	None
5758	PMC5539754.nxml.gz	PMC5539754.nxml.gz_119	25273	25502	28	CD	25416	25418	O	None	None	None
5759	PMC5539754.nxml.gz	PMC5539754.nxml.gz_119	25273	25502	weeks	NNS	25419	25424	O	None	None	None
5760	PMC5539754.nxml.gz	PMC5539754.nxml.gz_119	25273	25502	’	JJ	25424	25425	O	None	None	None
5761	PMC5539754.nxml.gz	PMC5539754.nxml.gz_119	25273	25502	gestation	NN	25426	25435	O	None	None	None
5762	PMC5539754.nxml.gz	PMC5539754.nxml.gz_119	25273	25502	,	,	25435	25436	O	None	None	None
5763	PMC5539754.nxml.gz	PMC5539754.nxml.gz_119	25273	25502	although	IN	25437	25445	O	None	None	None
5764	PMC5539754.nxml.gz	PMC5539754.nxml.gz_119	25273	25502	research	NN	25446	25454	O	None	None	None
5765	PMC5539754.nxml.gz	PMC5539754.nxml.gz_119	25273	25502	is	VBZ	25455	25457	O	None	None	None
5766	PMC5539754.nxml.gz	PMC5539754.nxml.gz_119	25273	25502	needed	VBN	25458	25464	O	None	None	None
5767	PMC5539754.nxml.gz	PMC5539754.nxml.gz_119	25273	25502	to	TO	25465	25467	O	None	None	None
5768	PMC5539754.nxml.gz	PMC5539754.nxml.gz_119	25273	25502	explain	VB	25468	25475	O	None	None	None
5769	PMC5539754.nxml.gz	PMC5539754.nxml.gz_119	25273	25502	this	DT	25476	25480	O	None	None	None
5770	PMC5539754.nxml.gz	PMC5539754.nxml.gz_119	25273	25502	potential	JJ	25481	25490	O	None	None	None
5771	PMC5539754.nxml.gz	PMC5539754.nxml.gz_119	25273	25502	hypothesis	NN	25491	25501	O	None	None	None
5772	PMC5539754.nxml.gz	PMC5539754.nxml.gz_119	25273	25502	.	.	25501	25502	O	None	None	None
5773	PMC5539754.nxml.gz	PMC5539754.nxml.gz_120	25503	25610	The	DT	25503	25506	O	None	None	None
5774	PMC5539754.nxml.gz	PMC5539754.nxml.gz_120	25503	25610	phenomenon	NN	25507	25517	O	None	None	None
5775	PMC5539754.nxml.gz	PMC5539754.nxml.gz_120	25503	25610	of	IN	25518	25520	O	None	None	None
5776	PMC5539754.nxml.gz	PMC5539754.nxml.gz_120	25503	25610	circannual	JJ	25521	25531	O	None	None	None
5777	PMC5539754.nxml.gz	PMC5539754.nxml.gz_120	25503	25610	rhythms	NN	25532	25539	O	None	None	None
5778	PMC5539754.nxml.gz	PMC5539754.nxml.gz_120	25503	25610	has	VBZ	25540	25543	O	None	None	None
5779	PMC5539754.nxml.gz	PMC5539754.nxml.gz_120	25503	25610	also	RB	25544	25548	O	None	None	None
5780	PMC5539754.nxml.gz	PMC5539754.nxml.gz_120	25503	25610	been	VBN	25549	25553	O	None	None	None
5781	PMC5539754.nxml.gz	PMC5539754.nxml.gz_120	25503	25610	explored	VBN	25554	25562	O	None	None	None
5782	PMC5539754.nxml.gz	PMC5539754.nxml.gz_120	25503	25610	in	IN	25563	25565	O	None	None	None
5783	PMC5539754.nxml.gz	PMC5539754.nxml.gz_120	25503	25610	relation	NN	25566	25574	O	None	None	None
5784	PMC5539754.nxml.gz	PMC5539754.nxml.gz_120	25503	25610	to	TO	25575	25577	O	None	None	None
5785	PMC5539754.nxml.gz	PMC5539754.nxml.gz_120	25503	25610	gestational	VB	25578	25589	O	None	None	None
5786	PMC5539754.nxml.gz	PMC5539754.nxml.gz_120	25503	25610	diabetes	NNS	25590	25598	O	None	None	None
5787	PMC5539754.nxml.gz	PMC5539754.nxml.gz_120	25503	25610	[	VBP	25599	25600	O	None	None	None
5788	PMC5539754.nxml.gz	PMC5539754.nxml.gz_120	25503	25610	24	CD	25600	25602	O	None	None	None
5789	PMC5539754.nxml.gz	PMC5539754.nxml.gz_120	25503	25610	–	JJ	25602	25603	O	None	None	None
5790	PMC5539754.nxml.gz	PMC5539754.nxml.gz_120	25503	25610	26	CD	25603	25605	O	None	None	None
5791	PMC5539754.nxml.gz	PMC5539754.nxml.gz_120	25503	25610	,	,	25605	25606	O	None	None	None
5792	PMC5539754.nxml.gz	PMC5539754.nxml.gz_120	25503	25610	28	CD	25606	25608	O	None	None	None
5793	PMC5539754.nxml.gz	PMC5539754.nxml.gz_120	25503	25610	].	NN	25608	25610	O	None	None	None
5794	PMC5539754.nxml.gz	PMC5539754.nxml.gz_121	25611	25633	Recently	RB	25611	25619	O	None	None	None
5795	PMC5539754.nxml.gz	PMC5539754.nxml.gz_121	25611	25633	,	,	25619	25620	O	None	None	None
5796	PMC5539754.nxml.gz	PMC5539754.nxml.gz_121	25611	25633	Moses	NNP	25621	25626	O	None	None	None
5797	PMC5539754.nxml.gz	PMC5539754.nxml.gz_121	25611	25633	et	CC	25627	25629	O	None	None	None
5798	PMC5539754.nxml.gz	PMC5539754.nxml.gz_121	25611	25633	al	NN	25630	25632	O	None	None	None
5799	PMC5539754.nxml.gz	PMC5539754.nxml.gz_121	25611	25633	.	.	25632	25633	O	None	None	None
5800	PMC5539754.nxml.gz	PMC5539754.nxml.gz_122	25634	25738	prospectively	RB	25634	25647	O	None	None	None
5801	PMC5539754.nxml.gz	PMC5539754.nxml.gz_122	25634	25738	evaluated	JJ	25648	25657	O	None	None	None
5802	PMC5539754.nxml.gz	PMC5539754.nxml.gz_122	25634	25738	7369	CD	25658	25662	O	None	None	None
5803	PMC5539754.nxml.gz	PMC5539754.nxml.gz_122	25634	25738	oral	JJ	25663	25667	O	None	None	None
5804	PMC5539754.nxml.gz	PMC5539754.nxml.gz_122	25634	25738	glucose	JJ	25668	25675	O	None	None	None
5805	PMC5539754.nxml.gz	PMC5539754.nxml.gz_122	25634	25738	tolerance	NN	25676	25685	O	None	None	None
5806	PMC5539754.nxml.gz	PMC5539754.nxml.gz_122	25634	25738	tests	NNS	25686	25691	O	None	None	None
5807	PMC5539754.nxml.gz	PMC5539754.nxml.gz_122	25634	25738	(	(	25692	25693	O	None	None	None
5808	PMC5539754.nxml.gz	PMC5539754.nxml.gz_122	25634	25738	OGTT	NNP	25693	25697	O	None	None	None
5809	PMC5539754.nxml.gz	PMC5539754.nxml.gz_122	25634	25738	)	)	25697	25698	O	None	None	None
5810	PMC5539754.nxml.gz	PMC5539754.nxml.gz_122	25634	25738	over	IN	25699	25703	O	None	None	None
5811	PMC5539754.nxml.gz	PMC5539754.nxml.gz_122	25634	25738	a	DT	25704	25705	O	None	None	None
5812	PMC5539754.nxml.gz	PMC5539754.nxml.gz_122	25634	25738	3	CD	25706	25707	O	None	None	None
5813	PMC5539754.nxml.gz	PMC5539754.nxml.gz_122	25634	25738	-	:	25707	25708	O	None	None	None
5814	PMC5539754.nxml.gz	PMC5539754.nxml.gz_122	25634	25738	year	NN	25708	25712	O	None	None	None
5815	PMC5539754.nxml.gz	PMC5539754.nxml.gz_122	25634	25738	period	NN	25713	25719	O	None	None	None
5816	PMC5539754.nxml.gz	PMC5539754.nxml.gz_122	25634	25738	in	IN	25720	25722	O	None	None	None
5817	PMC5539754.nxml.gz	PMC5539754.nxml.gz_122	25634	25738	Australia	NNP	25723	25732	O	None	None	None
5818	PMC5539754.nxml.gz	PMC5539754.nxml.gz_122	25634	25738	[	NNP	25733	25734	O	None	None	None
5819	PMC5539754.nxml.gz	PMC5539754.nxml.gz_122	25634	25738	24	CD	25734	25736	O	None	None	None
5820	PMC5539754.nxml.gz	PMC5539754.nxml.gz_122	25634	25738	].	NN	25736	25738	O	None	None	None
5821	PMC5539754.nxml.gz	PMC5539754.nxml.gz_123	25739	25991	The	DT	25739	25742	O	None	None	None
5822	PMC5539754.nxml.gz	PMC5539754.nxml.gz_123	25739	25991	prevalence	NN	25743	25753	O	None	None	None
5823	PMC5539754.nxml.gz	PMC5539754.nxml.gz_123	25739	25991	of	IN	25754	25756	O	None	None	None
5824	PMC5539754.nxml.gz	PMC5539754.nxml.gz_123	25739	25991	gestational	JJ	25757	25768	O	None	None	None
5825	PMC5539754.nxml.gz	PMC5539754.nxml.gz_123	25739	25991	diabetes	NNS	25769	25777	O	None	None	None
5826	PMC5539754.nxml.gz	PMC5539754.nxml.gz_123	25739	25991	diagnosed	VBD	25778	25787	O	None	None	None
5827	PMC5539754.nxml.gz	PMC5539754.nxml.gz_123	25739	25991	on	IN	25788	25790	O	None	None	None
5828	PMC5539754.nxml.gz	PMC5539754.nxml.gz_123	25739	25991	1	CD	25791	25792	O	None	None	None
5829	PMC5539754.nxml.gz	PMC5539754.nxml.gz_123	25739	25991	-	:	25792	25793	O	None	None	None
5830	PMC5539754.nxml.gz	PMC5539754.nxml.gz_123	25739	25991	h	NN	25793	25794	O	None	None	None
5831	PMC5539754.nxml.gz	PMC5539754.nxml.gz_123	25739	25991	OGTT	NNP	25795	25799	O	None	None	None
5832	PMC5539754.nxml.gz	PMC5539754.nxml.gz_123	25739	25991	result	NN	25800	25806	O	None	None	None
5833	PMC5539754.nxml.gz	PMC5539754.nxml.gz_123	25739	25991	was	VBD	25807	25810	O	None	None	None
5834	PMC5539754.nxml.gz	PMC5539754.nxml.gz_123	25739	25991	45	CD	25811	25813	O	None	None	None
5835	PMC5539754.nxml.gz	PMC5539754.nxml.gz_123	25739	25991	%	NN	25813	25814	O	None	None	None
5836	PMC5539754.nxml.gz	PMC5539754.nxml.gz_123	25739	25991	higher	JJR	25815	25821	O	None	None	None
5837	PMC5539754.nxml.gz	PMC5539754.nxml.gz_123	25739	25991	in	IN	25822	25824	O	None	None	None
5838	PMC5539754.nxml.gz	PMC5539754.nxml.gz_123	25739	25991	November	NNP	25825	25833	O	None	None	None
5839	PMC5539754.nxml.gz	PMC5539754.nxml.gz_123	25739	25991	(	(	25834	25835	O	None	None	None
5840	PMC5539754.nxml.gz	PMC5539754.nxml.gz_123	25739	25991	summer	NN	25835	25841	O	None	None	None
5841	PMC5539754.nxml.gz	PMC5539754.nxml.gz_123	25739	25991	)	)	25841	25842	O	None	None	None
5842	PMC5539754.nxml.gz	PMC5539754.nxml.gz_123	25739	25991	and	CC	25843	25846	O	None	None	None
5843	PMC5539754.nxml.gz	PMC5539754.nxml.gz_123	25739	25991	46	CD	25847	25849	O	None	None	None
5844	PMC5539754.nxml.gz	PMC5539754.nxml.gz_123	25739	25991	%	NN	25849	25850	O	None	None	None
5845	PMC5539754.nxml.gz	PMC5539754.nxml.gz_123	25739	25991	lower	JJR	25851	25856	O	None	None	None
5846	PMC5539754.nxml.gz	PMC5539754.nxml.gz_123	25739	25991	in	IN	25857	25859	O	None	None	None
5847	PMC5539754.nxml.gz	PMC5539754.nxml.gz_123	25739	25991	July	NNP	25860	25864	O	None	None	None
5848	PMC5539754.nxml.gz	PMC5539754.nxml.gz_123	25739	25991	(	(	25865	25866	O	None	None	None
5849	PMC5539754.nxml.gz	PMC5539754.nxml.gz_123	25739	25991	winter	NN	25866	25872	O	None	None	None
5850	PMC5539754.nxml.gz	PMC5539754.nxml.gz_123	25739	25991	)	)	25872	25873	O	None	None	None
5851	PMC5539754.nxml.gz	PMC5539754.nxml.gz_123	25739	25991	than	IN	25874	25878	O	None	None	None
5852	PMC5539754.nxml.gz	PMC5539754.nxml.gz_123	25739	25991	the	DT	25879	25882	O	None	None	None
5853	PMC5539754.nxml.gz	PMC5539754.nxml.gz_123	25739	25991	overall	JJ	25883	25890	O	None	None	None
5854	PMC5539754.nxml.gz	PMC5539754.nxml.gz_123	25739	25991	prevalence	NN	25891	25901	O	None	None	None
5855	PMC5539754.nxml.gz	PMC5539754.nxml.gz_123	25739	25991	,	,	25901	25902	O	None	None	None
5856	PMC5539754.nxml.gz	PMC5539754.nxml.gz_123	25739	25991	however	RB	25903	25910	O	None	None	None
5857	PMC5539754.nxml.gz	PMC5539754.nxml.gz_123	25739	25991	,	,	25910	25911	O	None	None	None
5858	PMC5539754.nxml.gz	PMC5539754.nxml.gz_123	25739	25991	diagnoses	NNS	25912	25921	O	None	None	None
5859	PMC5539754.nxml.gz	PMC5539754.nxml.gz_123	25739	25991	based	VBN	25922	25927	O	None	None	None
5860	PMC5539754.nxml.gz	PMC5539754.nxml.gz_123	25739	25991	on	IN	25928	25930	O	None	None	None
5861	PMC5539754.nxml.gz	PMC5539754.nxml.gz_123	25739	25991	fasting	VBG	25931	25938	O	None	None	None
5862	PMC5539754.nxml.gz	PMC5539754.nxml.gz_123	25739	25991	glucose	JJ	25939	25946	O	None	None	None
5863	PMC5539754.nxml.gz	PMC5539754.nxml.gz_123	25739	25991	concentrations	NNS	25947	25961	O	None	None	None
5864	PMC5539754.nxml.gz	PMC5539754.nxml.gz_123	25739	25991	were	VBD	25962	25966	O	None	None	None
5865	PMC5539754.nxml.gz	PMC5539754.nxml.gz_123	25739	25991	similar	JJ	25967	25974	O	None	None	None
5866	PMC5539754.nxml.gz	PMC5539754.nxml.gz_123	25739	25991	across	IN	25975	25981	O	None	None	None
5867	PMC5539754.nxml.gz	PMC5539754.nxml.gz_123	25739	25991	the	DT	25982	25985	O	None	None	None
5868	PMC5539754.nxml.gz	PMC5539754.nxml.gz_123	25739	25991	year	NN	25986	25990	O	None	None	None
5869	PMC5539754.nxml.gz	PMC5539754.nxml.gz_123	25739	25991	.	.	25990	25991	O	None	None	None
5870	PMC5539754.nxml.gz	PMC5539754.nxml.gz_124	25992	26159	The	DT	25992	25995	O	None	None	None
5871	PMC5539754.nxml.gz	PMC5539754.nxml.gz_124	25992	26159	OGTTs	NNP	25996	26001	O	None	None	None
5872	PMC5539754.nxml.gz	PMC5539754.nxml.gz_124	25992	26159	were	VBD	26002	26006	O	None	None	None
5873	PMC5539754.nxml.gz	PMC5539754.nxml.gz_124	25992	26159	carried	VBN	26007	26014	O	None	None	None
5874	PMC5539754.nxml.gz	PMC5539754.nxml.gz_124	25992	26159	out	RP	26015	26018	O	None	None	None
5875	PMC5539754.nxml.gz	PMC5539754.nxml.gz_124	25992	26159	at	IN	26019	26021	O	None	None	None
5876	PMC5539754.nxml.gz	PMC5539754.nxml.gz_124	25992	26159	24	CD	26022	26024	O	None	None	None
5877	PMC5539754.nxml.gz	PMC5539754.nxml.gz_124	25992	26159	–	$	26024	26025	O	None	None	None
5878	PMC5539754.nxml.gz	PMC5539754.nxml.gz_124	25992	26159	28	CD	26025	26027	O	None	None	None
5879	PMC5539754.nxml.gz	PMC5539754.nxml.gz_124	25992	26159	weeks	NNS	26028	26033	O	None	None	None
5880	PMC5539754.nxml.gz	PMC5539754.nxml.gz_124	25992	26159	’	JJ	26033	26034	O	None	None	None
5881	PMC5539754.nxml.gz	PMC5539754.nxml.gz_124	25992	26159	gestation	NN	26035	26044	O	None	None	None
5882	PMC5539754.nxml.gz	PMC5539754.nxml.gz_124	25992	26159	;	:	26044	26045	O	None	None	None
5883	PMC5539754.nxml.gz	PMC5539754.nxml.gz_124	25992	26159	thus	RB	26046	26050	O	None	None	None
5884	PMC5539754.nxml.gz	PMC5539754.nxml.gz_124	25992	26159	,	,	26050	26051	O	None	None	None
5885	PMC5539754.nxml.gz	PMC5539754.nxml.gz_124	25992	26159	summer	NN	26052	26058	O	None	None	None
5886	PMC5539754.nxml.gz	PMC5539754.nxml.gz_124	25992	26159	at	IN	26059	26061	O	None	None	None
5887	PMC5539754.nxml.gz	PMC5539754.nxml.gz_124	25992	26159	the	DT	26062	26065	O	None	None	None
5888	PMC5539754.nxml.gz	PMC5539754.nxml.gz_124	25992	26159	time	NN	26066	26070	O	None	None	None
5889	PMC5539754.nxml.gz	PMC5539754.nxml.gz_124	25992	26159	of	IN	26071	26073	O	None	None	None
5890	PMC5539754.nxml.gz	PMC5539754.nxml.gz_124	25992	26159	OGTT	NNP	26074	26078	O	None	None	None
5891	PMC5539754.nxml.gz	PMC5539754.nxml.gz_124	25992	26159	would	MD	26079	26084	O	None	None	None
5892	PMC5539754.nxml.gz	PMC5539754.nxml.gz_124	25992	26159	correspond	VB	26085	26095	O	None	None	None
5893	PMC5539754.nxml.gz	PMC5539754.nxml.gz_124	25992	26159	approximately	RB	26096	26109	O	None	None	None
5894	PMC5539754.nxml.gz	PMC5539754.nxml.gz_124	25992	26159	with	IN	26110	26114	O	None	None	None
5895	PMC5539754.nxml.gz	PMC5539754.nxml.gz_124	25992	26159	winter	NN	26115	26121	O	None	None	None
5896	PMC5539754.nxml.gz	PMC5539754.nxml.gz_124	25992	26159	in	IN	26122	26124	O	None	None	None
5897	PMC5539754.nxml.gz	PMC5539754.nxml.gz_124	25992	26159	early	JJ	26125	26130	O	None	None	None
5898	PMC5539754.nxml.gz	PMC5539754.nxml.gz_124	25992	26159	pregnancy	NN	26131	26140	O	None	None	None
5899	PMC5539754.nxml.gz	PMC5539754.nxml.gz_124	25992	26159	in	IN	26141	26143	O	None	None	None
5900	PMC5539754.nxml.gz	PMC5539754.nxml.gz_124	25992	26159	our	PRP$	26144	26147	O	None	None	None
5901	PMC5539754.nxml.gz	PMC5539754.nxml.gz_124	25992	26159	population	NN	26148	26158	O	None	None	None
5902	PMC5539754.nxml.gz	PMC5539754.nxml.gz_124	25992	26159	.	.	26158	26159	O	None	None	None
5903	PMC5539754.nxml.gz	PMC5539754.nxml.gz_125	26160	26197	Similarly	RB	26160	26169	O	None	None	None
5904	PMC5539754.nxml.gz	PMC5539754.nxml.gz_125	26160	26197	,	,	26169	26170	O	None	None	None
5905	PMC5539754.nxml.gz	PMC5539754.nxml.gz_125	26160	26197	in	IN	26171	26173	O	None	None	None
5906	PMC5539754.nxml.gz	PMC5539754.nxml.gz_125	26160	26197	Sweden	NNP	26174	26180	O	None	None	None
5907	PMC5539754.nxml.gz	PMC5539754.nxml.gz_125	26160	26197	,	,	26180	26181	O	None	None	None
5908	PMC5539754.nxml.gz	PMC5539754.nxml.gz_125	26160	26197	Katsarou	NNP	26182	26190	O	None	None	None
5909	PMC5539754.nxml.gz	PMC5539754.nxml.gz_125	26160	26197	et	CC	26191	26193	O	None	None	None
5910	PMC5539754.nxml.gz	PMC5539754.nxml.gz_125	26160	26197	al	NN	26194	26196	O	None	None	None
5911	PMC5539754.nxml.gz	PMC5539754.nxml.gz_125	26160	26197	.	.	26196	26197	O	None	None	None
5912	PMC5539754.nxml.gz	PMC5539754.nxml.gz_126	26198	26364	analysed	JJ	26198	26206	O	None	None	None
5913	PMC5539754.nxml.gz	PMC5539754.nxml.gz_126	26198	26364	11	CD	26207	26209	O	None	None	None
5914	PMC5539754.nxml.gz	PMC5539754.nxml.gz_126	26198	26364	,	,	26209	26210	O	None	None	None
5915	PMC5539754.nxml.gz	PMC5539754.nxml.gz_126	26198	26364	538	CD	26210	26213	O	None	None	None
5916	PMC5539754.nxml.gz	PMC5539754.nxml.gz_126	26198	26364	pregnancies	NNS	26214	26225	O	None	None	None
5917	PMC5539754.nxml.gz	PMC5539754.nxml.gz_126	26198	26364	,	,	26225	26226	O	None	None	None
5918	PMC5539754.nxml.gz	PMC5539754.nxml.gz_126	26198	26364	and	CC	26227	26230	O	None	None	None
5919	PMC5539754.nxml.gz	PMC5539754.nxml.gz_126	26198	26364	found	VBD	26231	26236	O	None	None	None
5920	PMC5539754.nxml.gz	PMC5539754.nxml.gz_126	26198	26364	a	DT	26237	26238	O	None	None	None
5921	PMC5539754.nxml.gz	PMC5539754.nxml.gz_126	26198	26364	51	CD	26239	26241	O	None	None	None
5922	PMC5539754.nxml.gz	PMC5539754.nxml.gz_126	26198	26364	%	NN	26241	26242	O	None	None	None
5923	PMC5539754.nxml.gz	PMC5539754.nxml.gz_126	26198	26364	increase	NN	26243	26251	O	None	None	None
5924	PMC5539754.nxml.gz	PMC5539754.nxml.gz_126	26198	26364	in	IN	26252	26254	O	None	None	None
5925	PMC5539754.nxml.gz	PMC5539754.nxml.gz_126	26198	26364	gestational	JJ	26255	26266	O	None	None	None
5926	PMC5539754.nxml.gz	PMC5539754.nxml.gz_126	26198	26364	diabetes	NNS	26267	26275	O	None	None	None
5927	PMC5539754.nxml.gz	PMC5539754.nxml.gz_126	26198	26364	diagnosed	VBN	26276	26285	O	None	None	None
5928	PMC5539754.nxml.gz	PMC5539754.nxml.gz_126	26198	26364	by	IN	26286	26288	O	None	None	None
5929	PMC5539754.nxml.gz	PMC5539754.nxml.gz_126	26198	26364	OGTT	NNP	26289	26293	O	None	None	None
5930	PMC5539754.nxml.gz	PMC5539754.nxml.gz_126	26198	26364	in	IN	26294	26296	O	None	None	None
5931	PMC5539754.nxml.gz	PMC5539754.nxml.gz_126	26198	26364	the	DT	26297	26300	O	None	None	None
5932	PMC5539754.nxml.gz	PMC5539754.nxml.gz_126	26198	26364	months	NNS	26301	26307	O	None	None	None
5933	PMC5539754.nxml.gz	PMC5539754.nxml.gz_126	26198	26364	of	IN	26308	26310	O	None	None	None
5934	PMC5539754.nxml.gz	PMC5539754.nxml.gz_126	26198	26364	June	NNP	26311	26315	O	None	None	None
5935	PMC5539754.nxml.gz	PMC5539754.nxml.gz_126	26198	26364	to	TO	26316	26318	O	None	None	None
5936	PMC5539754.nxml.gz	PMC5539754.nxml.gz_126	26198	26364	July	NNP	26319	26323	O	None	None	None
5937	PMC5539754.nxml.gz	PMC5539754.nxml.gz_126	26198	26364	(	(	26324	26325	O	None	None	None
5938	PMC5539754.nxml.gz	PMC5539754.nxml.gz_126	26198	26364	summer	NN	26325	26331	O	None	None	None
5939	PMC5539754.nxml.gz	PMC5539754.nxml.gz_126	26198	26364	),	NN	26331	26333	O	None	None	None
5940	PMC5539754.nxml.gz	PMC5539754.nxml.gz_126	26198	26364	compared	VBN	26334	26342	O	None	None	None
5941	PMC5539754.nxml.gz	PMC5539754.nxml.gz_126	26198	26364	to	TO	26343	26345	O	None	None	None
5942	PMC5539754.nxml.gz	PMC5539754.nxml.gz_126	26198	26364	other	JJ	26346	26351	O	None	None	None
5943	PMC5539754.nxml.gz	PMC5539754.nxml.gz_126	26198	26364	months	NNS	26352	26358	O	None	None	None
5944	PMC5539754.nxml.gz	PMC5539754.nxml.gz_126	26198	26364	[	IN	26359	26360	O	None	None	None
5945	PMC5539754.nxml.gz	PMC5539754.nxml.gz_126	26198	26364	25	CD	26360	26362	O	None	None	None
5946	PMC5539754.nxml.gz	PMC5539754.nxml.gz_126	26198	26364	].	NNS	26362	26364	O	None	None	None
5947	PMC5539754.nxml.gz	PMC5539754.nxml.gz_127	26365	26379	Verburg	NNP	26365	26372	O	None	None	None
5948	PMC5539754.nxml.gz	PMC5539754.nxml.gz_127	26365	26379	et	CC	26373	26375	O	None	None	None
5949	PMC5539754.nxml.gz	PMC5539754.nxml.gz_127	26365	26379	al	NN	26376	26378	O	None	None	None
5950	PMC5539754.nxml.gz	PMC5539754.nxml.gz_127	26365	26379	.	.	26378	26379	O	None	None	None
5951	PMC5539754.nxml.gz	PMC5539754.nxml.gz_128	26380	26520	reported	VBD	26380	26388	O	None	None	None
5952	PMC5539754.nxml.gz	PMC5539754.nxml.gz_128	26380	26520	that	DT	26389	26393	O	None	None	None
5953	PMC5539754.nxml.gz	PMC5539754.nxml.gz_128	26380	26520	conception	NN	26394	26404	O	None	None	None
5954	PMC5539754.nxml.gz	PMC5539754.nxml.gz_128	26380	26520	during	IN	26405	26411	O	None	None	None
5955	PMC5539754.nxml.gz	PMC5539754.nxml.gz_128	26380	26520	winter	NN	26412	26418	O	None	None	None
5956	PMC5539754.nxml.gz	PMC5539754.nxml.gz_128	26380	26520	was	VBD	26419	26422	O	None	None	None
5957	PMC5539754.nxml.gz	PMC5539754.nxml.gz_128	26380	26520	associated	VBN	26423	26433	O	None	None	None
5958	PMC5539754.nxml.gz	PMC5539754.nxml.gz_128	26380	26520	with	IN	26434	26438	O	None	None	None
5959	PMC5539754.nxml.gz	PMC5539754.nxml.gz_128	26380	26520	a	DT	26439	26440	O	None	None	None
5960	PMC5539754.nxml.gz	PMC5539754.nxml.gz_128	26380	26520	significantly	RB	26441	26454	O	None	None	None
5961	PMC5539754.nxml.gz	PMC5539754.nxml.gz_128	26380	26520	higher	JJR	26455	26461	O	None	None	None
5962	PMC5539754.nxml.gz	PMC5539754.nxml.gz_128	26380	26520	incidence	NN	26462	26471	O	None	None	None
5963	PMC5539754.nxml.gz	PMC5539754.nxml.gz_128	26380	26520	of	IN	26472	26474	O	None	None	None
5964	PMC5539754.nxml.gz	PMC5539754.nxml.gz_128	26380	26520	gestational	JJ	26475	26486	O	None	None	None
5965	PMC5539754.nxml.gz	PMC5539754.nxml.gz_128	26380	26520	diabetes	NNS	26487	26495	O	None	None	None
5966	PMC5539754.nxml.gz	PMC5539754.nxml.gz_128	26380	26520	than	IN	26496	26500	O	None	None	None
5967	PMC5539754.nxml.gz	PMC5539754.nxml.gz_128	26380	26520	during	IN	26501	26507	O	None	None	None
5968	PMC5539754.nxml.gz	PMC5539754.nxml.gz_128	26380	26520	summer	NN	26508	26514	O	None	None	None
5969	PMC5539754.nxml.gz	PMC5539754.nxml.gz_128	26380	26520	[	$	26515	26516	O	None	None	None
5970	PMC5539754.nxml.gz	PMC5539754.nxml.gz_128	26380	26520	26	CD	26516	26518	O	None	None	None
5971	PMC5539754.nxml.gz	PMC5539754.nxml.gz_128	26380	26520	].	NN	26518	26520	O	None	None	None
5972	PMC5539754.nxml.gz	PMC5539754.nxml.gz_129	26521	26655	We	PRP	26521	26523	O	None	None	None
5973	PMC5539754.nxml.gz	PMC5539754.nxml.gz_129	26521	26655	carried	VBD	26524	26531	O	None	None	None
5974	PMC5539754.nxml.gz	PMC5539754.nxml.gz_129	26521	26655	out	RP	26532	26535	O	None	None	None
5975	PMC5539754.nxml.gz	PMC5539754.nxml.gz_129	26521	26655	glucose	JJ	26536	26543	O	None	None	None
5976	PMC5539754.nxml.gz	PMC5539754.nxml.gz_129	26521	26655	challenge	NN	26544	26553	O	None	None	None
5977	PMC5539754.nxml.gz	PMC5539754.nxml.gz_129	26521	26655	tests	NNS	26554	26559	O	None	None	None
5978	PMC5539754.nxml.gz	PMC5539754.nxml.gz_129	26521	26655	(	(	26560	26561	O	None	None	None
5979	PMC5539754.nxml.gz	PMC5539754.nxml.gz_129	26521	26655	1	CD	26561	26562	O	None	None	None
5980	PMC5539754.nxml.gz	PMC5539754.nxml.gz_129	26521	26655	-	:	26562	26563	O	None	None	None
5981	PMC5539754.nxml.gz	PMC5539754.nxml.gz_129	26521	26655	h	NN	26563	26564	O	None	None	None
5982	PMC5539754.nxml.gz	PMC5539754.nxml.gz_129	26521	26655	post	NN	26565	26569	O	None	None	None
5983	PMC5539754.nxml.gz	PMC5539754.nxml.gz_129	26521	26655	50	CD	26570	26572	O	None	None	None
5984	PMC5539754.nxml.gz	PMC5539754.nxml.gz_129	26521	26655	g	NN	26573	26574	O	None	None	None
5985	PMC5539754.nxml.gz	PMC5539754.nxml.gz_129	26521	26655	glucose	JJ	26575	26582	O	None	None	None
5986	PMC5539754.nxml.gz	PMC5539754.nxml.gz_129	26521	26655	load	NN	26583	26587	O	None	None	None
5987	PMC5539754.nxml.gz	PMC5539754.nxml.gz_129	26521	26655	)	)	26587	26588	O	None	None	None
5988	PMC5539754.nxml.gz	PMC5539754.nxml.gz_129	26521	26655	for	IN	26589	26592	O	None	None	None
5989	PMC5539754.nxml.gz	PMC5539754.nxml.gz_129	26521	26655	all	DT	26593	26596	O	None	None	None
5990	PMC5539754.nxml.gz	PMC5539754.nxml.gz_129	26521	26655	women	NNS	26597	26602	B	NCBITaxon_EXT_2021_10_26_Instance_3640	None	None
5991	PMC5539754.nxml.gz	PMC5539754.nxml.gz_129	26521	26655	in	IN	26603	26605	O	None	None	None
5992	PMC5539754.nxml.gz	PMC5539754.nxml.gz_129	26521	26655	our	PRP$	26606	26609	O	None	None	None
5993	PMC5539754.nxml.gz	PMC5539754.nxml.gz_129	26521	26655	population	NN	26610	26620	O	None	None	None
5994	PMC5539754.nxml.gz	PMC5539754.nxml.gz_129	26521	26655	,	,	26620	26621	O	None	None	None
5995	PMC5539754.nxml.gz	PMC5539754.nxml.gz_129	26521	26655	not	RB	26622	26625	O	None	None	None
5996	PMC5539754.nxml.gz	PMC5539754.nxml.gz_129	26521	26655	OGTT	NNP	26626	26630	O	None	None	None
5997	PMC5539754.nxml.gz	PMC5539754.nxml.gz_129	26521	26655	as	IN	26631	26633	O	None	None	None
5998	PMC5539754.nxml.gz	PMC5539754.nxml.gz_129	26521	26655	in	IN	26634	26636	O	None	None	None
5999	PMC5539754.nxml.gz	PMC5539754.nxml.gz_129	26521	26655	the	DT	26637	26640	O	None	None	None
6000	PMC5539754.nxml.gz	PMC5539754.nxml.gz_129	26521	26655	above	JJ	26641	26646	O	None	None	None
6001	PMC5539754.nxml.gz	PMC5539754.nxml.gz_129	26521	26655	studies	NNS	26647	26654	O	None	None	None
6002	PMC5539754.nxml.gz	PMC5539754.nxml.gz_129	26521	26655	.	.	26654	26655	O	None	None	None
6003	PMC5539754.nxml.gz	PMC5539754.nxml.gz_130	26656	26842	Exposure	NN	26656	26664	O	None	None	None
6004	PMC5539754.nxml.gz	PMC5539754.nxml.gz_130	26656	26842	to	TO	26665	26667	O	None	None	None
6005	PMC5539754.nxml.gz	PMC5539754.nxml.gz_130	26656	26842	winter	NN	26668	26674	O	None	None	None
6006	PMC5539754.nxml.gz	PMC5539754.nxml.gz_130	26656	26842	in	IN	26675	26677	O	None	None	None
6007	PMC5539754.nxml.gz	PMC5539754.nxml.gz_130	26656	26842	early	JJ	26678	26683	O	None	None	None
6008	PMC5539754.nxml.gz	PMC5539754.nxml.gz_130	26656	26842	pregnancy	NN	26684	26693	O	None	None	None
6009	PMC5539754.nxml.gz	PMC5539754.nxml.gz_130	26656	26842	was	VBD	26694	26697	O	None	None	None
6010	PMC5539754.nxml.gz	PMC5539754.nxml.gz_130	26656	26842	not	RB	26698	26701	O	None	None	None
6011	PMC5539754.nxml.gz	PMC5539754.nxml.gz_130	26656	26842	associated	VBN	26702	26712	O	None	None	None
6012	PMC5539754.nxml.gz	PMC5539754.nxml.gz_130	26656	26842	with	IN	26713	26717	O	None	None	None
6013	PMC5539754.nxml.gz	PMC5539754.nxml.gz_130	26656	26842	glucose	JJ	26718	26725	O	None	None	None
6014	PMC5539754.nxml.gz	PMC5539754.nxml.gz_130	26656	26842	challenge	NN	26726	26735	O	None	None	None
6015	PMC5539754.nxml.gz	PMC5539754.nxml.gz_130	26656	26842	test	NN	26736	26740	O	None	None	None
6016	PMC5539754.nxml.gz	PMC5539754.nxml.gz_130	26656	26842	results	NNS	26741	26748	O	None	None	None
6017	PMC5539754.nxml.gz	PMC5539754.nxml.gz_130	26656	26842	,	,	26748	26749	O	None	None	None
6018	PMC5539754.nxml.gz	PMC5539754.nxml.gz_130	26656	26842	however	RB	26750	26757	O	None	None	None
6019	PMC5539754.nxml.gz	PMC5539754.nxml.gz_130	26656	26842	it	PRP	26758	26760	O	None	None	None
6020	PMC5539754.nxml.gz	PMC5539754.nxml.gz_130	26656	26842	was	VBD	26761	26764	O	None	None	None
6021	PMC5539754.nxml.gz	PMC5539754.nxml.gz_130	26656	26842	associated	VBN	26765	26775	O	None	None	None
6022	PMC5539754.nxml.gz	PMC5539754.nxml.gz_130	26656	26842	with	IN	26776	26780	O	None	None	None
6023	PMC5539754.nxml.gz	PMC5539754.nxml.gz_130	26656	26842	increased	JJ	26781	26790	O	None	None	None
6024	PMC5539754.nxml.gz	PMC5539754.nxml.gz_130	26656	26842	fasting	VBG	26791	26798	O	None	None	None
6025	PMC5539754.nxml.gz	PMC5539754.nxml.gz_130	26656	26842	glucose	NN	26799	26806	O	None	None	None
6026	PMC5539754.nxml.gz	PMC5539754.nxml.gz_130	26656	26842	and	CC	26807	26810	O	None	None	None
6027	PMC5539754.nxml.gz	PMC5539754.nxml.gz_130	26656	26842	insulin	NN	26811	26818	O	None	None	None
6028	PMC5539754.nxml.gz	PMC5539754.nxml.gz_130	26656	26842	resistance	NN	26819	26829	O	None	None	None
6029	PMC5539754.nxml.gz	PMC5539754.nxml.gz_130	26656	26842	at	IN	26830	26832	O	None	None	None
6030	PMC5539754.nxml.gz	PMC5539754.nxml.gz_130	26656	26842	28	CD	26833	26835	O	None	None	None
6031	PMC5539754.nxml.gz	PMC5539754.nxml.gz_130	26656	26842	weeks	NNS	26836	26841	O	None	None	None
6032	PMC5539754.nxml.gz	PMC5539754.nxml.gz_130	26656	26842	.	.	26841	26842	O	None	None	None
6033	PMC5539754.nxml.gz	PMC5539754.nxml.gz_131	26843	26873	Conversely	RB	26843	26853	O	None	None	None
6034	PMC5539754.nxml.gz	PMC5539754.nxml.gz_131	26843	26873	,	,	26853	26854	O	None	None	None
6035	PMC5539754.nxml.gz	PMC5539754.nxml.gz_131	26843	26873	Janghorbani	NNP	26855	26866	O	None	None	None
6036	PMC5539754.nxml.gz	PMC5539754.nxml.gz_131	26843	26873	et	CC	26867	26869	O	None	None	None
6037	PMC5539754.nxml.gz	PMC5539754.nxml.gz_131	26843	26873	al	NN	26870	26872	O	None	None	None
6038	PMC5539754.nxml.gz	PMC5539754.nxml.gz_131	26843	26873	.	.	26872	26873	O	None	None	None
6039	PMC5539754.nxml.gz	PMC5539754.nxml.gz_132	26874	27004	did	VBD	26874	26877	O	None	None	None
6040	PMC5539754.nxml.gz	PMC5539754.nxml.gz_132	26874	27004	not	RB	26878	26881	O	None	None	None
6041	PMC5539754.nxml.gz	PMC5539754.nxml.gz_132	26874	27004	find	VB	26882	26886	O	None	None	None
6042	PMC5539754.nxml.gz	PMC5539754.nxml.gz_132	26874	27004	an	DT	26887	26889	O	None	None	None
6043	PMC5539754.nxml.gz	PMC5539754.nxml.gz_132	26874	27004	association	NN	26890	26901	O	None	None	None
6044	PMC5539754.nxml.gz	PMC5539754.nxml.gz_132	26874	27004	between	IN	26902	26909	O	None	None	None
6045	PMC5539754.nxml.gz	PMC5539754.nxml.gz_132	26874	27004	season	NN	26910	26916	O	None	None	None
6046	PMC5539754.nxml.gz	PMC5539754.nxml.gz_132	26874	27004	and	CC	26917	26920	O	None	None	None
6047	PMC5539754.nxml.gz	PMC5539754.nxml.gz_132	26874	27004	gestational	JJ	26921	26932	O	None	None	None
6048	PMC5539754.nxml.gz	PMC5539754.nxml.gz_132	26874	27004	diabetes	NNS	26933	26941	O	None	None	None
6049	PMC5539754.nxml.gz	PMC5539754.nxml.gz_132	26874	27004	incidence	NN	26942	26951	O	None	None	None
6050	PMC5539754.nxml.gz	PMC5539754.nxml.gz_132	26874	27004	among	IN	26952	26957	O	None	None	None
6051	PMC5539754.nxml.gz	PMC5539754.nxml.gz_132	26874	27004	4942	CD	26958	26962	O	None	None	None
6052	PMC5539754.nxml.gz	PMC5539754.nxml.gz_132	26874	27004	British	JJ	26963	26970	O	None	None	None
6053	PMC5539754.nxml.gz	PMC5539754.nxml.gz_132	26874	27004	women	NNS	26971	26976	B	NCBITaxon_EXT_2021_10_26_Instance_3641	None	None
6054	PMC5539754.nxml.gz	PMC5539754.nxml.gz_132	26874	27004	between	IN	26977	26984	O	None	None	None
6055	PMC5539754.nxml.gz	PMC5539754.nxml.gz_132	26874	27004	1996	CD	26985	26989	O	None	None	None
6056	PMC5539754.nxml.gz	PMC5539754.nxml.gz_132	26874	27004	and	CC	26990	26993	O	None	None	None
6057	PMC5539754.nxml.gz	PMC5539754.nxml.gz_132	26874	27004	1997	CD	26994	26998	O	None	None	None
6058	PMC5539754.nxml.gz	PMC5539754.nxml.gz_132	26874	27004	[	NN	26999	27000	O	None	None	None
6059	PMC5539754.nxml.gz	PMC5539754.nxml.gz_132	26874	27004	28	CD	27000	27002	O	None	None	None
6060	PMC5539754.nxml.gz	PMC5539754.nxml.gz_132	26874	27004	].	NN	27002	27004	O	None	None	None
6061	PMC5539754.nxml.gz	PMC5539754.nxml.gz_133	27005	27287	In	IN	27005	27007	O	None	None	None
6062	PMC5539754.nxml.gz	PMC5539754.nxml.gz_133	27005	27287	non	JJ	27008	27011	O	None	None	None
6063	PMC5539754.nxml.gz	PMC5539754.nxml.gz_133	27005	27287	-	:	27011	27012	O	None	None	None
6064	PMC5539754.nxml.gz	PMC5539754.nxml.gz_133	27005	27287	pregnant	JJ	27012	27020	O	None	None	None
6065	PMC5539754.nxml.gz	PMC5539754.nxml.gz_133	27005	27287	adult	NN	27021	27026	O	None	None	None
6066	PMC5539754.nxml.gz	PMC5539754.nxml.gz_133	27005	27287	populations	NNS	27027	27038	O	None	None	None
6067	PMC5539754.nxml.gz	PMC5539754.nxml.gz_133	27005	27287	,	,	27038	27039	O	None	None	None
6068	PMC5539754.nxml.gz	PMC5539754.nxml.gz_133	27005	27287	conflicting	VBG	27040	27051	O	None	None	None
6069	PMC5539754.nxml.gz	PMC5539754.nxml.gz_133	27005	27287	results	NNS	27052	27059	O	None	None	None
6070	PMC5539754.nxml.gz	PMC5539754.nxml.gz_133	27005	27287	have	VBP	27060	27064	O	None	None	None
6071	PMC5539754.nxml.gz	PMC5539754.nxml.gz_133	27005	27287	been	VBN	27065	27069	O	None	None	None
6072	PMC5539754.nxml.gz	PMC5539754.nxml.gz_133	27005	27287	reported	VBN	27070	27078	O	None	None	None
6073	PMC5539754.nxml.gz	PMC5539754.nxml.gz_133	27005	27287	regarding	VBG	27079	27088	O	None	None	None
6074	PMC5539754.nxml.gz	PMC5539754.nxml.gz_133	27005	27287	seasonal	JJ	27089	27097	O	None	None	None
6075	PMC5539754.nxml.gz	PMC5539754.nxml.gz_133	27005	27287	variation	NN	27098	27107	O	None	None	None
6076	PMC5539754.nxml.gz	PMC5539754.nxml.gz_133	27005	27287	HbA1c	NNP	27108	27113	O	None	None	None
6077	PMC5539754.nxml.gz	PMC5539754.nxml.gz_133	27005	27287	(	(	27113	27114	O	None	None	None
6078	PMC5539754.nxml.gz	PMC5539754.nxml.gz_133	27005	27287	a	DT	27114	27115	O	None	None	None
6079	PMC5539754.nxml.gz	PMC5539754.nxml.gz_133	27005	27287	measure	NN	27116	27123	O	None	None	None
6080	PMC5539754.nxml.gz	PMC5539754.nxml.gz_133	27005	27287	that	WDT	27124	27128	O	None	None	None
6081	PMC5539754.nxml.gz	PMC5539754.nxml.gz_133	27005	27287	reflects	VBZ	27129	27137	O	None	None	None
6082	PMC5539754.nxml.gz	PMC5539754.nxml.gz_133	27005	27287	average	JJ	27138	27145	O	None	None	None
6083	PMC5539754.nxml.gz	PMC5539754.nxml.gz_133	27005	27287	circulating	VBG	27146	27157	O	None	None	None
6084	PMC5539754.nxml.gz	PMC5539754.nxml.gz_133	27005	27287	blood	NN	27158	27163	O	None	None	None
6085	PMC5539754.nxml.gz	PMC5539754.nxml.gz_133	27005	27287	glucose	JJ	27164	27171	O	None	None	None
6086	PMC5539754.nxml.gz	PMC5539754.nxml.gz_133	27005	27287	concentrations	NNS	27172	27186	O	None	None	None
6087	PMC5539754.nxml.gz	PMC5539754.nxml.gz_133	27005	27287	for	IN	27187	27190	O	None	None	None
6088	PMC5539754.nxml.gz	PMC5539754.nxml.gz_133	27005	27287	the	DT	27191	27194	O	None	None	None
6089	PMC5539754.nxml.gz	PMC5539754.nxml.gz_133	27005	27287	previous	JJ	27195	27203	O	None	None	None
6090	PMC5539754.nxml.gz	PMC5539754.nxml.gz_133	27005	27287	90	CD	27204	27206	O	None	None	None
6091	PMC5539754.nxml.gz	PMC5539754.nxml.gz_133	27005	27287	days	NNS	27207	27211	O	None	None	None
6092	PMC5539754.nxml.gz	PMC5539754.nxml.gz_133	27005	27287	)	)	27211	27212	O	None	None	None
6093	PMC5539754.nxml.gz	PMC5539754.nxml.gz_133	27005	27287	and	CC	27213	27216	O	None	None	None
6094	PMC5539754.nxml.gz	PMC5539754.nxml.gz_133	27005	27287	glucose	JJ	27217	27224	O	None	None	None
6095	PMC5539754.nxml.gz	PMC5539754.nxml.gz_133	27005	27287	concentrations	NNS	27225	27239	O	None	None	None
6096	PMC5539754.nxml.gz	PMC5539754.nxml.gz_133	27005	27287	among	IN	27240	27245	O	None	None	None
6097	PMC5539754.nxml.gz	PMC5539754.nxml.gz_133	27005	27287	individuals	NNS	27246	27257	B	NCBITaxon_EXT_2021_10_26_Instance_3642	None	None
6098	PMC5539754.nxml.gz	PMC5539754.nxml.gz_133	27005	27287	with	IN	27258	27262	O	None	None	None
6099	PMC5539754.nxml.gz	PMC5539754.nxml.gz_133	27005	27287	type	NN	27263	27267	O	None	None	None
6100	PMC5539754.nxml.gz	PMC5539754.nxml.gz_133	27005	27287	2	CD	27268	27269	O	None	None	None
6101	PMC5539754.nxml.gz	PMC5539754.nxml.gz_133	27005	27287	diabetes	NNS	27270	27278	O	None	None	None
6102	PMC5539754.nxml.gz	PMC5539754.nxml.gz_133	27005	27287	[	RB	27279	27280	O	None	None	None
6103	PMC5539754.nxml.gz	PMC5539754.nxml.gz_133	27005	27287	19	CD	27280	27282	O	None	None	None
6104	PMC5539754.nxml.gz	PMC5539754.nxml.gz_133	27005	27287	,	,	27282	27283	O	None	None	None
6105	PMC5539754.nxml.gz	PMC5539754.nxml.gz_133	27005	27287	43	CD	27283	27285	O	None	None	None
6106	PMC5539754.nxml.gz	PMC5539754.nxml.gz_133	27005	27287	].	NN	27285	27287	O	None	None	None
6107	PMC5539754.nxml.gz	PMC5539754.nxml.gz_134	27288	27301	Carney	NNP	27288	27294	O	None	None	None
6108	PMC5539754.nxml.gz	PMC5539754.nxml.gz_134	27288	27301	et	CC	27295	27297	O	None	None	None
6109	PMC5539754.nxml.gz	PMC5539754.nxml.gz_134	27288	27301	al	NN	27298	27300	O	None	None	None
6110	PMC5539754.nxml.gz	PMC5539754.nxml.gz_134	27288	27301	.	.	27300	27301	O	None	None	None
6111	PMC5539754.nxml.gz	PMC5539754.nxml.gz_135	27302	27562	observed	VBN	27302	27310	O	None	None	None
6112	PMC5539754.nxml.gz	PMC5539754.nxml.gz_135	27302	27562	significantly	RB	27311	27324	O	None	None	None
6113	PMC5539754.nxml.gz	PMC5539754.nxml.gz_135	27302	27562	higher	JJR	27325	27331	O	None	None	None
6114	PMC5539754.nxml.gz	PMC5539754.nxml.gz_135	27302	27562	HbA1cin	NNP	27332	27339	O	None	None	None
6115	PMC5539754.nxml.gz	PMC5539754.nxml.gz_135	27302	27562	the	DT	27340	27343	O	None	None	None
6116	PMC5539754.nxml.gz	PMC5539754.nxml.gz_135	27302	27562	UK	NNP	27344	27346	O	None	None	None
6117	PMC5539754.nxml.gz	PMC5539754.nxml.gz_135	27302	27562	among	IN	27347	27352	O	None	None	None
6118	PMC5539754.nxml.gz	PMC5539754.nxml.gz_135	27302	27562	female	JJ	27353	27359	O	None	None	None
6119	PMC5539754.nxml.gz	PMC5539754.nxml.gz_135	27302	27562	patients	NNS	27360	27368	O	None	None	None
6120	PMC5539754.nxml.gz	PMC5539754.nxml.gz_135	27302	27562	with	IN	27369	27373	O	None	None	None
6121	PMC5539754.nxml.gz	PMC5539754.nxml.gz_135	27302	27562	type	JJ	27374	27378	O	None	None	None
6122	PMC5539754.nxml.gz	PMC5539754.nxml.gz_135	27302	27562	2	CD	27379	27380	O	None	None	None
6123	PMC5539754.nxml.gz	PMC5539754.nxml.gz_135	27302	27562	diabetes	NNS	27381	27389	O	None	None	None
6124	PMC5539754.nxml.gz	PMC5539754.nxml.gz_135	27302	27562	in	IN	27390	27392	O	None	None	None
6125	PMC5539754.nxml.gz	PMC5539754.nxml.gz_135	27302	27562	the	DT	27393	27396	O	None	None	None
6126	PMC5539754.nxml.gz	PMC5539754.nxml.gz_135	27302	27562	months	NNS	27397	27403	O	None	None	None
6127	PMC5539754.nxml.gz	PMC5539754.nxml.gz_135	27302	27562	February	NNP	27404	27412	O	None	None	None
6128	PMC5539754.nxml.gz	PMC5539754.nxml.gz_135	27302	27562	,	,	27412	27413	O	None	None	None
6129	PMC5539754.nxml.gz	PMC5539754.nxml.gz_135	27302	27562	March	NNP	27414	27419	O	None	None	None
6130	PMC5539754.nxml.gz	PMC5539754.nxml.gz_135	27302	27562	and	CC	27420	27423	O	None	None	None
6131	PMC5539754.nxml.gz	PMC5539754.nxml.gz_135	27302	27562	June	NNP	27424	27428	O	None	None	None
6132	PMC5539754.nxml.gz	PMC5539754.nxml.gz_135	27302	27562	,	,	27428	27429	O	None	None	None
6133	PMC5539754.nxml.gz	PMC5539754.nxml.gz_135	27302	27562	and	CC	27430	27433	O	None	None	None
6134	PMC5539754.nxml.gz	PMC5539754.nxml.gz_135	27302	27562	suggested	VBD	27434	27443	O	None	None	None
6135	PMC5539754.nxml.gz	PMC5539754.nxml.gz_135	27302	27562	that	IN	27444	27448	O	None	None	None
6136	PMC5539754.nxml.gz	PMC5539754.nxml.gz_135	27302	27562	poorer	NN	27449	27455	O	None	None	None
6137	PMC5539754.nxml.gz	PMC5539754.nxml.gz_135	27302	27562	diet	NN	27456	27460	O	None	None	None
6138	PMC5539754.nxml.gz	PMC5539754.nxml.gz_135	27302	27562	and	CC	27461	27464	O	None	None	None
6139	PMC5539754.nxml.gz	PMC5539754.nxml.gz_135	27302	27562	reduced	JJ	27465	27472	O	None	None	None
6140	PMC5539754.nxml.gz	PMC5539754.nxml.gz_135	27302	27562	physical	JJ	27473	27481	O	None	None	None
6141	PMC5539754.nxml.gz	PMC5539754.nxml.gz_135	27302	27562	activity	NN	27482	27490	O	None	None	None
6142	PMC5539754.nxml.gz	PMC5539754.nxml.gz_135	27302	27562	associated	VBN	27491	27501	O	None	None	None
6143	PMC5539754.nxml.gz	PMC5539754.nxml.gz_135	27302	27562	with	IN	27502	27506	O	None	None	None
6144	PMC5539754.nxml.gz	PMC5539754.nxml.gz_135	27302	27562	Christmas	NNP	27507	27516	O	None	None	None
6145	PMC5539754.nxml.gz	PMC5539754.nxml.gz_135	27302	27562	and	CC	27517	27520	O	None	None	None
6146	PMC5539754.nxml.gz	PMC5539754.nxml.gz_135	27302	27562	Easter	NNP	27521	27527	O	None	None	None
6147	PMC5539754.nxml.gz	PMC5539754.nxml.gz_135	27302	27562	celebrations	NNS	27528	27540	O	None	None	None
6148	PMC5539754.nxml.gz	PMC5539754.nxml.gz_135	27302	27562	may	MD	27541	27544	O	None	None	None
6149	PMC5539754.nxml.gz	PMC5539754.nxml.gz_135	27302	27562	be	VB	27545	27547	O	None	None	None
6150	PMC5539754.nxml.gz	PMC5539754.nxml.gz_135	27302	27562	involved	VBN	27548	27556	O	None	None	None
6151	PMC5539754.nxml.gz	PMC5539754.nxml.gz_135	27302	27562	[	JJ	27557	27558	O	None	None	None
6152	PMC5539754.nxml.gz	PMC5539754.nxml.gz_135	27302	27562	20	CD	27558	27560	O	None	None	None
6153	PMC5539754.nxml.gz	PMC5539754.nxml.gz_135	27302	27562	].	NN	27560	27562	O	None	None	None
6154	PMC5539754.nxml.gz	PMC5539754.nxml.gz_136	27563	27675	Fasting	VBG	27563	27570	O	None	None	None
6155	PMC5539754.nxml.gz	PMC5539754.nxml.gz_136	27563	27675	glucose	NN	27571	27578	O	None	None	None
6156	PMC5539754.nxml.gz	PMC5539754.nxml.gz_136	27563	27675	and	CC	27579	27582	O	None	None	None
6157	PMC5539754.nxml.gz	PMC5539754.nxml.gz_136	27563	27675	HbA1cwere	NNP	27583	27592	O	None	None	None
6158	PMC5539754.nxml.gz	PMC5539754.nxml.gz_136	27563	27675	lowest	VBP	27593	27599	O	None	None	None
6159	PMC5539754.nxml.gz	PMC5539754.nxml.gz_136	27563	27675	among	IN	27600	27605	O	None	None	None
6160	PMC5539754.nxml.gz	PMC5539754.nxml.gz_136	27563	27675	Greek	JJ	27606	27611	O	None	None	None
6161	PMC5539754.nxml.gz	PMC5539754.nxml.gz_136	27563	27675	patients	NNS	27612	27620	O	None	None	None
6162	PMC5539754.nxml.gz	PMC5539754.nxml.gz_136	27563	27675	with	IN	27621	27625	O	None	None	None
6163	PMC5539754.nxml.gz	PMC5539754.nxml.gz_136	27563	27675	type	JJ	27626	27630	O	None	None	None
6164	PMC5539754.nxml.gz	PMC5539754.nxml.gz_136	27563	27675	2	CD	27631	27632	O	None	None	None
6165	PMC5539754.nxml.gz	PMC5539754.nxml.gz_136	27563	27675	diabetes	NNS	27633	27641	O	None	None	None
6166	PMC5539754.nxml.gz	PMC5539754.nxml.gz_136	27563	27675	during	IN	27642	27648	O	None	None	None
6167	PMC5539754.nxml.gz	PMC5539754.nxml.gz_136	27563	27675	August	NNP	27649	27655	O	None	None	None
6168	PMC5539754.nxml.gz	PMC5539754.nxml.gz_136	27563	27675	and	CC	27656	27659	O	None	None	None
6169	PMC5539754.nxml.gz	PMC5539754.nxml.gz_136	27563	27675	September	NNP	27660	27669	O	None	None	None
6170	PMC5539754.nxml.gz	PMC5539754.nxml.gz_136	27563	27675	[	NNP	27670	27671	O	None	None	None
6171	PMC5539754.nxml.gz	PMC5539754.nxml.gz_136	27563	27675	23	CD	27671	27673	O	None	None	None
6172	PMC5539754.nxml.gz	PMC5539754.nxml.gz_136	27563	27675	].	NN	27673	27675	O	None	None	None
6173	PMC5539754.nxml.gz	PMC5539754.nxml.gz_137	27676	27894	The	DT	27676	27679	O	None	None	None
6174	PMC5539754.nxml.gz	PMC5539754.nxml.gz_137	27676	27894	authors	NNS	27680	27687	O	None	None	None
6175	PMC5539754.nxml.gz	PMC5539754.nxml.gz_137	27676	27894	suggested	VBD	27688	27697	O	None	None	None
6176	PMC5539754.nxml.gz	PMC5539754.nxml.gz_137	27676	27894	that	IN	27698	27702	O	None	None	None
6177	PMC5539754.nxml.gz	PMC5539754.nxml.gz_137	27676	27894	a	DT	27703	27704	O	None	None	None
6178	PMC5539754.nxml.gz	PMC5539754.nxml.gz_137	27676	27894	combination	NN	27705	27716	O	None	None	None
6179	PMC5539754.nxml.gz	PMC5539754.nxml.gz_137	27676	27894	of	IN	27717	27719	O	None	None	None
6180	PMC5539754.nxml.gz	PMC5539754.nxml.gz_137	27676	27894	seasonal	JJ	27720	27728	O	None	None	None
6181	PMC5539754.nxml.gz	PMC5539754.nxml.gz_137	27676	27894	changes	NNS	27729	27736	O	None	None	None
6182	PMC5539754.nxml.gz	PMC5539754.nxml.gz_137	27676	27894	to	TO	27737	27739	O	None	None	None
6183	PMC5539754.nxml.gz	PMC5539754.nxml.gz_137	27676	27894	an	DT	27740	27742	O	None	None	None
6184	PMC5539754.nxml.gz	PMC5539754.nxml.gz_137	27676	27894	individuals	NNS	27743	27754	B	NCBITaxon_EXT_2021_10_26_Instance_3643	None	None
6185	PMC5539754.nxml.gz	PMC5539754.nxml.gz_137	27676	27894	’	JJ	27754	27755	O	None	None	None
6186	PMC5539754.nxml.gz	PMC5539754.nxml.gz_137	27676	27894	physical	JJ	27756	27764	O	None	None	None
6187	PMC5539754.nxml.gz	PMC5539754.nxml.gz_137	27676	27894	activity	NN	27765	27773	O	None	None	None
6188	PMC5539754.nxml.gz	PMC5539754.nxml.gz_137	27676	27894	,	,	27773	27774	O	None	None	None
6189	PMC5539754.nxml.gz	PMC5539754.nxml.gz_137	27676	27894	diet	NN	27775	27779	O	None	None	None
6190	PMC5539754.nxml.gz	PMC5539754.nxml.gz_137	27676	27894	,	,	27779	27780	O	None	None	None
6191	PMC5539754.nxml.gz	PMC5539754.nxml.gz_137	27676	27894	sunlight	JJ	27781	27789	O	None	None	None
6192	PMC5539754.nxml.gz	PMC5539754.nxml.gz_137	27676	27894	exposure	NN	27790	27798	O	None	None	None
6193	PMC5539754.nxml.gz	PMC5539754.nxml.gz_137	27676	27894	,	,	27798	27799	O	None	None	None
6194	PMC5539754.nxml.gz	PMC5539754.nxml.gz_137	27676	27894	weather	NN	27800	27807	O	None	None	None
6195	PMC5539754.nxml.gz	PMC5539754.nxml.gz_137	27676	27894	pattern	NN	27808	27815	O	None	None	None
6196	PMC5539754.nxml.gz	PMC5539754.nxml.gz_137	27676	27894	,	,	27815	27816	O	None	None	None
6197	PMC5539754.nxml.gz	PMC5539754.nxml.gz_137	27676	27894	psychological	JJ	27817	27830	O	None	None	None
6198	PMC5539754.nxml.gz	PMC5539754.nxml.gz_137	27676	27894	variables	NNS	27831	27840	O	None	None	None
6199	PMC5539754.nxml.gz	PMC5539754.nxml.gz_137	27676	27894	,	,	27840	27841	O	None	None	None
6200	PMC5539754.nxml.gz	PMC5539754.nxml.gz_137	27676	27894	and	CC	27842	27845	O	None	None	None
6201	PMC5539754.nxml.gz	PMC5539754.nxml.gz_137	27676	27894	weight	VBD	27846	27852	O	None	None	None
6202	PMC5539754.nxml.gz	PMC5539754.nxml.gz_137	27676	27894	changes	NNS	27853	27860	O	None	None	None
6203	PMC5539754.nxml.gz	PMC5539754.nxml.gz_137	27676	27894	may	MD	27861	27864	O	None	None	None
6204	PMC5539754.nxml.gz	PMC5539754.nxml.gz_137	27676	27894	be	VB	27865	27867	O	None	None	None
6205	PMC5539754.nxml.gz	PMC5539754.nxml.gz_137	27676	27894	contributing	VBG	27868	27880	O	None	None	None
6206	PMC5539754.nxml.gz	PMC5539754.nxml.gz_137	27676	27894	factors	NNS	27881	27888	O	None	None	None
6207	PMC5539754.nxml.gz	PMC5539754.nxml.gz_137	27676	27894	[	VBP	27889	27890	O	None	None	None
6208	PMC5539754.nxml.gz	PMC5539754.nxml.gz_137	27676	27894	23	CD	27890	27892	O	None	None	None
6209	PMC5539754.nxml.gz	PMC5539754.nxml.gz_137	27676	27894	].	NN	27892	27894	O	None	None	None
6210	PMC5539754.nxml.gz	PMC5539754.nxml.gz_138	27895	28112	In	IN	27895	27897	O	None	None	None
6211	PMC5539754.nxml.gz	PMC5539754.nxml.gz_138	27895	28112	our	PRP$	27898	27901	O	None	None	None
6212	PMC5539754.nxml.gz	PMC5539754.nxml.gz_138	27895	28112	cohort	NN	27902	27908	O	None	None	None
6213	PMC5539754.nxml.gz	PMC5539754.nxml.gz_138	27895	28112	,	,	27908	27909	O	None	None	None
6214	PMC5539754.nxml.gz	PMC5539754.nxml.gz_138	27895	28112	dietary	JJ	27910	27917	O	None	None	None
6215	PMC5539754.nxml.gz	PMC5539754.nxml.gz_138	27895	28112	energy	NN	27918	27924	O	None	None	None
6216	PMC5539754.nxml.gz	PMC5539754.nxml.gz_138	27895	28112	,	,	27924	27925	O	None	None	None
6217	PMC5539754.nxml.gz	PMC5539754.nxml.gz_138	27895	28112	protein	NN	27926	27933	O	None	None	None
6218	PMC5539754.nxml.gz	PMC5539754.nxml.gz_138	27895	28112	and	CC	27934	27937	O	None	None	None
6219	PMC5539754.nxml.gz	PMC5539754.nxml.gz_138	27895	28112	fat	NN	27938	27941	O	None	None	None
6220	PMC5539754.nxml.gz	PMC5539754.nxml.gz_138	27895	28112	were	VBD	27942	27946	O	None	None	None
6221	PMC5539754.nxml.gz	PMC5539754.nxml.gz_138	27895	28112	significantly	RB	27947	27960	O	None	None	None
6222	PMC5539754.nxml.gz	PMC5539754.nxml.gz_138	27895	28112	higher	JJR	27961	27967	O	None	None	None
6223	PMC5539754.nxml.gz	PMC5539754.nxml.gz_138	27895	28112	during	IN	27968	27974	O	None	None	None
6224	PMC5539754.nxml.gz	PMC5539754.nxml.gz_138	27895	28112	extended	VBN	27975	27983	O	None	None	None
6225	PMC5539754.nxml.gz	PMC5539754.nxml.gz_138	27895	28112	summer	NN	27984	27990	O	None	None	None
6226	PMC5539754.nxml.gz	PMC5539754.nxml.gz_138	27895	28112	,	,	27990	27991	O	None	None	None
6227	PMC5539754.nxml.gz	PMC5539754.nxml.gz_138	27895	28112	while	IN	27992	27997	O	None	None	None
6228	PMC5539754.nxml.gz	PMC5539754.nxml.gz_138	27895	28112	carbohydrates	NNS	27998	28011	O	None	None	None
6229	PMC5539754.nxml.gz	PMC5539754.nxml.gz_138	27895	28112	,	,	28011	28012	O	None	None	None
6230	PMC5539754.nxml.gz	PMC5539754.nxml.gz_138	27895	28112	glycaemic	JJ	28013	28022	O	None	None	None
6231	PMC5539754.nxml.gz	PMC5539754.nxml.gz_138	27895	28112	index	NN	28023	28028	O	None	None	None
6232	PMC5539754.nxml.gz	PMC5539754.nxml.gz_138	27895	28112	,	,	28028	28029	O	None	None	None
6233	PMC5539754.nxml.gz	PMC5539754.nxml.gz_138	27895	28112	glycaemic	JJ	28030	28039	O	None	None	None
6234	PMC5539754.nxml.gz	PMC5539754.nxml.gz_138	27895	28112	load	NN	28040	28044	O	None	None	None
6235	PMC5539754.nxml.gz	PMC5539754.nxml.gz_138	27895	28112	,	,	28044	28045	O	None	None	None
6236	PMC5539754.nxml.gz	PMC5539754.nxml.gz_138	27895	28112	physical	JJ	28046	28054	O	None	None	None
6237	PMC5539754.nxml.gz	PMC5539754.nxml.gz_138	27895	28112	activity	NN	28055	28063	O	None	None	None
6238	PMC5539754.nxml.gz	PMC5539754.nxml.gz_138	27895	28112	and	CC	28064	28067	O	None	None	None
6239	PMC5539754.nxml.gz	PMC5539754.nxml.gz_138	27895	28112	well	RB	28068	28072	O	None	None	None
6240	PMC5539754.nxml.gz	PMC5539754.nxml.gz_138	27895	28112	-	:	28072	28073	O	None	None	None
6241	PMC5539754.nxml.gz	PMC5539754.nxml.gz_138	27895	28112	being	VBG	28073	28078	O	None	None	None
6242	PMC5539754.nxml.gz	PMC5539754.nxml.gz_138	27895	28112	were	VBD	28079	28083	O	None	None	None
6243	PMC5539754.nxml.gz	PMC5539754.nxml.gz_138	27895	28112	no	DT	28084	28086	O	None	None	None
6244	PMC5539754.nxml.gz	PMC5539754.nxml.gz_138	27895	28112	different	JJ	28087	28096	O	None	None	None
6245	PMC5539754.nxml.gz	PMC5539754.nxml.gz_138	27895	28112	across	IN	28097	28103	O	None	None	None
6246	PMC5539754.nxml.gz	PMC5539754.nxml.gz_138	27895	28112	seasons	NNS	28104	28111	O	None	None	None
6247	PMC5539754.nxml.gz	PMC5539754.nxml.gz_138	27895	28112	.	.	28111	28112	O	None	None	None
6248	PMC5539754.nxml.gz	PMC5539754.nxml.gz_139	28113	28342	During	IN	28113	28119	O	None	None	None
6249	PMC5539754.nxml.gz	PMC5539754.nxml.gz_139	28113	28342	summer	NN	28120	28126	O	None	None	None
6250	PMC5539754.nxml.gz	PMC5539754.nxml.gz_139	28113	28342	,	,	28126	28127	O	None	None	None
6251	PMC5539754.nxml.gz	PMC5539754.nxml.gz_139	28113	28342	early	JJ	28128	28133	O	None	None	None
6252	PMC5539754.nxml.gz	PMC5539754.nxml.gz_139	28113	28342	pregnancy	NN	28134	28143	O	None	None	None
6253	PMC5539754.nxml.gz	PMC5539754.nxml.gz_139	28113	28342	energy	NN	28144	28150	O	None	None	None
6254	PMC5539754.nxml.gz	PMC5539754.nxml.gz_139	28113	28342	(	(	28151	28152	O	None	None	None
6255	PMC5539754.nxml.gz	PMC5539754.nxml.gz_139	28113	28342	kcal	JJ	28152	28156	O	None	None	None
6256	PMC5539754.nxml.gz	PMC5539754.nxml.gz_139	28113	28342	)	)	28156	28157	O	None	None	None
6257	PMC5539754.nxml.gz	PMC5539754.nxml.gz_139	28113	28342	was	VBD	28158	28161	O	None	None	None
6258	PMC5539754.nxml.gz	PMC5539754.nxml.gz_139	28113	28342	associated	VBN	28162	28172	O	None	None	None
6259	PMC5539754.nxml.gz	PMC5539754.nxml.gz_139	28113	28342	with	IN	28173	28177	O	None	None	None
6260	PMC5539754.nxml.gz	PMC5539754.nxml.gz_139	28113	28342	a	DT	28178	28179	O	None	None	None
6261	PMC5539754.nxml.gz	PMC5539754.nxml.gz_139	28113	28342	negligible	JJ	28180	28190	O	None	None	None
6262	PMC5539754.nxml.gz	PMC5539754.nxml.gz_139	28113	28342	reduction	NN	28191	28200	O	None	None	None
6263	PMC5539754.nxml.gz	PMC5539754.nxml.gz_139	28113	28342	in	IN	28201	28203	O	None	None	None
6264	PMC5539754.nxml.gz	PMC5539754.nxml.gz_139	28113	28342	late	JJ	28204	28208	O	None	None	None
6265	PMC5539754.nxml.gz	PMC5539754.nxml.gz_139	28113	28342	pregnancy	NN	28209	28218	O	None	None	None
6266	PMC5539754.nxml.gz	PMC5539754.nxml.gz_139	28113	28342	insulin	NN	28219	28226	O	None	None	None
6267	PMC5539754.nxml.gz	PMC5539754.nxml.gz_139	28113	28342	resistance	NN	28227	28237	O	None	None	None
6268	PMC5539754.nxml.gz	PMC5539754.nxml.gz_139	28113	28342	(−	VBD	28238	28240	O	None	None	None
6269	PMC5539754.nxml.gz	PMC5539754.nxml.gz_139	28113	28342	0	CD	28240	28241	O	None	None	None
6270	PMC5539754.nxml.gz	PMC5539754.nxml.gz_139	28113	28342	.	.	28241	28242	O	None	None	None
6271	PMC5539754.nxml.gz	PMC5539754.nxml.gz_139	28113	28342	1	CD	28242	28243	O	None	None	None
6272	PMC5539754.nxml.gz	PMC5539754.nxml.gz_139	28113	28342	%),	NN	28243	28246	O	None	None	None
6273	PMC5539754.nxml.gz	PMC5539754.nxml.gz_139	28113	28342	while	IN	28247	28252	O	None	None	None
6274	PMC5539754.nxml.gz	PMC5539754.nxml.gz_139	28113	28342	fat	NN	28253	28256	O	None	None	None
6275	PMC5539754.nxml.gz	PMC5539754.nxml.gz_139	28113	28342	(	(	28257	28258	O	None	None	None
6276	PMC5539754.nxml.gz	PMC5539754.nxml.gz_139	28113	28342	g	NN	28258	28259	O	None	None	None
6277	PMC5539754.nxml.gz	PMC5539754.nxml.gz_139	28113	28342	)	)	28259	28260	O	None	None	None
6278	PMC5539754.nxml.gz	PMC5539754.nxml.gz_139	28113	28342	was	VBD	28261	28264	O	None	None	None
6279	PMC5539754.nxml.gz	PMC5539754.nxml.gz_139	28113	28342	associated	VBN	28265	28275	O	None	None	None
6280	PMC5539754.nxml.gz	PMC5539754.nxml.gz_139	28113	28342	with	IN	28276	28280	O	None	None	None
6281	PMC5539754.nxml.gz	PMC5539754.nxml.gz_139	28113	28342	a	DT	28281	28282	O	None	None	None
6282	PMC5539754.nxml.gz	PMC5539754.nxml.gz_139	28113	28342	small	JJ	28283	28288	O	None	None	None
6283	PMC5539754.nxml.gz	PMC5539754.nxml.gz_139	28113	28342	increase	NN	28289	28297	O	None	None	None
6284	PMC5539754.nxml.gz	PMC5539754.nxml.gz_139	28113	28342	in	IN	28298	28300	O	None	None	None
6285	PMC5539754.nxml.gz	PMC5539754.nxml.gz_139	28113	28342	late	JJ	28301	28305	O	None	None	None
6286	PMC5539754.nxml.gz	PMC5539754.nxml.gz_139	28113	28342	pregnancy	NN	28306	28315	O	None	None	None
6287	PMC5539754.nxml.gz	PMC5539754.nxml.gz_139	28113	28342	insulin	NN	28316	28323	O	None	None	None
6288	PMC5539754.nxml.gz	PMC5539754.nxml.gz_139	28113	28342	resistance	NN	28324	28334	O	None	None	None
6289	PMC5539754.nxml.gz	PMC5539754.nxml.gz_139	28113	28342	(	(	28335	28336	O	None	None	None
6290	PMC5539754.nxml.gz	PMC5539754.nxml.gz_139	28113	28342	1	CD	28336	28337	O	None	None	None
6291	PMC5539754.nxml.gz	PMC5539754.nxml.gz_139	28113	28342	.	.	28337	28338	O	None	None	None
6292	PMC5539754.nxml.gz	PMC5539754.nxml.gz_139	28113	28342	4	CD	28338	28339	O	None	None	None
6293	PMC5539754.nxml.gz	PMC5539754.nxml.gz_139	28113	28342	%).	NN	28339	28342	O	None	None	None
6294	PMC5539754.nxml.gz	PMC5539754.nxml.gz_140	28343	28430	The	DT	28343	28346	O	None	None	None
6295	PMC5539754.nxml.gz	PMC5539754.nxml.gz_140	28343	28430	other	JJ	28347	28352	O	None	None	None
6296	PMC5539754.nxml.gz	PMC5539754.nxml.gz_140	28343	28430	seasonal	JJ	28353	28361	O	None	None	None
6297	PMC5539754.nxml.gz	PMC5539754.nxml.gz_140	28343	28430	behaviours	NNS	28362	28372	O	None	None	None
6298	PMC5539754.nxml.gz	PMC5539754.nxml.gz_140	28343	28430	were	VBD	28373	28377	O	None	None	None
6299	PMC5539754.nxml.gz	PMC5539754.nxml.gz_140	28343	28430	not	RB	28378	28381	O	None	None	None
6300	PMC5539754.nxml.gz	PMC5539754.nxml.gz_140	28343	28430	significantly	RB	28382	28395	O	None	None	None
6301	PMC5539754.nxml.gz	PMC5539754.nxml.gz_140	28343	28430	associated	VBN	28396	28406	O	None	None	None
6302	PMC5539754.nxml.gz	PMC5539754.nxml.gz_140	28343	28430	with	IN	28407	28411	O	None	None	None
6303	PMC5539754.nxml.gz	PMC5539754.nxml.gz_140	28343	28430	metabolic	JJ	28412	28421	O	None	None	None
6304	PMC5539754.nxml.gz	PMC5539754.nxml.gz_140	28343	28430	markers	NNS	28422	28429	O	None	None	None
6305	PMC5539754.nxml.gz	PMC5539754.nxml.gz_140	28343	28430	.	.	28429	28430	O	None	None	None
6306	PMC5539754.nxml.gz	PMC5539754.nxml.gz_141	28431	28542	Traditionally	RB	28431	28444	O	None	None	None
6307	PMC5539754.nxml.gz	PMC5539754.nxml.gz_141	28431	28542	,	,	28444	28445	O	None	None	None
6308	PMC5539754.nxml.gz	PMC5539754.nxml.gz_141	28431	28542	and	CC	28446	28449	O	None	None	None
6309	PMC5539754.nxml.gz	PMC5539754.nxml.gz_141	28431	28542	in	IN	28450	28452	O	None	None	None
6310	PMC5539754.nxml.gz	PMC5539754.nxml.gz_141	28431	28542	may	MD	28453	28456	O	None	None	None
6311	PMC5539754.nxml.gz	PMC5539754.nxml.gz_141	28431	28542	regions	NNS	28457	28464	O	None	None	None
6312	PMC5539754.nxml.gz	PMC5539754.nxml.gz_141	28431	28542	of	IN	28465	28467	O	None	None	None
6313	PMC5539754.nxml.gz	PMC5539754.nxml.gz_141	28431	28542	the	DT	28468	28471	O	None	None	None
6314	PMC5539754.nxml.gz	PMC5539754.nxml.gz_141	28431	28542	world	NN	28472	28477	O	None	None	None
6315	PMC5539754.nxml.gz	PMC5539754.nxml.gz_141	28431	28542	today	NN	28478	28483	O	None	None	None
6316	PMC5539754.nxml.gz	PMC5539754.nxml.gz_141	28431	28542	,	,	28483	28484	O	None	None	None
6317	PMC5539754.nxml.gz	PMC5539754.nxml.gz_141	28431	28542	seasonal	JJ	28485	28493	O	None	None	None
6318	PMC5539754.nxml.gz	PMC5539754.nxml.gz_141	28431	28542	availability	NN	28494	28506	O	None	None	None
6319	PMC5539754.nxml.gz	PMC5539754.nxml.gz_141	28431	28542	of	IN	28507	28509	O	None	None	None
6320	PMC5539754.nxml.gz	PMC5539754.nxml.gz_141	28431	28542	food	NN	28510	28514	O	None	None	None
6321	PMC5539754.nxml.gz	PMC5539754.nxml.gz_141	28431	28542	determines	NNS	28515	28525	O	None	None	None
6322	PMC5539754.nxml.gz	PMC5539754.nxml.gz_141	28431	28542	dietary	JJ	28526	28533	O	None	None	None
6323	PMC5539754.nxml.gz	PMC5539754.nxml.gz_141	28431	28542	intakes	NNS	28534	28541	O	None	None	None
6324	PMC5539754.nxml.gz	PMC5539754.nxml.gz_141	28431	28542	.	.	28541	28542	O	None	None	None
6325	PMC5539754.nxml.gz	PMC5539754.nxml.gz_142	28543	28729	However	RB	28543	28550	O	None	None	None
6326	PMC5539754.nxml.gz	PMC5539754.nxml.gz_142	28543	28729	,	,	28550	28551	O	None	None	None
6327	PMC5539754.nxml.gz	PMC5539754.nxml.gz_142	28543	28729	in	IN	28552	28554	O	None	None	None
6328	PMC5539754.nxml.gz	PMC5539754.nxml.gz_142	28543	28729	developed	JJ	28555	28564	O	None	None	None
6329	PMC5539754.nxml.gz	PMC5539754.nxml.gz_142	28543	28729	countries	NNS	28565	28574	O	None	None	None
6330	PMC5539754.nxml.gz	PMC5539754.nxml.gz_142	28543	28729	,	,	28574	28575	O	None	None	None
6331	PMC5539754.nxml.gz	PMC5539754.nxml.gz_142	28543	28729	seasonal	JJ	28576	28584	O	None	None	None
6332	PMC5539754.nxml.gz	PMC5539754.nxml.gz_142	28543	28729	availablity	NN	28585	28596	O	None	None	None
6333	PMC5539754.nxml.gz	PMC5539754.nxml.gz_142	28543	28729	of	IN	28597	28599	O	None	None	None
6334	PMC5539754.nxml.gz	PMC5539754.nxml.gz_142	28543	28729	food	NN	28600	28604	O	None	None	None
6335	PMC5539754.nxml.gz	PMC5539754.nxml.gz_142	28543	28729	has	VBZ	28605	28608	O	None	None	None
6336	PMC5539754.nxml.gz	PMC5539754.nxml.gz_142	28543	28729	a	DT	28609	28610	O	None	None	None
6337	PMC5539754.nxml.gz	PMC5539754.nxml.gz_142	28543	28729	limited	JJ	28611	28618	O	None	None	None
6338	PMC5539754.nxml.gz	PMC5539754.nxml.gz_142	28543	28729	impact	NN	28619	28625	O	None	None	None
6339	PMC5539754.nxml.gz	PMC5539754.nxml.gz_142	28543	28729	on	IN	28626	28628	O	None	None	None
6340	PMC5539754.nxml.gz	PMC5539754.nxml.gz_142	28543	28729	diet	NN	28629	28633	O	None	None	None
6341	PMC5539754.nxml.gz	PMC5539754.nxml.gz_142	28543	28729	,	,	28633	28634	O	None	None	None
6342	PMC5539754.nxml.gz	PMC5539754.nxml.gz_142	28543	28729	although	IN	28635	28643	O	None	None	None
6343	PMC5539754.nxml.gz	PMC5539754.nxml.gz_142	28543	28729	seasonal	JJ	28644	28652	O	None	None	None
6344	PMC5539754.nxml.gz	PMC5539754.nxml.gz_142	28543	28729	differences	NNS	28653	28664	O	None	None	None
6345	PMC5539754.nxml.gz	PMC5539754.nxml.gz_142	28543	28729	in	IN	28665	28667	O	None	None	None
6346	PMC5539754.nxml.gz	PMC5539754.nxml.gz_142	28543	28729	dietary	JJ	28668	28675	O	None	None	None
6347	PMC5539754.nxml.gz	PMC5539754.nxml.gz_142	28543	28729	intakes	NNS	28676	28683	O	None	None	None
6348	PMC5539754.nxml.gz	PMC5539754.nxml.gz_142	28543	28729	among	IN	28684	28689	O	None	None	None
6349	PMC5539754.nxml.gz	PMC5539754.nxml.gz_142	28543	28729	pregnant	JJ	28690	28698	O	None	None	None
6350	PMC5539754.nxml.gz	PMC5539754.nxml.gz_142	28543	28729	women	NNS	28699	28704	B	NCBITaxon_EXT_2021_10_26_Instance_3644	None	None
6351	PMC5539754.nxml.gz	PMC5539754.nxml.gz_142	28543	28729	have	VBP	28705	28709	O	None	None	None
6352	PMC5539754.nxml.gz	PMC5539754.nxml.gz_142	28543	28729	been	VBN	28710	28714	O	None	None	None
6353	PMC5539754.nxml.gz	PMC5539754.nxml.gz_142	28543	28729	observed	VBN	28715	28723	O	None	None	None
6354	PMC5539754.nxml.gz	PMC5539754.nxml.gz_142	28543	28729	[	JJ	28724	28725	O	None	None	None
6355	PMC5539754.nxml.gz	PMC5539754.nxml.gz_142	28543	28729	29	CD	28725	28727	O	None	None	None
6356	PMC5539754.nxml.gz	PMC5539754.nxml.gz_142	28543	28729	].	NN	28727	28729	O	None	None	None
6357	PMC5539754.nxml.gz	PMC5539754.nxml.gz_143	28730	28902	It	PRP	28730	28732	O	None	None	None
6358	PMC5539754.nxml.gz	PMC5539754.nxml.gz_143	28730	28902	is	VBZ	28733	28735	O	None	None	None
6359	PMC5539754.nxml.gz	PMC5539754.nxml.gz_143	28730	28902	possible	JJ	28736	28744	O	None	None	None
6360	PMC5539754.nxml.gz	PMC5539754.nxml.gz_143	28730	28902	that	IN	28745	28749	O	None	None	None
6361	PMC5539754.nxml.gz	PMC5539754.nxml.gz_143	28730	28902	the	DT	28750	28753	O	None	None	None
6362	PMC5539754.nxml.gz	PMC5539754.nxml.gz_143	28730	28902	increased	VBN	28754	28763	O	None	None	None
6363	PMC5539754.nxml.gz	PMC5539754.nxml.gz_143	28730	28902	energy	NN	28764	28770	O	None	None	None
6364	PMC5539754.nxml.gz	PMC5539754.nxml.gz_143	28730	28902	,	,	28770	28771	O	None	None	None
6365	PMC5539754.nxml.gz	PMC5539754.nxml.gz_143	28730	28902	protein	NN	28772	28779	O	None	None	None
6366	PMC5539754.nxml.gz	PMC5539754.nxml.gz_143	28730	28902	and	CC	28780	28783	O	None	None	None
6367	PMC5539754.nxml.gz	PMC5539754.nxml.gz_143	28730	28902	fat	JJ	28784	28787	O	None	None	None
6368	PMC5539754.nxml.gz	PMC5539754.nxml.gz_143	28730	28902	observed	VBN	28788	28796	O	None	None	None
6369	PMC5539754.nxml.gz	PMC5539754.nxml.gz_143	28730	28902	in	IN	28797	28799	O	None	None	None
6370	PMC5539754.nxml.gz	PMC5539754.nxml.gz_143	28730	28902	our	PRP$	28800	28803	O	None	None	None
6371	PMC5539754.nxml.gz	PMC5539754.nxml.gz_143	28730	28902	study	NN	28804	28809	O	None	None	None
6372	PMC5539754.nxml.gz	PMC5539754.nxml.gz_143	28730	28902	during	IN	28810	28816	O	None	None	None
6373	PMC5539754.nxml.gz	PMC5539754.nxml.gz_143	28730	28902	extended	VBN	28817	28825	O	None	None	None
6374	PMC5539754.nxml.gz	PMC5539754.nxml.gz_143	28730	28902	summer	NN	28826	28832	O	None	None	None
6375	PMC5539754.nxml.gz	PMC5539754.nxml.gz_143	28730	28902	could	MD	28833	28838	O	None	None	None
6376	PMC5539754.nxml.gz	PMC5539754.nxml.gz_143	28730	28902	be	VB	28839	28841	O	None	None	None
6377	PMC5539754.nxml.gz	PMC5539754.nxml.gz_143	28730	28902	due	JJ	28842	28845	O	None	None	None
6378	PMC5539754.nxml.gz	PMC5539754.nxml.gz_143	28730	28902	to	TO	28846	28848	O	None	None	None
6379	PMC5539754.nxml.gz	PMC5539754.nxml.gz_143	28730	28902	changes	NNS	28849	28856	O	None	None	None
6380	PMC5539754.nxml.gz	PMC5539754.nxml.gz_143	28730	28902	in	IN	28857	28859	O	None	None	None
6381	PMC5539754.nxml.gz	PMC5539754.nxml.gz_143	28730	28902	dietary	JJ	28860	28867	O	None	None	None
6382	PMC5539754.nxml.gz	PMC5539754.nxml.gz_143	28730	28902	habits	NNS	28868	28874	O	None	None	None
6383	PMC5539754.nxml.gz	PMC5539754.nxml.gz_143	28730	28902	during	IN	28875	28881	O	None	None	None
6384	PMC5539754.nxml.gz	PMC5539754.nxml.gz_143	28730	28902	the	DT	28882	28885	O	None	None	None
6385	PMC5539754.nxml.gz	PMC5539754.nxml.gz_143	28730	28902	summer	NN	28886	28892	O	None	None	None
6386	PMC5539754.nxml.gz	PMC5539754.nxml.gz_143	28730	28902	holidays	NNS	28893	28901	O	None	None	None
6387	PMC5539754.nxml.gz	PMC5539754.nxml.gz_143	28730	28902	.	.	28901	28902	O	None	None	None
6388	PMC5539754.nxml.gz	PMC5539754.nxml.gz_144	28903	28985	Debate	NN	28903	28909	O	None	None	None
6389	PMC5539754.nxml.gz	PMC5539754.nxml.gz_144	28903	28985	also	RB	28910	28914	O	None	None	None
6390	PMC5539754.nxml.gz	PMC5539754.nxml.gz_144	28903	28985	exists	VBZ	28915	28921	O	None	None	None
6391	PMC5539754.nxml.gz	PMC5539754.nxml.gz_144	28903	28985	in	IN	28922	28924	O	None	None	None
6392	PMC5539754.nxml.gz	PMC5539754.nxml.gz_144	28903	28985	relation	NN	28925	28933	O	None	None	None
6393	PMC5539754.nxml.gz	PMC5539754.nxml.gz_144	28903	28985	to	TO	28934	28936	O	None	None	None
6394	PMC5539754.nxml.gz	PMC5539754.nxml.gz_144	28903	28985	seasonality	NN	28937	28948	O	None	None	None
6395	PMC5539754.nxml.gz	PMC5539754.nxml.gz_144	28903	28985	of	IN	28949	28951	O	None	None	None
6396	PMC5539754.nxml.gz	PMC5539754.nxml.gz_144	28903	28985	physical	JJ	28952	28960	O	None	None	None
6397	PMC5539754.nxml.gz	PMC5539754.nxml.gz_144	28903	28985	activity	NN	28961	28969	O	None	None	None
6398	PMC5539754.nxml.gz	PMC5539754.nxml.gz_144	28903	28985	levels	NNS	28970	28976	O	None	None	None
6399	PMC5539754.nxml.gz	PMC5539754.nxml.gz_144	28903	28985	[	VBP	28977	28978	O	None	None	None
6400	PMC5539754.nxml.gz	PMC5539754.nxml.gz_144	28903	28985	30	CD	28978	28980	O	None	None	None
6401	PMC5539754.nxml.gz	PMC5539754.nxml.gz_144	28903	28985	,	,	28980	28981	O	None	None	None
6402	PMC5539754.nxml.gz	PMC5539754.nxml.gz_144	28903	28985	44	CD	28981	28983	O	None	None	None
6403	PMC5539754.nxml.gz	PMC5539754.nxml.gz_144	28903	28985	].	NN	28983	28985	O	None	None	None
6404	PMC5539754.nxml.gz	PMC5539754.nxml.gz_145	28986	29076	Our	PRP$	28986	28989	O	None	None	None
6405	PMC5539754.nxml.gz	PMC5539754.nxml.gz_145	28986	29076	study	NN	28990	28995	O	None	None	None
6406	PMC5539754.nxml.gz	PMC5539754.nxml.gz_145	28986	29076	did	VBD	28996	28999	O	None	None	None
6407	PMC5539754.nxml.gz	PMC5539754.nxml.gz_145	28986	29076	not	RB	29000	29003	O	None	None	None
6408	PMC5539754.nxml.gz	PMC5539754.nxml.gz_145	28986	29076	find	VB	29004	29008	O	None	None	None
6409	PMC5539754.nxml.gz	PMC5539754.nxml.gz_145	28986	29076	a	DT	29009	29010	O	None	None	None
6410	PMC5539754.nxml.gz	PMC5539754.nxml.gz_145	28986	29076	difference	NN	29011	29021	O	None	None	None
6411	PMC5539754.nxml.gz	PMC5539754.nxml.gz_145	28986	29076	in	IN	29022	29024	O	None	None	None
6412	PMC5539754.nxml.gz	PMC5539754.nxml.gz_145	28986	29076	self	NN	29025	29029	O	None	None	None
6413	PMC5539754.nxml.gz	PMC5539754.nxml.gz_145	28986	29076	-	:	29029	29030	O	None	None	None
6414	PMC5539754.nxml.gz	PMC5539754.nxml.gz_145	28986	29076	reported	VBD	29030	29038	O	None	None	None
6415	PMC5539754.nxml.gz	PMC5539754.nxml.gz_145	28986	29076	physical	JJ	29039	29047	O	None	None	None
6416	PMC5539754.nxml.gz	PMC5539754.nxml.gz_145	28986	29076	activity	NN	29048	29056	O	None	None	None
6417	PMC5539754.nxml.gz	PMC5539754.nxml.gz_145	28986	29076	across	IN	29057	29063	O	None	None	None
6418	PMC5539754.nxml.gz	PMC5539754.nxml.gz_145	28986	29076	the	DT	29064	29067	O	None	None	None
6419	PMC5539754.nxml.gz	PMC5539754.nxml.gz_145	28986	29076	seasons	NNS	29068	29075	O	None	None	None
6420	PMC5539754.nxml.gz	PMC5539754.nxml.gz_145	28986	29076	.	.	29075	29076	O	None	None	None
6421	PMC5539754.nxml.gz	PMC5539754.nxml.gz_146	29077	29191	Whether	NNP	29077	29084	O	None	None	None
6422	PMC5539754.nxml.gz	PMC5539754.nxml.gz_146	29077	29191	environmentally	RB	29085	29100	O	None	None	None
6423	PMC5539754.nxml.gz	PMC5539754.nxml.gz_146	29077	29191	or	CC	29101	29103	O	None	None	None
6424	PMC5539754.nxml.gz	PMC5539754.nxml.gz_146	29077	29191	biologically	RB	29104	29116	O	None	None	None
6425	PMC5539754.nxml.gz	PMC5539754.nxml.gz_146	29077	29191	driven	VBN	29117	29123	O	None	None	None
6426	PMC5539754.nxml.gz	PMC5539754.nxml.gz_146	29077	29191	,	,	29123	29124	O	None	None	None
6427	PMC5539754.nxml.gz	PMC5539754.nxml.gz_146	29077	29191	we	PRP	29125	29127	O	None	None	None
6428	PMC5539754.nxml.gz	PMC5539754.nxml.gz_146	29077	29191	found	VBD	29128	29133	O	None	None	None
6429	PMC5539754.nxml.gz	PMC5539754.nxml.gz_146	29077	29191	novel	JJ	29134	29139	O	None	None	None
6430	PMC5539754.nxml.gz	PMC5539754.nxml.gz_146	29077	29191	evidence	NN	29140	29148	O	None	None	None
6431	PMC5539754.nxml.gz	PMC5539754.nxml.gz_146	29077	29191	of	IN	29149	29151	O	None	None	None
6432	PMC5539754.nxml.gz	PMC5539754.nxml.gz_146	29077	29191	seasonal	JJ	29152	29160	O	None	None	None
6433	PMC5539754.nxml.gz	PMC5539754.nxml.gz_146	29077	29191	rhythms	NN	29161	29168	O	None	None	None
6434	PMC5539754.nxml.gz	PMC5539754.nxml.gz_146	29077	29191	in	IN	29169	29171	O	None	None	None
6435	PMC5539754.nxml.gz	PMC5539754.nxml.gz_146	29077	29191	insulin	NN	29172	29179	O	None	None	None
6436	PMC5539754.nxml.gz	PMC5539754.nxml.gz_146	29077	29191	resistance	NN	29180	29190	O	None	None	None
6437	PMC5539754.nxml.gz	PMC5539754.nxml.gz_146	29077	29191	.	.	29190	29191	O	None	None	None
6438	PMC5539754.nxml.gz	PMC5539754.nxml.gz_147	29192	29414	It	PRP	29192	29194	O	None	None	None
6439	PMC5539754.nxml.gz	PMC5539754.nxml.gz_147	29192	29414	could	MD	29195	29200	O	None	None	None
6440	PMC5539754.nxml.gz	PMC5539754.nxml.gz_147	29192	29414	be	VB	29201	29203	O	None	None	None
6441	PMC5539754.nxml.gz	PMC5539754.nxml.gz_147	29192	29414	hypothesised	VBN	29204	29216	O	None	None	None
6442	PMC5539754.nxml.gz	PMC5539754.nxml.gz_147	29192	29414	that	IN	29217	29221	O	None	None	None
6443	PMC5539754.nxml.gz	PMC5539754.nxml.gz_147	29192	29414	increased	VBD	29222	29231	O	None	None	None
6444	PMC5539754.nxml.gz	PMC5539754.nxml.gz_147	29192	29414	insulin	NN	29232	29239	O	None	None	None
6445	PMC5539754.nxml.gz	PMC5539754.nxml.gz_147	29192	29414	resistance	NN	29240	29250	O	None	None	None
6446	PMC5539754.nxml.gz	PMC5539754.nxml.gz_147	29192	29414	during	IN	29251	29257	O	None	None	None
6447	PMC5539754.nxml.gz	PMC5539754.nxml.gz_147	29192	29414	winter	NN	29258	29264	O	None	None	None
6448	PMC5539754.nxml.gz	PMC5539754.nxml.gz_147	29192	29414	pregnancies	NNS	29265	29276	O	None	None	None
6449	PMC5539754.nxml.gz	PMC5539754.nxml.gz_147	29192	29414	is	VBZ	29277	29279	O	None	None	None
6450	PMC5539754.nxml.gz	PMC5539754.nxml.gz_147	29192	29414	an	DT	29280	29282	O	None	None	None
6451	PMC5539754.nxml.gz	PMC5539754.nxml.gz_147	29192	29414	evolutionary	JJ	29283	29295	O	None	None	None
6452	PMC5539754.nxml.gz	PMC5539754.nxml.gz_147	29192	29414	protective	NN	29296	29306	O	None	None	None
6453	PMC5539754.nxml.gz	PMC5539754.nxml.gz_147	29192	29414	mechanism	NN	29307	29316	O	None	None	None
6454	PMC5539754.nxml.gz	PMC5539754.nxml.gz_147	29192	29414	for	IN	29317	29320	O	None	None	None
6455	PMC5539754.nxml.gz	PMC5539754.nxml.gz_147	29192	29414	the	DT	29321	29324	O	None	None	None
6456	PMC5539754.nxml.gz	PMC5539754.nxml.gz_147	29192	29414	mother	NN	29325	29331	O	None	None	None
6457	PMC5539754.nxml.gz	PMC5539754.nxml.gz_147	29192	29414	and	CC	29332	29335	O	None	None	None
6458	PMC5539754.nxml.gz	PMC5539754.nxml.gz_147	29192	29414	fetus	NN	29336	29341	O	None	None	None
6459	PMC5539754.nxml.gz	PMC5539754.nxml.gz_147	29192	29414	,	,	29341	29342	O	None	None	None
6460	PMC5539754.nxml.gz	PMC5539754.nxml.gz_147	29192	29414	of	IN	29343	29345	O	None	None	None
6461	PMC5539754.nxml.gz	PMC5539754.nxml.gz_147	29192	29414	laying	VBG	29346	29352	O	None	None	None
6462	PMC5539754.nxml.gz	PMC5539754.nxml.gz_147	29192	29414	down	RP	29353	29357	O	None	None	None
6463	PMC5539754.nxml.gz	PMC5539754.nxml.gz_147	29192	29414	additional	JJ	29358	29368	O	None	None	None
6464	PMC5539754.nxml.gz	PMC5539754.nxml.gz_147	29192	29414	fat	NN	29369	29372	O	None	None	None
6465	PMC5539754.nxml.gz	PMC5539754.nxml.gz_147	29192	29414	stores	NNS	29373	29379	O	None	None	None
6466	PMC5539754.nxml.gz	PMC5539754.nxml.gz_147	29192	29414	to	TO	29380	29382	O	None	None	None
6467	PMC5539754.nxml.gz	PMC5539754.nxml.gz_147	29192	29414	ensure	VB	29383	29389	O	None	None	None
6468	PMC5539754.nxml.gz	PMC5539754.nxml.gz_147	29192	29414	survival	NN	29390	29398	O	None	None	None
6469	PMC5539754.nxml.gz	PMC5539754.nxml.gz_147	29192	29414	through	IN	29399	29406	O	None	None	None
6470	PMC5539754.nxml.gz	PMC5539754.nxml.gz_147	29192	29414	winter	NN	29407	29413	O	None	None	None
6471	PMC5539754.nxml.gz	PMC5539754.nxml.gz_147	29192	29414	.	.	29413	29414	O	None	None	None
6472	PMC5539754.nxml.gz	PMC5539754.nxml.gz_148	29415	29530	Further	JJ	29415	29422	O	None	None	None
6473	PMC5539754.nxml.gz	PMC5539754.nxml.gz_148	29415	29530	research	NN	29423	29431	O	None	None	None
6474	PMC5539754.nxml.gz	PMC5539754.nxml.gz_148	29415	29530	is	VBZ	29432	29434	O	None	None	None
6475	PMC5539754.nxml.gz	PMC5539754.nxml.gz_148	29415	29530	required	VBN	29435	29443	O	None	None	None
6476	PMC5539754.nxml.gz	PMC5539754.nxml.gz_148	29415	29530	to	TO	29444	29446	O	None	None	None
6477	PMC5539754.nxml.gz	PMC5539754.nxml.gz_148	29415	29530	determine	VB	29447	29456	O	None	None	None
6478	PMC5539754.nxml.gz	PMC5539754.nxml.gz_148	29415	29530	the	DT	29457	29460	O	None	None	None
6479	PMC5539754.nxml.gz	PMC5539754.nxml.gz_148	29415	29530	physiological	JJ	29461	29474	O	None	None	None
6480	PMC5539754.nxml.gz	PMC5539754.nxml.gz_148	29415	29530	pathways	NNS	29475	29483	O	None	None	None
6481	PMC5539754.nxml.gz	PMC5539754.nxml.gz_148	29415	29530	and	CC	29484	29487	O	None	None	None
6482	PMC5539754.nxml.gz	PMC5539754.nxml.gz_148	29415	29530	clinical	JJ	29488	29496	O	None	None	None
6483	PMC5539754.nxml.gz	PMC5539754.nxml.gz_148	29415	29530	significance	NN	29497	29509	O	None	None	None
6484	PMC5539754.nxml.gz	PMC5539754.nxml.gz_148	29415	29530	of	IN	29510	29512	O	None	None	None
6485	PMC5539754.nxml.gz	PMC5539754.nxml.gz_148	29415	29530	our	PRP$	29513	29516	O	None	None	None
6486	PMC5539754.nxml.gz	PMC5539754.nxml.gz_148	29415	29530	observations	NNS	29517	29529	O	None	None	None
6487	PMC5539754.nxml.gz	PMC5539754.nxml.gz_148	29415	29530	.	.	29529	29530	O	None	None	None
6488	PMC5539754.nxml.gz	PMC5539754.nxml.gz_149	29532	29743	25OHD	CD	29532	29537	O	None	None	None
6489	PMC5539754.nxml.gz	PMC5539754.nxml.gz_149	29532	29743	and	CC	29538	29541	O	None	None	None
6490	PMC5539754.nxml.gz	PMC5539754.nxml.gz_149	29532	29743	glucose	JJ	29542	29549	O	None	None	None
6491	PMC5539754.nxml.gz	PMC5539754.nxml.gz_149	29532	29743	homeostasis	NN	29550	29561	O	None	None	None
6492	PMC5539754.nxml.gz	PMC5539754.nxml.gz_149	29532	29743	Within	IN	29562	29568	O	None	None	None
6493	PMC5539754.nxml.gz	PMC5539754.nxml.gz_149	29532	29743	our	PRP$	29569	29572	O	None	None	None
6494	PMC5539754.nxml.gz	PMC5539754.nxml.gz_149	29532	29743	cohort	NN	29573	29579	O	None	None	None
6495	PMC5539754.nxml.gz	PMC5539754.nxml.gz_149	29532	29743	,	,	29579	29580	O	None	None	None
6496	PMC5539754.nxml.gz	PMC5539754.nxml.gz_149	29532	29743	early	JJ	29581	29586	O	None	None	None
6497	PMC5539754.nxml.gz	PMC5539754.nxml.gz_149	29532	29743	-	:	29586	29587	O	None	None	None
6498	PMC5539754.nxml.gz	PMC5539754.nxml.gz_149	29532	29743	pregnancy	NN	29587	29596	O	None	None	None
6499	PMC5539754.nxml.gz	PMC5539754.nxml.gz_149	29532	29743	25OHD	CD	29597	29602	O	None	None	None
6500	PMC5539754.nxml.gz	PMC5539754.nxml.gz_149	29532	29743	<	NN	29603	29604	O	None	None	None
6501	PMC5539754.nxml.gz	PMC5539754.nxml.gz_149	29532	29743	30	CD	29604	29606	O	None	None	None
6502	PMC5539754.nxml.gz	PMC5539754.nxml.gz_149	29532	29743	nmol	JJ	29607	29611	O	None	None	None
6503	PMC5539754.nxml.gz	PMC5539754.nxml.gz_149	29532	29743	/	NNP	29611	29612	O	None	None	None
6504	PMC5539754.nxml.gz	PMC5539754.nxml.gz_149	29532	29743	L	NNP	29612	29613	O	None	None	None
6505	PMC5539754.nxml.gz	PMC5539754.nxml.gz_149	29532	29743	was	VBD	29614	29617	O	None	None	None
6506	PMC5539754.nxml.gz	PMC5539754.nxml.gz_149	29532	29743	associated	VBN	29618	29628	O	None	None	None
6507	PMC5539754.nxml.gz	PMC5539754.nxml.gz_149	29532	29743	with	IN	29629	29633	O	None	None	None
6508	PMC5539754.nxml.gz	PMC5539754.nxml.gz_149	29532	29743	significantly	RB	29634	29647	O	None	None	None
6509	PMC5539754.nxml.gz	PMC5539754.nxml.gz_149	29532	29743	higher	JJR	29648	29654	O	None	None	None
6510	PMC5539754.nxml.gz	PMC5539754.nxml.gz_149	29532	29743	fasting	VBG	29655	29662	O	None	None	None
6511	PMC5539754.nxml.gz	PMC5539754.nxml.gz_149	29532	29743	glucose	VBP	29663	29670	O	None	None	None
6512	PMC5539754.nxml.gz	PMC5539754.nxml.gz_149	29532	29743	at	IN	29671	29673	O	None	None	None
6513	PMC5539754.nxml.gz	PMC5539754.nxml.gz_149	29532	29743	28	CD	29674	29676	O	None	None	None
6514	PMC5539754.nxml.gz	PMC5539754.nxml.gz_149	29532	29743	weeks	NNS	29677	29682	O	None	None	None
6515	PMC5539754.nxml.gz	PMC5539754.nxml.gz_149	29532	29743	’	JJ	29682	29683	O	None	None	None
6516	PMC5539754.nxml.gz	PMC5539754.nxml.gz_149	29532	29743	gestation	NN	29684	29693	O	None	None	None
6517	PMC5539754.nxml.gz	PMC5539754.nxml.gz_149	29532	29743	,	,	29693	29694	O	None	None	None
6518	PMC5539754.nxml.gz	PMC5539754.nxml.gz_149	29532	29743	independent	JJ	29695	29706	O	None	None	None
6519	PMC5539754.nxml.gz	PMC5539754.nxml.gz_149	29532	29743	of	IN	29707	29709	O	None	None	None
6520	PMC5539754.nxml.gz	PMC5539754.nxml.gz_149	29532	29743	season	NN	29710	29716	O	None	None	None
6521	PMC5539754.nxml.gz	PMC5539754.nxml.gz_149	29532	29743	and	CC	29717	29720	O	None	None	None
6522	PMC5539754.nxml.gz	PMC5539754.nxml.gz_149	29532	29743	potential	JJ	29721	29730	O	None	None	None
6523	PMC5539754.nxml.gz	PMC5539754.nxml.gz_149	29532	29743	confounders	NNS	29731	29742	O	None	None	None
6524	PMC5539754.nxml.gz	PMC5539754.nxml.gz_149	29532	29743	.	.	29742	29743	O	None	None	None
6525	PMC5539754.nxml.gz	PMC5539754.nxml.gz_150	29744	29897	Low	JJ	29744	29747	O	None	None	None
6526	PMC5539754.nxml.gz	PMC5539754.nxml.gz_150	29744	29897	25OHD	CD	29748	29753	O	None	None	None
6527	PMC5539754.nxml.gz	PMC5539754.nxml.gz_150	29744	29897	at	IN	29754	29756	O	None	None	None
6528	PMC5539754.nxml.gz	PMC5539754.nxml.gz_150	29744	29897	the	DT	29757	29760	O	None	None	None
6529	PMC5539754.nxml.gz	PMC5539754.nxml.gz_150	29744	29897	first	JJ	29761	29766	O	None	None	None
6530	PMC5539754.nxml.gz	PMC5539754.nxml.gz_150	29744	29897	antenatal	JJ	29767	29776	O	None	None	None
6531	PMC5539754.nxml.gz	PMC5539754.nxml.gz_150	29744	29897	visit	NN	29777	29782	O	None	None	None
6532	PMC5539754.nxml.gz	PMC5539754.nxml.gz_150	29744	29897	was	VBD	29783	29786	O	None	None	None
6533	PMC5539754.nxml.gz	PMC5539754.nxml.gz_150	29744	29897	not	RB	29787	29790	O	None	None	None
6534	PMC5539754.nxml.gz	PMC5539754.nxml.gz_150	29744	29897	associated	VBN	29791	29801	O	None	None	None
6535	PMC5539754.nxml.gz	PMC5539754.nxml.gz_150	29744	29897	with	IN	29802	29806	O	None	None	None
6536	PMC5539754.nxml.gz	PMC5539754.nxml.gz_150	29744	29897	insulin	NN	29807	29814	O	None	None	None
6537	PMC5539754.nxml.gz	PMC5539754.nxml.gz_150	29744	29897	resistance	NN	29815	29825	O	None	None	None
6538	PMC5539754.nxml.gz	PMC5539754.nxml.gz_150	29744	29897	in	IN	29826	29828	O	None	None	None
6539	PMC5539754.nxml.gz	PMC5539754.nxml.gz_150	29744	29897	early	JJ	29829	29834	O	None	None	None
6540	PMC5539754.nxml.gz	PMC5539754.nxml.gz_150	29744	29897	or	CC	29835	29837	O	None	None	None
6541	PMC5539754.nxml.gz	PMC5539754.nxml.gz_150	29744	29897	late	JJ	29838	29842	O	None	None	None
6542	PMC5539754.nxml.gz	PMC5539754.nxml.gz_150	29744	29897	pregnancy	NN	29843	29852	O	None	None	None
6543	PMC5539754.nxml.gz	PMC5539754.nxml.gz_150	29744	29897	when	WRB	29853	29857	O	None	None	None
6544	PMC5539754.nxml.gz	PMC5539754.nxml.gz_150	29744	29897	controlling	VBG	29858	29869	O	None	None	None
6545	PMC5539754.nxml.gz	PMC5539754.nxml.gz_150	29744	29897	for	IN	29870	29873	O	None	None	None
6546	PMC5539754.nxml.gz	PMC5539754.nxml.gz_150	29744	29897	season	NN	29874	29880	O	None	None	None
6547	PMC5539754.nxml.gz	PMC5539754.nxml.gz_150	29744	29897	and	CC	29881	29884	O	None	None	None
6548	PMC5539754.nxml.gz	PMC5539754.nxml.gz_150	29744	29897	confounders	NNS	29885	29896	O	None	None	None
6549	PMC5539754.nxml.gz	PMC5539754.nxml.gz_150	29744	29897	.	.	29896	29897	O	None	None	None
6550	PMC5539754.nxml.gz	PMC5539754.nxml.gz_151	29898	30056	Our	PRP$	29898	29901	O	None	None	None
6551	PMC5539754.nxml.gz	PMC5539754.nxml.gz_151	29898	30056	results	NNS	29902	29909	O	None	None	None
6552	PMC5539754.nxml.gz	PMC5539754.nxml.gz_151	29898	30056	are	VBP	29910	29913	O	None	None	None
6553	PMC5539754.nxml.gz	PMC5539754.nxml.gz_151	29898	30056	similar	JJ	29914	29921	O	None	None	None
6554	PMC5539754.nxml.gz	PMC5539754.nxml.gz_151	29898	30056	to	TO	29922	29924	O	None	None	None
6555	PMC5539754.nxml.gz	PMC5539754.nxml.gz_151	29898	30056	those	DT	29925	29930	O	None	None	None
6556	PMC5539754.nxml.gz	PMC5539754.nxml.gz_151	29898	30056	of	IN	29931	29933	O	None	None	None
6557	PMC5539754.nxml.gz	PMC5539754.nxml.gz_151	29898	30056	the	DT	29934	29937	O	None	None	None
6558	PMC5539754.nxml.gz	PMC5539754.nxml.gz_151	29898	30056	HAPO	NNP	29938	29942	O	None	None	None
6559	PMC5539754.nxml.gz	PMC5539754.nxml.gz_151	29898	30056	trial	NN	29943	29948	O	None	None	None
6560	PMC5539754.nxml.gz	PMC5539754.nxml.gz_151	29898	30056	,	,	29948	29949	O	None	None	None
6561	PMC5539754.nxml.gz	PMC5539754.nxml.gz_151	29898	30056	which	WDT	29950	29955	O	None	None	None
6562	PMC5539754.nxml.gz	PMC5539754.nxml.gz_151	29898	30056	found	VBD	29956	29961	O	None	None	None
6563	PMC5539754.nxml.gz	PMC5539754.nxml.gz_151	29898	30056	that	IN	29962	29966	O	None	None	None
6564	PMC5539754.nxml.gz	PMC5539754.nxml.gz_151	29898	30056	maternal	JJ	29967	29975	O	None	None	None
6565	PMC5539754.nxml.gz	PMC5539754.nxml.gz_151	29898	30056	insulin	NN	29976	29983	O	None	None	None
6566	PMC5539754.nxml.gz	PMC5539754.nxml.gz_151	29898	30056	sensitivity	NN	29984	29995	O	None	None	None
6567	PMC5539754.nxml.gz	PMC5539754.nxml.gz_151	29898	30056	and	CC	29996	29999	O	None	None	None
6568	PMC5539754.nxml.gz	PMC5539754.nxml.gz_151	29898	30056	gestational	JJ	30000	30011	O	None	None	None
6569	PMC5539754.nxml.gz	PMC5539754.nxml.gz_151	29898	30056	diabetes	NNS	30012	30020	O	None	None	None
6570	PMC5539754.nxml.gz	PMC5539754.nxml.gz_151	29898	30056	were	VBD	30021	30025	O	None	None	None
6571	PMC5539754.nxml.gz	PMC5539754.nxml.gz_151	29898	30056	not	RB	30026	30029	O	None	None	None
6572	PMC5539754.nxml.gz	PMC5539754.nxml.gz_151	29898	30056	associated	VBN	30030	30040	O	None	None	None
6573	PMC5539754.nxml.gz	PMC5539754.nxml.gz_151	29898	30056	with	IN	30041	30045	O	None	None	None
6574	PMC5539754.nxml.gz	PMC5539754.nxml.gz_151	29898	30056	25OHD	CD	30046	30051	O	None	None	None
6575	PMC5539754.nxml.gz	PMC5539754.nxml.gz_151	29898	30056	[	NNS	30052	30053	O	None	None	None
6576	PMC5539754.nxml.gz	PMC5539754.nxml.gz_151	29898	30056	7	CD	30053	30054	O	None	None	None
6577	PMC5539754.nxml.gz	PMC5539754.nxml.gz_151	29898	30056	].	NNS	30054	30056	O	None	None	None
6578	PMC5539754.nxml.gz	PMC5539754.nxml.gz_152	30057	30193	However	RB	30057	30064	O	None	None	None
6579	PMC5539754.nxml.gz	PMC5539754.nxml.gz_152	30057	30193	,	,	30064	30065	O	None	None	None
6580	PMC5539754.nxml.gz	PMC5539754.nxml.gz_152	30057	30193	unlike	IN	30066	30072	O	None	None	None
6581	PMC5539754.nxml.gz	PMC5539754.nxml.gz_152	30057	30193	the	DT	30073	30076	O	None	None	None
6582	PMC5539754.nxml.gz	PMC5539754.nxml.gz_152	30057	30193	HAPO	NNP	30077	30081	O	None	None	None
6583	PMC5539754.nxml.gz	PMC5539754.nxml.gz_152	30057	30193	trial	NN	30082	30087	O	None	None	None
6584	PMC5539754.nxml.gz	PMC5539754.nxml.gz_152	30057	30193	,	,	30087	30088	O	None	None	None
6585	PMC5539754.nxml.gz	PMC5539754.nxml.gz_152	30057	30193	we	PRP	30089	30091	O	None	None	None
6586	PMC5539754.nxml.gz	PMC5539754.nxml.gz_152	30057	30193	found	VBD	30092	30097	O	None	None	None
6587	PMC5539754.nxml.gz	PMC5539754.nxml.gz_152	30057	30193	increased	VBD	30098	30107	O	None	None	None
6588	PMC5539754.nxml.gz	PMC5539754.nxml.gz_152	30057	30193	fasting	VBG	30108	30115	O	None	None	None
6589	PMC5539754.nxml.gz	PMC5539754.nxml.gz_152	30057	30193	plasma	NN	30116	30122	O	None	None	None
6590	PMC5539754.nxml.gz	PMC5539754.nxml.gz_152	30057	30193	glucose	NN	30123	30130	O	None	None	None
6591	PMC5539754.nxml.gz	PMC5539754.nxml.gz_152	30057	30193	in	IN	30131	30133	O	None	None	None
6592	PMC5539754.nxml.gz	PMC5539754.nxml.gz_152	30057	30193	late	JJ	30134	30138	O	None	None	None
6593	PMC5539754.nxml.gz	PMC5539754.nxml.gz_152	30057	30193	pregnancy	NN	30139	30148	O	None	None	None
6594	PMC5539754.nxml.gz	PMC5539754.nxml.gz_152	30057	30193	among	IN	30149	30154	O	None	None	None
6595	PMC5539754.nxml.gz	PMC5539754.nxml.gz_152	30057	30193	those	DT	30155	30160	O	None	None	None
6596	PMC5539754.nxml.gz	PMC5539754.nxml.gz_152	30057	30193	at	IN	30161	30163	O	None	None	None
6597	PMC5539754.nxml.gz	PMC5539754.nxml.gz_152	30057	30193	risk	NN	30164	30168	O	None	None	None
6598	PMC5539754.nxml.gz	PMC5539754.nxml.gz_152	30057	30193	of	IN	30169	30171	O	None	None	None
6599	PMC5539754.nxml.gz	PMC5539754.nxml.gz_152	30057	30193	vitamin	NN	30172	30179	O	None	None	None
6600	PMC5539754.nxml.gz	PMC5539754.nxml.gz_152	30057	30193	D	NNP	30180	30181	O	None	None	None
6601	PMC5539754.nxml.gz	PMC5539754.nxml.gz_152	30057	30193	deficiency	NN	30182	30192	O	None	None	None
6602	PMC5539754.nxml.gz	PMC5539754.nxml.gz_152	30057	30193	.	.	30192	30193	O	None	None	None
6603	PMC5539754.nxml.gz	PMC5539754.nxml.gz_153	30194	30367	A	DT	30194	30195	O	None	None	None
6604	PMC5539754.nxml.gz	PMC5539754.nxml.gz_153	30194	30367	recent	JJ	30196	30202	O	None	None	None
6605	PMC5539754.nxml.gz	PMC5539754.nxml.gz_153	30194	30367	meta	NN	30203	30207	O	None	None	None
6606	PMC5539754.nxml.gz	PMC5539754.nxml.gz_153	30194	30367	-	:	30207	30208	O	None	None	None
6607	PMC5539754.nxml.gz	PMC5539754.nxml.gz_153	30194	30367	analysis	NN	30208	30216	O	None	None	None
6608	PMC5539754.nxml.gz	PMC5539754.nxml.gz_153	30194	30367	of	IN	30217	30219	O	None	None	None
6609	PMC5539754.nxml.gz	PMC5539754.nxml.gz_153	30194	30367	observational	JJ	30220	30233	O	None	None	None
6610	PMC5539754.nxml.gz	PMC5539754.nxml.gz_153	30194	30367	studies	NNS	30234	30241	O	None	None	None
6611	PMC5539754.nxml.gz	PMC5539754.nxml.gz_153	30194	30367	reported	VBD	30242	30250	O	None	None	None
6612	PMC5539754.nxml.gz	PMC5539754.nxml.gz_153	30194	30367	that	IN	30251	30255	O	None	None	None
6613	PMC5539754.nxml.gz	PMC5539754.nxml.gz_153	30194	30367	vitamin	NN	30256	30263	O	None	None	None
6614	PMC5539754.nxml.gz	PMC5539754.nxml.gz_153	30194	30367	D	NNP	30264	30265	O	None	None	None
6615	PMC5539754.nxml.gz	PMC5539754.nxml.gz_153	30194	30367	<	VBZ	30266	30267	O	None	None	None
6616	PMC5539754.nxml.gz	PMC5539754.nxml.gz_153	30194	30367	50	CD	30268	30270	O	None	None	None
6617	PMC5539754.nxml.gz	PMC5539754.nxml.gz_153	30194	30367	nmol	JJ	30271	30275	O	None	None	None
6618	PMC5539754.nxml.gz	PMC5539754.nxml.gz_153	30194	30367	/	NNP	30275	30276	O	None	None	None
6619	PMC5539754.nxml.gz	PMC5539754.nxml.gz_153	30194	30367	L	NNP	30276	30277	O	None	None	None
6620	PMC5539754.nxml.gz	PMC5539754.nxml.gz_153	30194	30367	was	VBD	30278	30281	O	None	None	None
6621	PMC5539754.nxml.gz	PMC5539754.nxml.gz_153	30194	30367	associated	VBN	30282	30292	O	None	None	None
6622	PMC5539754.nxml.gz	PMC5539754.nxml.gz_153	30194	30367	with	IN	30293	30297	O	None	None	None
6623	PMC5539754.nxml.gz	PMC5539754.nxml.gz_153	30194	30367	an	DT	30298	30300	O	None	None	None
6624	PMC5539754.nxml.gz	PMC5539754.nxml.gz_153	30194	30367	increased	VBN	30301	30310	O	None	None	None
6625	PMC5539754.nxml.gz	PMC5539754.nxml.gz_153	30194	30367	risk	NN	30311	30315	O	None	None	None
6626	PMC5539754.nxml.gz	PMC5539754.nxml.gz_153	30194	30367	(	(	30316	30317	O	None	None	None
6627	PMC5539754.nxml.gz	PMC5539754.nxml.gz_153	30194	30367	OR	NNP	30317	30319	O	None	None	None
6628	PMC5539754.nxml.gz	PMC5539754.nxml.gz_153	30194	30367	=	VBZ	30320	30321	O	None	None	None
6629	PMC5539754.nxml.gz	PMC5539754.nxml.gz_153	30194	30367	1	CD	30322	30323	O	None	None	None
6630	PMC5539754.nxml.gz	PMC5539754.nxml.gz_153	30194	30367	.	.	30323	30324	O	None	None	None
6631	PMC5539754.nxml.gz	PMC5539754.nxml.gz_153	30194	30367	53	CD	30324	30326	O	None	None	None
6632	PMC5539754.nxml.gz	PMC5539754.nxml.gz_153	30194	30367	)	)	30326	30327	O	None	None	None
6633	PMC5539754.nxml.gz	PMC5539754.nxml.gz_153	30194	30367	of	IN	30328	30330	O	None	None	None
6634	PMC5539754.nxml.gz	PMC5539754.nxml.gz_153	30194	30367	developing	VBG	30331	30341	O	None	None	None
6635	PMC5539754.nxml.gz	PMC5539754.nxml.gz_153	30194	30367	gestational	JJ	30342	30353	O	None	None	None
6636	PMC5539754.nxml.gz	PMC5539754.nxml.gz_153	30194	30367	diabetes	NNS	30354	30362	O	None	None	None
6637	PMC5539754.nxml.gz	PMC5539754.nxml.gz_153	30194	30367	[	VBP	30363	30364	O	None	None	None
6638	PMC5539754.nxml.gz	PMC5539754.nxml.gz_153	30194	30367	9	CD	30364	30365	O	None	None	None
6639	PMC5539754.nxml.gz	PMC5539754.nxml.gz_153	30194	30367	].	NN	30365	30367	O	None	None	None
6640	PMC5539754.nxml.gz	PMC5539754.nxml.gz_154	30368	30485	Many	JJ	30368	30372	O	None	None	None
6641	PMC5539754.nxml.gz	PMC5539754.nxml.gz_154	30368	30485	women	NNS	30373	30378	B	NCBITaxon_EXT_2021_10_26_Instance_3645	None	None
6642	PMC5539754.nxml.gz	PMC5539754.nxml.gz_154	30368	30485	who	WP	30379	30382	O	None	None	None
6643	PMC5539754.nxml.gz	PMC5539754.nxml.gz_154	30368	30485	gestate	VBP	30383	30390	O	None	None	None
6644	PMC5539754.nxml.gz	PMC5539754.nxml.gz_154	30368	30485	through	IN	30391	30398	O	None	None	None
6645	PMC5539754.nxml.gz	PMC5539754.nxml.gz_154	30368	30485	a	DT	30399	30400	O	None	None	None
6646	PMC5539754.nxml.gz	PMC5539754.nxml.gz_154	30368	30485	typical	JJ	30401	30408	O	None	None	None
6647	PMC5539754.nxml.gz	PMC5539754.nxml.gz_154	30368	30485	winter	NN	30409	30415	O	None	None	None
6648	PMC5539754.nxml.gz	PMC5539754.nxml.gz_154	30368	30485	in	IN	30416	30418	O	None	None	None
6649	PMC5539754.nxml.gz	PMC5539754.nxml.gz_154	30368	30485	the	DT	30419	30422	O	None	None	None
6650	PMC5539754.nxml.gz	PMC5539754.nxml.gz_154	30368	30485	northern	NN	30423	30431	O	None	None	None
6651	PMC5539754.nxml.gz	PMC5539754.nxml.gz_154	30368	30485	hemisphere	EX	30432	30442	O	None	None	None
6652	PMC5539754.nxml.gz	PMC5539754.nxml.gz_154	30368	30485	are	VBP	30443	30446	O	None	None	None
6653	PMC5539754.nxml.gz	PMC5539754.nxml.gz_154	30368	30485	at	IN	30447	30449	O	None	None	None
6654	PMC5539754.nxml.gz	PMC5539754.nxml.gz_154	30368	30485	risk	NN	30450	30454	O	None	None	None
6655	PMC5539754.nxml.gz	PMC5539754.nxml.gz_154	30368	30485	of	IN	30455	30457	O	None	None	None
6656	PMC5539754.nxml.gz	PMC5539754.nxml.gz_154	30368	30485	vitamin	NN	30458	30465	O	None	None	None
6657	PMC5539754.nxml.gz	PMC5539754.nxml.gz_154	30368	30485	D	NNP	30466	30467	O	None	None	None
6658	PMC5539754.nxml.gz	PMC5539754.nxml.gz_154	30368	30485	deficiency	NN	30468	30478	O	None	None	None
6659	PMC5539754.nxml.gz	PMC5539754.nxml.gz_154	30368	30485	[	NNP	30479	30480	O	None	None	None
6660	PMC5539754.nxml.gz	PMC5539754.nxml.gz_154	30368	30485	4	CD	30480	30481	O	None	None	None
6661	PMC5539754.nxml.gz	PMC5539754.nxml.gz_154	30368	30485	,	,	30481	30482	O	None	None	None
6662	PMC5539754.nxml.gz	PMC5539754.nxml.gz_154	30368	30485	5	CD	30482	30483	O	None	None	None
6663	PMC5539754.nxml.gz	PMC5539754.nxml.gz_154	30368	30485	].	NN	30483	30485	O	None	None	None
6664	PMC5539754.nxml.gz	PMC5539754.nxml.gz_155	30486	30571	Poor	NNP	30486	30490	O	None	None	None
6665	PMC5539754.nxml.gz	PMC5539754.nxml.gz_155	30486	30571	vitamin	NN	30491	30498	O	None	None	None
6666	PMC5539754.nxml.gz	PMC5539754.nxml.gz_155	30486	30571	D	NNP	30499	30500	O	None	None	None
6667	PMC5539754.nxml.gz	PMC5539754.nxml.gz_155	30486	30571	intakes	NNS	30501	30508	O	None	None	None
6668	PMC5539754.nxml.gz	PMC5539754.nxml.gz_155	30486	30571	have	VBP	30509	30513	O	None	None	None
6669	PMC5539754.nxml.gz	PMC5539754.nxml.gz_155	30486	30571	been	VBN	30514	30518	O	None	None	None
6670	PMC5539754.nxml.gz	PMC5539754.nxml.gz_155	30486	30571	reported	VBN	30519	30527	O	None	None	None
6671	PMC5539754.nxml.gz	PMC5539754.nxml.gz_155	30486	30571	among	IN	30528	30533	O	None	None	None
6672	PMC5539754.nxml.gz	PMC5539754.nxml.gz_155	30486	30571	pregnant	JJ	30534	30542	O	None	None	None
6673	PMC5539754.nxml.gz	PMC5539754.nxml.gz_155	30486	30571	women	NNS	30543	30548	B	NCBITaxon_EXT_2021_10_26_Instance_3646	None	None
6674	PMC5539754.nxml.gz	PMC5539754.nxml.gz_155	30486	30571	living	VBG	30549	30555	O	None	None	None
6675	PMC5539754.nxml.gz	PMC5539754.nxml.gz_155	30486	30571	in	IN	30556	30558	O	None	None	None
6676	PMC5539754.nxml.gz	PMC5539754.nxml.gz_155	30486	30571	Ireland	NNP	30559	30566	O	None	None	None
6677	PMC5539754.nxml.gz	PMC5539754.nxml.gz_155	30486	30571	[	NNP	30567	30568	O	None	None	None
6678	PMC5539754.nxml.gz	PMC5539754.nxml.gz_155	30486	30571	5	CD	30568	30569	O	None	None	None
6679	PMC5539754.nxml.gz	PMC5539754.nxml.gz_155	30486	30571	].	NN	30569	30571	O	None	None	None
6680	PMC5539754.nxml.gz	PMC5539754.nxml.gz_156	30572	30676	In	IN	30572	30574	O	None	None	None
6681	PMC5539754.nxml.gz	PMC5539754.nxml.gz_156	30572	30676	the	DT	30575	30578	O	None	None	None
6682	PMC5539754.nxml.gz	PMC5539754.nxml.gz_156	30572	30676	clinical	JJ	30579	30587	O	None	None	None
6683	PMC5539754.nxml.gz	PMC5539754.nxml.gz_156	30572	30676	setting	NN	30588	30595	O	None	None	None
6684	PMC5539754.nxml.gz	PMC5539754.nxml.gz_156	30572	30676	,	,	30595	30596	O	None	None	None
6685	PMC5539754.nxml.gz	PMC5539754.nxml.gz_156	30572	30676	pregnant	JJ	30597	30605	O	None	None	None
6686	PMC5539754.nxml.gz	PMC5539754.nxml.gz_156	30572	30676	women	NNS	30606	30611	B	NCBITaxon_EXT_2021_10_26_Instance_3647	None	None
6687	PMC5539754.nxml.gz	PMC5539754.nxml.gz_156	30572	30676	should	MD	30612	30618	O	None	None	None
6688	PMC5539754.nxml.gz	PMC5539754.nxml.gz_156	30572	30676	receive	VB	30619	30626	O	None	None	None
6689	PMC5539754.nxml.gz	PMC5539754.nxml.gz_156	30572	30676	advice	NN	30627	30633	O	None	None	None
6690	PMC5539754.nxml.gz	PMC5539754.nxml.gz_156	30572	30676	about	IN	30634	30639	O	None	None	None
6691	PMC5539754.nxml.gz	PMC5539754.nxml.gz_156	30572	30676	vitamin	NN	30640	30647	O	None	None	None
6692	PMC5539754.nxml.gz	PMC5539754.nxml.gz_156	30572	30676	D	NNP	30648	30649	O	None	None	None
6693	PMC5539754.nxml.gz	PMC5539754.nxml.gz_156	30572	30676	,	,	30649	30650	O	None	None	None
6694	PMC5539754.nxml.gz	PMC5539754.nxml.gz_156	30572	30676	especially	RB	30651	30661	O	None	None	None
6695	PMC5539754.nxml.gz	PMC5539754.nxml.gz_156	30572	30676	during	IN	30662	30668	O	None	None	None
6696	PMC5539754.nxml.gz	PMC5539754.nxml.gz_156	30572	30676	winter	NN	30669	30675	O	None	None	None
6697	PMC5539754.nxml.gz	PMC5539754.nxml.gz_156	30572	30676	.	.	30675	30676	O	None	None	None
6698	PMC5539754.nxml.gz	PMC5539754.nxml.gz_157	30677	30790	Winter	NNP	30677	30683	O	None	None	None
6699	PMC5539754.nxml.gz	PMC5539754.nxml.gz_157	30677	30790	-	:	30683	30684	O	None	None	None
6700	PMC5539754.nxml.gz	PMC5539754.nxml.gz_157	30677	30790	time	NN	30684	30688	O	None	None	None
6701	PMC5539754.nxml.gz	PMC5539754.nxml.gz_157	30677	30790	supplementation	NN	30689	30704	O	None	None	None
6702	PMC5539754.nxml.gz	PMC5539754.nxml.gz_157	30677	30790	of	IN	30705	30707	O	None	None	None
6703	PMC5539754.nxml.gz	PMC5539754.nxml.gz_157	30677	30790	1000	CD	30708	30712	O	None	None	None
6704	PMC5539754.nxml.gz	PMC5539754.nxml.gz_157	30677	30790	IU	NNP	30713	30715	O	None	None	None
6705	PMC5539754.nxml.gz	PMC5539754.nxml.gz_157	30677	30790	/	NNP	30715	30716	O	None	None	None
6706	PMC5539754.nxml.gz	PMC5539754.nxml.gz_157	30677	30790	day	NN	30716	30719	O	None	None	None
6707	PMC5539754.nxml.gz	PMC5539754.nxml.gz_157	30677	30790	vitamin	NNP	30720	30727	O	None	None	None
6708	PMC5539754.nxml.gz	PMC5539754.nxml.gz_157	30677	30790	D	NNP	30728	30729	O	None	None	None
6709	PMC5539754.nxml.gz	PMC5539754.nxml.gz_157	30677	30790	is	VBZ	30730	30732	O	None	None	None
6710	PMC5539754.nxml.gz	PMC5539754.nxml.gz_157	30677	30790	an	DT	30733	30735	O	None	None	None
6711	PMC5539754.nxml.gz	PMC5539754.nxml.gz_157	30677	30790	effective	JJ	30736	30745	O	None	None	None
6712	PMC5539754.nxml.gz	PMC5539754.nxml.gz_157	30677	30790	strategy	NN	30746	30754	O	None	None	None
6713	PMC5539754.nxml.gz	PMC5539754.nxml.gz_157	30677	30790	to	TO	30755	30757	O	None	None	None
6714	PMC5539754.nxml.gz	PMC5539754.nxml.gz_157	30677	30790	improve	VB	30758	30765	O	None	None	None
6715	PMC5539754.nxml.gz	PMC5539754.nxml.gz_157	30677	30790	25OHD	CD	30766	30771	O	None	None	None
6716	PMC5539754.nxml.gz	PMC5539754.nxml.gz_157	30677	30790	in	IN	30772	30774	O	None	None	None
6717	PMC5539754.nxml.gz	PMC5539754.nxml.gz_157	30677	30790	pregnancy	NN	30775	30784	O	None	None	None
6718	PMC5539754.nxml.gz	PMC5539754.nxml.gz_157	30677	30790	[	$	30785	30786	O	None	None	None
6719	PMC5539754.nxml.gz	PMC5539754.nxml.gz_157	30677	30790	45	CD	30786	30788	O	None	None	None
6720	PMC5539754.nxml.gz	PMC5539754.nxml.gz_157	30677	30790	].	NN	30788	30790	O	None	None	None
6721	PMC5539754.nxml.gz	PMC5539754.nxml.gz_158	30791	30936	At	IN	30791	30793	O	None	None	None
6722	PMC5539754.nxml.gz	PMC5539754.nxml.gz_158	30791	30936	present	JJ	30794	30801	O	None	None	None
6723	PMC5539754.nxml.gz	PMC5539754.nxml.gz_158	30791	30936	,	,	30801	30802	O	None	None	None
6724	PMC5539754.nxml.gz	PMC5539754.nxml.gz_158	30791	30936	there	EX	30803	30808	O	None	None	None
6725	PMC5539754.nxml.gz	PMC5539754.nxml.gz_158	30791	30936	remains	VBZ	30809	30816	O	None	None	None
6726	PMC5539754.nxml.gz	PMC5539754.nxml.gz_158	30791	30936	a	DT	30817	30818	O	None	None	None
6727	PMC5539754.nxml.gz	PMC5539754.nxml.gz_158	30791	30936	lack	NN	30819	30823	O	None	None	None
6728	PMC5539754.nxml.gz	PMC5539754.nxml.gz_158	30791	30936	of	IN	30824	30826	O	None	None	None
6729	PMC5539754.nxml.gz	PMC5539754.nxml.gz_158	30791	30936	consensus	NN	30827	30836	O	None	None	None
6730	PMC5539754.nxml.gz	PMC5539754.nxml.gz_158	30791	30936	regarding	VBG	30837	30846	O	None	None	None
6731	PMC5539754.nxml.gz	PMC5539754.nxml.gz_158	30791	30936	recommendations	NNS	30847	30862	O	None	None	None
6732	PMC5539754.nxml.gz	PMC5539754.nxml.gz_158	30791	30936	for	IN	30863	30866	O	None	None	None
6733	PMC5539754.nxml.gz	PMC5539754.nxml.gz_158	30791	30936	UVB	NNP	30867	30870	O	None	None	None
6734	PMC5539754.nxml.gz	PMC5539754.nxml.gz_158	30791	30936	exposure	NN	30871	30879	O	None	None	None
6735	PMC5539754.nxml.gz	PMC5539754.nxml.gz_158	30791	30936	for	IN	30880	30883	O	None	None	None
6736	PMC5539754.nxml.gz	PMC5539754.nxml.gz_158	30791	30936	the	DT	30884	30887	O	None	None	None
6737	PMC5539754.nxml.gz	PMC5539754.nxml.gz_158	30791	30936	production	NN	30888	30898	O	None	None	None
6738	PMC5539754.nxml.gz	PMC5539754.nxml.gz_158	30791	30936	of	IN	30899	30901	O	None	None	None
6739	PMC5539754.nxml.gz	PMC5539754.nxml.gz_158	30791	30936	vitamin	NN	30902	30909	O	None	None	None
6740	PMC5539754.nxml.gz	PMC5539754.nxml.gz_158	30791	30936	D	NNP	30910	30911	O	None	None	None
6741	PMC5539754.nxml.gz	PMC5539754.nxml.gz_158	30791	30936	for	IN	30912	30915	O	None	None	None
6742	PMC5539754.nxml.gz	PMC5539754.nxml.gz_158	30791	30936	pregnant	JJ	30916	30924	O	None	None	None
6743	PMC5539754.nxml.gz	PMC5539754.nxml.gz_158	30791	30936	women	NNS	30925	30930	B	NCBITaxon_EXT_2021_10_26_Instance_3648	None	None
6744	PMC5539754.nxml.gz	PMC5539754.nxml.gz_158	30791	30936	[	VBD	30931	30932	O	None	None	None
6745	PMC5539754.nxml.gz	PMC5539754.nxml.gz_158	30791	30936	46	CD	30932	30934	O	None	None	None
6746	PMC5539754.nxml.gz	PMC5539754.nxml.gz_158	30791	30936	].	NN	30934	30936	O	None	None	None
6747	PMC5539754.nxml.gz	PMC5539754.nxml.gz_159	30937	31130	Our	PRP$	30937	30940	O	None	None	None
6748	PMC5539754.nxml.gz	PMC5539754.nxml.gz_159	30937	31130	findings	NNS	30941	30949	O	None	None	None
6749	PMC5539754.nxml.gz	PMC5539754.nxml.gz_159	30937	31130	suggest	VBP	30950	30957	O	None	None	None
6750	PMC5539754.nxml.gz	PMC5539754.nxml.gz_159	30937	31130	that	IN	30958	30962	O	None	None	None
6751	PMC5539754.nxml.gz	PMC5539754.nxml.gz_159	30937	31130	women	NNS	30963	30968	B	NCBITaxon_EXT_2021_10_26_Instance_3649	None	None
6752	PMC5539754.nxml.gz	PMC5539754.nxml.gz_159	30937	31130	at	IN	30969	30971	O	None	None	None
6753	PMC5539754.nxml.gz	PMC5539754.nxml.gz_159	30937	31130	risk	NN	30972	30976	O	None	None	None
6754	PMC5539754.nxml.gz	PMC5539754.nxml.gz_159	30937	31130	of	IN	30977	30979	O	None	None	None
6755	PMC5539754.nxml.gz	PMC5539754.nxml.gz_159	30937	31130	vitamin	NN	30980	30987	O	None	None	None
6756	PMC5539754.nxml.gz	PMC5539754.nxml.gz_159	30937	31130	D	NNP	30988	30989	O	None	None	None
6757	PMC5539754.nxml.gz	PMC5539754.nxml.gz_159	30937	31130	deficiency	NN	30990	31000	O	None	None	None
6758	PMC5539754.nxml.gz	PMC5539754.nxml.gz_159	30937	31130	in	IN	31001	31003	O	None	None	None
6759	PMC5539754.nxml.gz	PMC5539754.nxml.gz_159	30937	31130	early	JJ	31004	31009	O	None	None	None
6760	PMC5539754.nxml.gz	PMC5539754.nxml.gz_159	30937	31130	pregnancy	NN	31010	31019	O	None	None	None
6761	PMC5539754.nxml.gz	PMC5539754.nxml.gz_159	30937	31130	have	VBP	31020	31024	O	None	None	None
6762	PMC5539754.nxml.gz	PMC5539754.nxml.gz_159	30937	31130	altered	VBN	31025	31032	O	None	None	None
6763	PMC5539754.nxml.gz	PMC5539754.nxml.gz_159	30937	31130	glucose	JJ	31033	31040	O	None	None	None
6764	PMC5539754.nxml.gz	PMC5539754.nxml.gz_159	30937	31130	metabolism	NN	31041	31051	O	None	None	None
6765	PMC5539754.nxml.gz	PMC5539754.nxml.gz_159	30937	31130	in	IN	31052	31054	O	None	None	None
6766	PMC5539754.nxml.gz	PMC5539754.nxml.gz_159	30937	31130	later	JJ	31055	31060	O	None	None	None
6767	PMC5539754.nxml.gz	PMC5539754.nxml.gz_159	30937	31130	gestation	NN	31061	31070	O	None	None	None
6768	PMC5539754.nxml.gz	PMC5539754.nxml.gz_159	30937	31130	,	,	31070	31071	O	None	None	None
6769	PMC5539754.nxml.gz	PMC5539754.nxml.gz_159	30937	31130	but	CC	31072	31075	O	None	None	None
6770	PMC5539754.nxml.gz	PMC5539754.nxml.gz_159	30937	31130	the	DT	31076	31079	O	None	None	None
6771	PMC5539754.nxml.gz	PMC5539754.nxml.gz_159	30937	31130	evidence	NN	31080	31088	O	None	None	None
6772	PMC5539754.nxml.gz	PMC5539754.nxml.gz_159	30937	31130	is	VBZ	31089	31091	O	None	None	None
6773	PMC5539754.nxml.gz	PMC5539754.nxml.gz_159	30937	31130	not	RB	31092	31095	O	None	None	None
6774	PMC5539754.nxml.gz	PMC5539754.nxml.gz_159	30937	31130	consistent	JJ	31096	31106	O	None	None	None
6775	PMC5539754.nxml.gz	PMC5539754.nxml.gz_159	30937	31130	for	IN	31107	31110	O	None	None	None
6776	PMC5539754.nxml.gz	PMC5539754.nxml.gz_159	30937	31130	insulin	NN	31111	31118	O	None	None	None
6777	PMC5539754.nxml.gz	PMC5539754.nxml.gz_159	30937	31130	resistance	NN	31119	31129	O	None	None	None
6778	PMC5539754.nxml.gz	PMC5539754.nxml.gz_159	30937	31130	.	.	31129	31130	O	None	None	None
6779	PMC5539754.nxml.gz	PMC5539754.nxml.gz_160	31131	31263	Thus	RB	31131	31135	O	None	None	None
6780	PMC5539754.nxml.gz	PMC5539754.nxml.gz_160	31131	31263	,	,	31135	31136	O	None	None	None
6781	PMC5539754.nxml.gz	PMC5539754.nxml.gz_160	31131	31263	recommendations	NNS	31137	31152	O	None	None	None
6782	PMC5539754.nxml.gz	PMC5539754.nxml.gz_160	31131	31263	for	IN	31153	31156	O	None	None	None
6783	PMC5539754.nxml.gz	PMC5539754.nxml.gz_160	31131	31263	vitamin	NN	31157	31164	O	None	None	None
6784	PMC5539754.nxml.gz	PMC5539754.nxml.gz_160	31131	31263	D	NNP	31165	31166	O	None	None	None
6785	PMC5539754.nxml.gz	PMC5539754.nxml.gz_160	31131	31263	supplementation	NN	31167	31182	O	None	None	None
6786	PMC5539754.nxml.gz	PMC5539754.nxml.gz_160	31131	31263	to	TO	31183	31185	O	None	None	None
6787	PMC5539754.nxml.gz	PMC5539754.nxml.gz_160	31131	31263	improve	VB	31186	31193	O	None	None	None
6788	PMC5539754.nxml.gz	PMC5539754.nxml.gz_160	31131	31263	glucose	JJ	31194	31201	O	None	None	None
6789	PMC5539754.nxml.gz	PMC5539754.nxml.gz_160	31131	31263	homeostasis	NN	31202	31213	O	None	None	None
6790	PMC5539754.nxml.gz	PMC5539754.nxml.gz_160	31131	31263	in	IN	31214	31216	O	None	None	None
6791	PMC5539754.nxml.gz	PMC5539754.nxml.gz_160	31131	31263	pregnancy	NN	31217	31226	O	None	None	None
6792	PMC5539754.nxml.gz	PMC5539754.nxml.gz_160	31131	31263	cannot	NN	31227	31233	O	None	None	None
6793	PMC5539754.nxml.gz	PMC5539754.nxml.gz_160	31131	31263	be	VB	31234	31236	O	None	None	None
6794	PMC5539754.nxml.gz	PMC5539754.nxml.gz_160	31131	31263	made	VBN	31237	31241	O	None	None	None
6795	PMC5539754.nxml.gz	PMC5539754.nxml.gz_160	31131	31263	based	VBN	31242	31247	O	None	None	None
6796	PMC5539754.nxml.gz	PMC5539754.nxml.gz_160	31131	31263	on	IN	31248	31250	O	None	None	None
6797	PMC5539754.nxml.gz	PMC5539754.nxml.gz_160	31131	31263	our	PRP$	31251	31254	O	None	None	None
6798	PMC5539754.nxml.gz	PMC5539754.nxml.gz_160	31131	31263	results	NNS	31255	31262	O	None	None	None
6799	PMC5539754.nxml.gz	PMC5539754.nxml.gz_160	31131	31263	.	.	31262	31263	O	None	None	None
6800	PMC5539754.nxml.gz	PMC5539754.nxml.gz_161	31265	31365	Strengths	NNS	31265	31274	O	None	None	None
6801	PMC5539754.nxml.gz	PMC5539754.nxml.gz_161	31265	31365	and	CC	31275	31278	O	None	None	None
6802	PMC5539754.nxml.gz	PMC5539754.nxml.gz_161	31265	31365	limitations	NNS	31279	31290	O	None	None	None
6803	PMC5539754.nxml.gz	PMC5539754.nxml.gz_161	31265	31365	A	NNP	31291	31292	O	None	None	None
6804	PMC5539754.nxml.gz	PMC5539754.nxml.gz_161	31265	31365	potential	JJ	31293	31302	O	None	None	None
6805	PMC5539754.nxml.gz	PMC5539754.nxml.gz_161	31265	31365	limitation	NN	31303	31313	O	None	None	None
6806	PMC5539754.nxml.gz	PMC5539754.nxml.gz_161	31265	31365	of	IN	31314	31316	O	None	None	None
6807	PMC5539754.nxml.gz	PMC5539754.nxml.gz_161	31265	31365	our	PRP$	31317	31320	O	None	None	None
6808	PMC5539754.nxml.gz	PMC5539754.nxml.gz_161	31265	31365	work	NN	31321	31325	O	None	None	None
6809	PMC5539754.nxml.gz	PMC5539754.nxml.gz_161	31265	31365	is	VBZ	31326	31328	O	None	None	None
6810	PMC5539754.nxml.gz	PMC5539754.nxml.gz_161	31265	31365	the	DT	31329	31332	O	None	None	None
6811	PMC5539754.nxml.gz	PMC5539754.nxml.gz_161	31265	31365	dichotomised	JJ	31333	31345	O	None	None	None
6812	PMC5539754.nxml.gz	PMC5539754.nxml.gz_161	31265	31365	seasonal	JJ	31346	31354	O	None	None	None
6813	PMC5539754.nxml.gz	PMC5539754.nxml.gz_161	31265	31365	divisions	NNS	31355	31364	O	None	None	None
6814	PMC5539754.nxml.gz	PMC5539754.nxml.gz_161	31265	31365	.	.	31364	31365	O	None	None	None
6815	PMC5539754.nxml.gz	PMC5539754.nxml.gz_162	31366	31707	However	RB	31366	31373	O	None	None	None
6816	PMC5539754.nxml.gz	PMC5539754.nxml.gz_162	31366	31707	,	,	31373	31374	O	None	None	None
6817	PMC5539754.nxml.gz	PMC5539754.nxml.gz_162	31366	31707	we	PRP	31375	31377	O	None	None	None
6818	PMC5539754.nxml.gz	PMC5539754.nxml.gz_162	31366	31707	chose	VBP	31378	31383	O	None	None	None
6819	PMC5539754.nxml.gz	PMC5539754.nxml.gz_162	31366	31707	these	DT	31384	31389	O	None	None	None
6820	PMC5539754.nxml.gz	PMC5539754.nxml.gz_162	31366	31707	for	IN	31390	31393	O	None	None	None
6821	PMC5539754.nxml.gz	PMC5539754.nxml.gz_162	31366	31707	multiple	JJ	31394	31402	O	None	None	None
6822	PMC5539754.nxml.gz	PMC5539754.nxml.gz_162	31366	31707	reasons	NNS	31403	31410	O	None	None	None
6823	PMC5539754.nxml.gz	PMC5539754.nxml.gz_162	31366	31707	;	:	31410	31411	O	None	None	None
6824	PMC5539754.nxml.gz	PMC5539754.nxml.gz_162	31366	31707	the	DT	31412	31415	O	None	None	None
6825	PMC5539754.nxml.gz	PMC5539754.nxml.gz_162	31366	31707	HAPO	NNP	31416	31420	O	None	None	None
6826	PMC5539754.nxml.gz	PMC5539754.nxml.gz_162	31366	31707	study	NN	31421	31426	O	None	None	None
6827	PMC5539754.nxml.gz	PMC5539754.nxml.gz_162	31366	31707	used	VBD	31427	31431	O	None	None	None
6828	PMC5539754.nxml.gz	PMC5539754.nxml.gz_162	31366	31707	similar	JJ	31432	31439	O	None	None	None
6829	PMC5539754.nxml.gz	PMC5539754.nxml.gz_162	31366	31707	divisions	NNS	31440	31449	O	None	None	None
6830	PMC5539754.nxml.gz	PMC5539754.nxml.gz_162	31366	31707	in	IN	31450	31452	O	None	None	None
6831	PMC5539754.nxml.gz	PMC5539754.nxml.gz_162	31366	31707	countries	NNS	31453	31462	O	None	None	None
6832	PMC5539754.nxml.gz	PMC5539754.nxml.gz_162	31366	31707	with	IN	31463	31467	O	None	None	None
6833	PMC5539754.nxml.gz	PMC5539754.nxml.gz_162	31366	31707	a	DT	31468	31469	O	None	None	None
6834	PMC5539754.nxml.gz	PMC5539754.nxml.gz_162	31366	31707	latitude	NN	31470	31478	O	None	None	None
6835	PMC5539754.nxml.gz	PMC5539754.nxml.gz_162	31366	31707	of	IN	31479	31481	O	None	None	None
6836	PMC5539754.nxml.gz	PMC5539754.nxml.gz_162	31366	31707	41	CD	31482	31484	O	None	None	None
6837	PMC5539754.nxml.gz	PMC5539754.nxml.gz_162	31366	31707	.	.	31484	31485	O	None	None	None
6838	PMC5539754.nxml.gz	PMC5539754.nxml.gz_162	31366	31707	9	CD	31485	31486	O	None	None	None
6839	PMC5539754.nxml.gz	PMC5539754.nxml.gz_162	31366	31707	–	JJ	31486	31487	O	None	None	None
6840	PMC5539754.nxml.gz	PMC5539754.nxml.gz_162	31366	31707	43	CD	31487	31489	O	None	None	None
6841	PMC5539754.nxml.gz	PMC5539754.nxml.gz_162	31366	31707	.	.	31489	31490	O	None	None	None
6842	PMC5539754.nxml.gz	PMC5539754.nxml.gz_162	31366	31707	7	CD	31490	31491	O	None	None	None
6843	PMC5539754.nxml.gz	PMC5539754.nxml.gz_162	31366	31707	°	JJ	31491	31492	O	None	None	None
6844	PMC5539754.nxml.gz	PMC5539754.nxml.gz_162	31366	31707	North	NNP	31493	31498	O	None	None	None
6845	PMC5539754.nxml.gz	PMC5539754.nxml.gz_162	31366	31707	[	$	31499	31500	O	None	None	None
6846	PMC5539754.nxml.gz	PMC5539754.nxml.gz_162	31366	31707	7	CD	31500	31501	O	None	None	None
6847	PMC5539754.nxml.gz	PMC5539754.nxml.gz_162	31366	31707	],	JJ	31501	31503	O	None	None	None
6848	PMC5539754.nxml.gz	PMC5539754.nxml.gz_162	31366	31707	mean	JJ	31504	31508	O	None	None	None
6849	PMC5539754.nxml.gz	PMC5539754.nxml.gz_162	31366	31707	daily	JJ	31509	31514	O	None	None	None
6850	PMC5539754.nxml.gz	PMC5539754.nxml.gz_162	31366	31707	temperatures	NNS	31515	31527	O	None	None	None
6851	PMC5539754.nxml.gz	PMC5539754.nxml.gz_162	31366	31707	in	IN	31528	31530	O	None	None	None
6852	PMC5539754.nxml.gz	PMC5539754.nxml.gz_162	31366	31707	Ireland	NNP	31531	31538	O	None	None	None
6853	PMC5539754.nxml.gz	PMC5539754.nxml.gz_162	31366	31707	are	VBP	31539	31542	O	None	None	None
6854	PMC5539754.nxml.gz	PMC5539754.nxml.gz_162	31366	31707	highest	JJS	31543	31550	O	None	None	None
6855	PMC5539754.nxml.gz	PMC5539754.nxml.gz_162	31366	31707	during	IN	31551	31557	O	None	None	None
6856	PMC5539754.nxml.gz	PMC5539754.nxml.gz_162	31366	31707	the	DT	31558	31561	O	None	None	None
6857	PMC5539754.nxml.gz	PMC5539754.nxml.gz_162	31366	31707	months	NNS	31562	31568	O	None	None	None
6858	PMC5539754.nxml.gz	PMC5539754.nxml.gz_162	31366	31707	May	NNP	31569	31572	O	None	None	None
6859	PMC5539754.nxml.gz	PMC5539754.nxml.gz_162	31366	31707	to	TO	31573	31575	O	None	None	None
6860	PMC5539754.nxml.gz	PMC5539754.nxml.gz_162	31366	31707	October	NNP	31576	31583	O	None	None	None
6861	PMC5539754.nxml.gz	PMC5539754.nxml.gz_162	31366	31707	[	NNP	31584	31585	O	None	None	None
6862	PMC5539754.nxml.gz	PMC5539754.nxml.gz_162	31366	31707	47	CD	31585	31587	O	None	None	None
6863	PMC5539754.nxml.gz	PMC5539754.nxml.gz_162	31366	31707	],	NN	31587	31589	O	None	None	None
6864	PMC5539754.nxml.gz	PMC5539754.nxml.gz_162	31366	31707	and	CC	31590	31593	O	None	None	None
6865	PMC5539754.nxml.gz	PMC5539754.nxml.gz_162	31366	31707	we	PRP	31594	31596	O	None	None	None
6866	PMC5539754.nxml.gz	PMC5539754.nxml.gz_162	31366	31707	based	VBN	31597	31602	O	None	None	None
6867	PMC5539754.nxml.gz	PMC5539754.nxml.gz_162	31366	31707	these	DT	31603	31608	O	None	None	None
6868	PMC5539754.nxml.gz	PMC5539754.nxml.gz_162	31366	31707	seasons	NNS	31609	31616	O	None	None	None
6869	PMC5539754.nxml.gz	PMC5539754.nxml.gz_162	31366	31707	on	IN	31617	31619	O	None	None	None
6870	PMC5539754.nxml.gz	PMC5539754.nxml.gz_162	31366	31707	25OHD	CD	31620	31625	O	None	None	None
6871	PMC5539754.nxml.gz	PMC5539754.nxml.gz_162	31366	31707	concentrations	NNS	31626	31640	O	None	None	None
6872	PMC5539754.nxml.gz	PMC5539754.nxml.gz_162	31366	31707	for	IN	31641	31644	O	None	None	None
6873	PMC5539754.nxml.gz	PMC5539754.nxml.gz_162	31366	31707	the	DT	31645	31648	O	None	None	None
6874	PMC5539754.nxml.gz	PMC5539754.nxml.gz_162	31366	31707	month	NN	31649	31654	O	None	None	None
6875	PMC5539754.nxml.gz	PMC5539754.nxml.gz_162	31366	31707	of	IN	31655	31657	O	None	None	None
6876	PMC5539754.nxml.gz	PMC5539754.nxml.gz_162	31366	31707	the	DT	31658	31661	O	None	None	None
6877	PMC5539754.nxml.gz	PMC5539754.nxml.gz_162	31366	31707	first	JJ	31662	31667	O	None	None	None
6878	PMC5539754.nxml.gz	PMC5539754.nxml.gz_162	31366	31707	antenatal	JJ	31668	31677	O	None	None	None
6879	PMC5539754.nxml.gz	PMC5539754.nxml.gz_162	31366	31707	visit	NN	31678	31683	O	None	None	None
6880	PMC5539754.nxml.gz	PMC5539754.nxml.gz_162	31366	31707	(	(	31684	31685	O	None	None	None
6881	PMC5539754.nxml.gz	PMC5539754.nxml.gz_162	31366	31707	Additional	JJ	31685	31695	O	None	None	None
6882	PMC5539754.nxml.gz	PMC5539754.nxml.gz_162	31366	31707	file1	NN	31696	31701	O	None	None	None
6883	PMC5539754.nxml.gz	PMC5539754.nxml.gz_162	31366	31707	:	:	31701	31702	O	None	None	None
6884	PMC5539754.nxml.gz	PMC5539754.nxml.gz_162	31366	31707	Fig	NNP	31703	31706	O	None	None	None
6885	PMC5539754.nxml.gz	PMC5539754.nxml.gz_162	31366	31707	.	.	31706	31707	O	None	None	None
6886	PMC5539754.nxml.gz	PMC5539754.nxml.gz_163	31708	31712	S1	NNP	31708	31710	O	None	None	None
6887	PMC5539754.nxml.gz	PMC5539754.nxml.gz_163	31708	31712	).	NN	31710	31712	O	None	None	None
6888	PMC5539754.nxml.gz	PMC5539754.nxml.gz_164	31713	31810	Some	DT	31713	31717	O	None	None	None
6889	PMC5539754.nxml.gz	PMC5539754.nxml.gz_164	31713	31810	studies	NNS	31718	31725	O	None	None	None
6890	PMC5539754.nxml.gz	PMC5539754.nxml.gz_164	31713	31810	have	VBP	31726	31730	O	None	None	None
6891	PMC5539754.nxml.gz	PMC5539754.nxml.gz_164	31713	31810	attributed	VBN	31731	31741	O	None	None	None
6892	PMC5539754.nxml.gz	PMC5539754.nxml.gz_164	31713	31810	seasonal	JJ	31742	31750	O	None	None	None
6893	PMC5539754.nxml.gz	PMC5539754.nxml.gz_164	31713	31810	differences	NNS	31751	31762	O	None	None	None
6894	PMC5539754.nxml.gz	PMC5539754.nxml.gz_164	31713	31810	in	IN	31763	31765	O	None	None	None
6895	PMC5539754.nxml.gz	PMC5539754.nxml.gz_164	31713	31810	gestational	JJ	31766	31777	O	None	None	None
6896	PMC5539754.nxml.gz	PMC5539754.nxml.gz_164	31713	31810	diabetes	NNS	31778	31786	O	None	None	None
6897	PMC5539754.nxml.gz	PMC5539754.nxml.gz_164	31713	31810	to	TO	31787	31789	O	None	None	None
6898	PMC5539754.nxml.gz	PMC5539754.nxml.gz_164	31713	31810	temperature	VB	31790	31801	O	None	None	None
6899	PMC5539754.nxml.gz	PMC5539754.nxml.gz_164	31713	31810	changes	NNS	31802	31809	O	None	None	None
6900	PMC5539754.nxml.gz	PMC5539754.nxml.gz_164	31713	31810	.	.	31809	31810	O	None	None	None
6901	PMC5539754.nxml.gz	PMC5539754.nxml.gz_165	31811	32058	Although	IN	31811	31819	O	None	None	None
6902	PMC5539754.nxml.gz	PMC5539754.nxml.gz_165	31811	32058	we	PRP	31820	31822	O	None	None	None
6903	PMC5539754.nxml.gz	PMC5539754.nxml.gz_165	31811	32058	did	VBD	31823	31826	O	None	None	None
6904	PMC5539754.nxml.gz	PMC5539754.nxml.gz_165	31811	32058	not	RB	31827	31830	O	None	None	None
6905	PMC5539754.nxml.gz	PMC5539754.nxml.gz_165	31811	32058	collect	VB	31831	31838	O	None	None	None
6906	PMC5539754.nxml.gz	PMC5539754.nxml.gz_165	31811	32058	data	NNS	31839	31843	O	None	None	None
6907	PMC5539754.nxml.gz	PMC5539754.nxml.gz_165	31811	32058	on	IN	31844	31846	O	None	None	None
6908	PMC5539754.nxml.gz	PMC5539754.nxml.gz_165	31811	32058	daily	JJ	31847	31852	O	None	None	None
6909	PMC5539754.nxml.gz	PMC5539754.nxml.gz_165	31811	32058	temperature	NN	31853	31864	O	None	None	None
6910	PMC5539754.nxml.gz	PMC5539754.nxml.gz_165	31811	32058	,	,	31864	31865	O	None	None	None
6911	PMC5539754.nxml.gz	PMC5539754.nxml.gz_165	31811	32058	the	DT	31866	31869	O	None	None	None
6912	PMC5539754.nxml.gz	PMC5539754.nxml.gz_165	31811	32058	temperatures	NNS	31870	31882	O	None	None	None
6913	PMC5539754.nxml.gz	PMC5539754.nxml.gz_165	31811	32058	in	IN	31883	31885	O	None	None	None
6914	PMC5539754.nxml.gz	PMC5539754.nxml.gz_165	31811	32058	Ireland	NNP	31886	31893	O	None	None	None
6915	PMC5539754.nxml.gz	PMC5539754.nxml.gz_165	31811	32058	are	VBP	31894	31897	O	None	None	None
6916	PMC5539754.nxml.gz	PMC5539754.nxml.gz_165	31811	32058	relatively	RB	31898	31908	O	None	None	None
6917	PMC5539754.nxml.gz	PMC5539754.nxml.gz_165	31811	32058	stable	JJ	31909	31915	O	None	None	None
6918	PMC5539754.nxml.gz	PMC5539754.nxml.gz_165	31811	32058	across	IN	31916	31922	O	None	None	None
6919	PMC5539754.nxml.gz	PMC5539754.nxml.gz_165	31811	32058	the	DT	31923	31926	O	None	None	None
6920	PMC5539754.nxml.gz	PMC5539754.nxml.gz_165	31811	32058	year	NN	31927	31931	O	None	None	None
6921	PMC5539754.nxml.gz	PMC5539754.nxml.gz_165	31811	32058	,	,	31931	31932	O	None	None	None
6922	PMC5539754.nxml.gz	PMC5539754.nxml.gz_165	31811	32058	with	IN	31933	31937	O	None	None	None
6923	PMC5539754.nxml.gz	PMC5539754.nxml.gz_165	31811	32058	mean	JJ	31938	31942	O	None	None	None
6924	PMC5539754.nxml.gz	PMC5539754.nxml.gz_165	31811	32058	temperature	NN	31943	31954	O	None	None	None
6925	PMC5539754.nxml.gz	PMC5539754.nxml.gz_165	31811	32058	of	IN	31955	31957	O	None	None	None
6926	PMC5539754.nxml.gz	PMC5539754.nxml.gz_165	31811	32058	5	CD	31958	31959	O	None	None	None
6927	PMC5539754.nxml.gz	PMC5539754.nxml.gz_165	31811	32058	.	.	31959	31960	O	None	None	None
6928	PMC5539754.nxml.gz	PMC5539754.nxml.gz_165	31811	32058	3	CD	31960	31961	O	None	None	None
6929	PMC5539754.nxml.gz	PMC5539754.nxml.gz_165	31811	32058	°	JJ	31962	31963	O	None	None	None
6930	PMC5539754.nxml.gz	PMC5539754.nxml.gz_165	31811	32058	C	NNP	31963	31964	O	None	None	None
6931	PMC5539754.nxml.gz	PMC5539754.nxml.gz_165	31811	32058	in	IN	31965	31967	O	None	None	None
6932	PMC5539754.nxml.gz	PMC5539754.nxml.gz_165	31811	32058	January	NNP	31968	31975	O	None	None	None
6933	PMC5539754.nxml.gz	PMC5539754.nxml.gz_165	31811	32058	and	CC	31976	31979	O	None	None	None
6934	PMC5539754.nxml.gz	PMC5539754.nxml.gz_165	31811	32058	15	CD	31980	31982	O	None	None	None
6935	PMC5539754.nxml.gz	PMC5539754.nxml.gz_165	31811	32058	.	.	31982	31983	O	None	None	None
6936	PMC5539754.nxml.gz	PMC5539754.nxml.gz_165	31811	32058	6	CD	31983	31984	O	None	None	None
6937	PMC5539754.nxml.gz	PMC5539754.nxml.gz_165	31811	32058	°	JJ	31985	31986	O	None	None	None
6938	PMC5539754.nxml.gz	PMC5539754.nxml.gz_165	31811	32058	C	NNP	31986	31987	O	None	None	None
6939	PMC5539754.nxml.gz	PMC5539754.nxml.gz_165	31811	32058	in	IN	31988	31990	O	None	None	None
6940	PMC5539754.nxml.gz	PMC5539754.nxml.gz_165	31811	32058	July	NNP	31991	31995	O	None	None	None
6941	PMC5539754.nxml.gz	PMC5539754.nxml.gz_165	31811	32058	[	NNP	31996	31997	O	None	None	None
6942	PMC5539754.nxml.gz	PMC5539754.nxml.gz_165	31811	32058	47	CD	31997	31999	O	None	None	None
6943	PMC5539754.nxml.gz	PMC5539754.nxml.gz_165	31811	32058	],	NNP	31999	32001	O	None	None	None
6944	PMC5539754.nxml.gz	PMC5539754.nxml.gz_165	31811	32058	reducing	VBG	32002	32010	O	None	None	None
6945	PMC5539754.nxml.gz	PMC5539754.nxml.gz_165	31811	32058	the	DT	32011	32014	O	None	None	None
6946	PMC5539754.nxml.gz	PMC5539754.nxml.gz_165	31811	32058	likelihood	NN	32015	32025	O	None	None	None
6947	PMC5539754.nxml.gz	PMC5539754.nxml.gz_165	31811	32058	that	IN	32026	32030	O	None	None	None
6948	PMC5539754.nxml.gz	PMC5539754.nxml.gz_165	31811	32058	temperature	NN	32031	32042	O	None	None	None
6949	PMC5539754.nxml.gz	PMC5539754.nxml.gz_165	31811	32058	is	VBZ	32043	32045	O	None	None	None
6950	PMC5539754.nxml.gz	PMC5539754.nxml.gz_165	31811	32058	responsible	JJ	32046	32057	O	None	None	None
6951	PMC5539754.nxml.gz	PMC5539754.nxml.gz_165	31811	32058	.	.	32057	32058	O	None	None	None
6952	PMC5539754.nxml.gz	PMC5539754.nxml.gz_166	32059	32229	Detailed	VBN	32059	32067	O	None	None	None
6953	PMC5539754.nxml.gz	PMC5539754.nxml.gz_166	32059	32229	data	NNS	32068	32072	O	None	None	None
6954	PMC5539754.nxml.gz	PMC5539754.nxml.gz_166	32059	32229	on	IN	32073	32075	O	None	None	None
6955	PMC5539754.nxml.gz	PMC5539754.nxml.gz_166	32059	32229	micronutrient	NN	32076	32089	O	None	None	None
6956	PMC5539754.nxml.gz	PMC5539754.nxml.gz_166	32059	32229	supplement	NN	32090	32100	O	None	None	None
6957	PMC5539754.nxml.gz	PMC5539754.nxml.gz_166	32059	32229	use	NN	32101	32104	O	None	None	None
6958	PMC5539754.nxml.gz	PMC5539754.nxml.gz_166	32059	32229	were	VBD	32105	32109	O	None	None	None
6959	PMC5539754.nxml.gz	PMC5539754.nxml.gz_166	32059	32229	not	RB	32110	32113	O	None	None	None
6960	PMC5539754.nxml.gz	PMC5539754.nxml.gz_166	32059	32229	available	JJ	32114	32123	O	None	None	None
6961	PMC5539754.nxml.gz	PMC5539754.nxml.gz_166	32059	32229	,	,	32123	32124	O	None	None	None
6962	PMC5539754.nxml.gz	PMC5539754.nxml.gz_166	32059	32229	however	RB	32125	32132	O	None	None	None
6963	PMC5539754.nxml.gz	PMC5539754.nxml.gz_166	32059	32229	,	,	32132	32133	O	None	None	None
6964	PMC5539754.nxml.gz	PMC5539754.nxml.gz_166	32059	32229	use	NN	32134	32137	O	None	None	None
6965	PMC5539754.nxml.gz	PMC5539754.nxml.gz_166	32059	32229	of	IN	32138	32140	O	None	None	None
6966	PMC5539754.nxml.gz	PMC5539754.nxml.gz_166	32059	32229	dietary	JJ	32141	32148	O	None	None	None
6967	PMC5539754.nxml.gz	PMC5539754.nxml.gz_166	32059	32229	supplements	NNS	32149	32160	O	None	None	None
6968	PMC5539754.nxml.gz	PMC5539754.nxml.gz_166	32059	32229	(	(	32161	32162	O	None	None	None
6969	PMC5539754.nxml.gz	PMC5539754.nxml.gz_166	32059	32229	yes	UH	32162	32165	O	None	None	None
6970	PMC5539754.nxml.gz	PMC5539754.nxml.gz_166	32059	32229	/	NNP	32165	32166	O	None	None	None
6971	PMC5539754.nxml.gz	PMC5539754.nxml.gz_166	32059	32229	no	DT	32166	32168	O	None	None	None
6972	PMC5539754.nxml.gz	PMC5539754.nxml.gz_166	32059	32229	)	)	32168	32169	O	None	None	None
6973	PMC5539754.nxml.gz	PMC5539754.nxml.gz_166	32059	32229	was	VBD	32170	32173	O	None	None	None
6974	PMC5539754.nxml.gz	PMC5539754.nxml.gz_166	32059	32229	included	VBN	32174	32182	O	None	None	None
6975	PMC5539754.nxml.gz	PMC5539754.nxml.gz_166	32059	32229	as	IN	32183	32185	O	None	None	None
6976	PMC5539754.nxml.gz	PMC5539754.nxml.gz_166	32059	32229	a	DT	32186	32187	O	None	None	None
6977	PMC5539754.nxml.gz	PMC5539754.nxml.gz_166	32059	32229	confounder	NN	32188	32198	O	None	None	None
6978	PMC5539754.nxml.gz	PMC5539754.nxml.gz_166	32059	32229	in	IN	32199	32201	O	None	None	None
6979	PMC5539754.nxml.gz	PMC5539754.nxml.gz_166	32059	32229	multiple	JJ	32202	32210	O	None	None	None
6980	PMC5539754.nxml.gz	PMC5539754.nxml.gz_166	32059	32229	regression	NN	32211	32221	O	None	None	None
6981	PMC5539754.nxml.gz	PMC5539754.nxml.gz_166	32059	32229	models	NNS	32222	32228	O	None	None	None
6982	PMC5539754.nxml.gz	PMC5539754.nxml.gz_166	32059	32229	.	.	32228	32229	O	None	None	None
6983	PMC5539754.nxml.gz	PMC5539754.nxml.gz_167	32230	32301	Data	NNS	32230	32234	O	None	None	None
6984	PMC5539754.nxml.gz	PMC5539754.nxml.gz_167	32230	32301	relating	VBG	32235	32243	O	None	None	None
6985	PMC5539754.nxml.gz	PMC5539754.nxml.gz_167	32230	32301	to	TO	32244	32246	O	None	None	None
6986	PMC5539754.nxml.gz	PMC5539754.nxml.gz_167	32230	32301	pre	VB	32247	32250	O	None	None	None
6987	PMC5539754.nxml.gz	PMC5539754.nxml.gz_167	32230	32301	-	:	32250	32251	O	None	None	None
6988	PMC5539754.nxml.gz	PMC5539754.nxml.gz_167	32230	32301	pregnancy	NN	32251	32260	O	None	None	None
6989	PMC5539754.nxml.gz	PMC5539754.nxml.gz_167	32230	32301	lifestyle	JJ	32261	32270	O	None	None	None
6990	PMC5539754.nxml.gz	PMC5539754.nxml.gz_167	32230	32301	behaviours	NNS	32271	32281	O	None	None	None
6991	PMC5539754.nxml.gz	PMC5539754.nxml.gz_167	32230	32301	were	VBD	32282	32286	O	None	None	None
6992	PMC5539754.nxml.gz	PMC5539754.nxml.gz_167	32230	32301	not	RB	32287	32290	O	None	None	None
6993	PMC5539754.nxml.gz	PMC5539754.nxml.gz_167	32230	32301	collected	VBN	32291	32300	O	None	None	None
6994	PMC5539754.nxml.gz	PMC5539754.nxml.gz_167	32230	32301	.	.	32300	32301	O	None	None	None
6995	PMC5539754.nxml.gz	PMC5539754.nxml.gz_168	32302	32498	The	DT	32302	32305	O	None	None	None
6996	PMC5539754.nxml.gz	PMC5539754.nxml.gz_168	32302	32498	generalisability	NN	32306	32322	O	None	None	None
6997	PMC5539754.nxml.gz	PMC5539754.nxml.gz_168	32302	32498	of	IN	32323	32325	O	None	None	None
6998	PMC5539754.nxml.gz	PMC5539754.nxml.gz_168	32302	32498	our	PRP$	32326	32329	O	None	None	None
6999	PMC5539754.nxml.gz	PMC5539754.nxml.gz_168	32302	32498	findings	NNS	32330	32338	O	None	None	None
7000	PMC5539754.nxml.gz	PMC5539754.nxml.gz_168	32302	32498	may	MD	32339	32342	O	None	None	None
7001	PMC5539754.nxml.gz	PMC5539754.nxml.gz_168	32302	32498	be	VB	32343	32345	O	None	None	None
7002	PMC5539754.nxml.gz	PMC5539754.nxml.gz_168	32302	32498	limited	VBN	32346	32353	O	None	None	None
7003	PMC5539754.nxml.gz	PMC5539754.nxml.gz_168	32302	32498	,	,	32353	32354	O	None	None	None
7004	PMC5539754.nxml.gz	PMC5539754.nxml.gz_168	32302	32498	as	IN	32355	32357	O	None	None	None
7005	PMC5539754.nxml.gz	PMC5539754.nxml.gz_168	32302	32498	participants	NNS	32358	32370	O	None	None	None
7006	PMC5539754.nxml.gz	PMC5539754.nxml.gz_168	32302	32498	had	VBD	32371	32374	O	None	None	None
7007	PMC5539754.nxml.gz	PMC5539754.nxml.gz_168	32302	32498	previously	RB	32375	32385	O	None	None	None
7008	PMC5539754.nxml.gz	PMC5539754.nxml.gz_168	32302	32498	given	VBN	32386	32391	O	None	None	None
7009	PMC5539754.nxml.gz	PMC5539754.nxml.gz_168	32302	32498	birth	NN	32392	32397	O	None	None	None
7010	PMC5539754.nxml.gz	PMC5539754.nxml.gz_168	32302	32498	to	TO	32398	32400	O	None	None	None
7011	PMC5539754.nxml.gz	PMC5539754.nxml.gz_168	32302	32498	a	DT	32401	32402	O	None	None	None
7012	PMC5539754.nxml.gz	PMC5539754.nxml.gz_168	32302	32498	macrosomic	JJ	32403	32413	O	None	None	None
7013	PMC5539754.nxml.gz	PMC5539754.nxml.gz_168	32302	32498	infant	NN	32414	32420	O	None	None	None
7014	PMC5539754.nxml.gz	PMC5539754.nxml.gz_168	32302	32498	(>	NN	32421	32423	O	None	None	None
7015	PMC5539754.nxml.gz	PMC5539754.nxml.gz_168	32302	32498	4000	CD	32423	32427	O	None	None	None
7016	PMC5539754.nxml.gz	PMC5539754.nxml.gz_168	32302	32498	g	NN	32428	32429	O	None	None	None
7017	PMC5539754.nxml.gz	PMC5539754.nxml.gz_168	32302	32498	),	NNP	32429	32431	O	None	None	None
7018	PMC5539754.nxml.gz	PMC5539754.nxml.gz_168	32302	32498	and	CC	32432	32435	O	None	None	None
7019	PMC5539754.nxml.gz	PMC5539754.nxml.gz_168	32302	32498	half	PDT	32436	32440	O	None	None	None
7020	PMC5539754.nxml.gz	PMC5539754.nxml.gz_168	32302	32498	the	DT	32441	32444	O	None	None	None
7021	PMC5539754.nxml.gz	PMC5539754.nxml.gz_168	32302	32498	women	NNS	32445	32450	B	NCBITaxon_EXT_2021_10_26_Instance_3650	None	None
7022	PMC5539754.nxml.gz	PMC5539754.nxml.gz_168	32302	32498	received	VBD	32451	32459	O	None	None	None
7023	PMC5539754.nxml.gz	PMC5539754.nxml.gz_168	32302	32498	advice	NN	32460	32466	O	None	None	None
7024	PMC5539754.nxml.gz	PMC5539754.nxml.gz_168	32302	32498	to	TO	32467	32469	O	None	None	None
7025	PMC5539754.nxml.gz	PMC5539754.nxml.gz_168	32302	32498	follow	VB	32470	32476	O	None	None	None
7026	PMC5539754.nxml.gz	PMC5539754.nxml.gz_168	32302	32498	a	DT	32477	32478	O	None	None	None
7027	PMC5539754.nxml.gz	PMC5539754.nxml.gz_168	32302	32498	low	JJ	32479	32482	O	None	None	None
7028	PMC5539754.nxml.gz	PMC5539754.nxml.gz_168	32302	32498	glycaemic	JJ	32483	32492	O	None	None	None
7029	PMC5539754.nxml.gz	PMC5539754.nxml.gz_168	32302	32498	diet	NN	32493	32497	O	None	None	None
7030	PMC5539754.nxml.gz	PMC5539754.nxml.gz_168	32302	32498	.	.	32497	32498	O	None	None	None
7031	PMC5539754.nxml.gz	PMC5539754.nxml.gz_169	32499	32580	We	PRP	32499	32501	O	None	None	None
7032	PMC5539754.nxml.gz	PMC5539754.nxml.gz_169	32499	32580	controlled	VBD	32502	32512	O	None	None	None
7033	PMC5539754.nxml.gz	PMC5539754.nxml.gz_169	32499	32580	for	IN	32513	32516	O	None	None	None
7034	PMC5539754.nxml.gz	PMC5539754.nxml.gz_169	32499	32580	intervention	NN	32517	32529	O	None	None	None
7035	PMC5539754.nxml.gz	PMC5539754.nxml.gz_169	32499	32580	grouping	NN	32530	32538	O	None	None	None
7036	PMC5539754.nxml.gz	PMC5539754.nxml.gz_169	32499	32580	in	IN	32539	32541	O	None	None	None
7037	PMC5539754.nxml.gz	PMC5539754.nxml.gz_169	32499	32580	the	DT	32542	32545	O	None	None	None
7038	PMC5539754.nxml.gz	PMC5539754.nxml.gz_169	32499	32580	multiple	JJ	32546	32554	O	None	None	None
7039	PMC5539754.nxml.gz	PMC5539754.nxml.gz_169	32499	32580	linear	JJ	32555	32561	O	None	None	None
7040	PMC5539754.nxml.gz	PMC5539754.nxml.gz_169	32499	32580	regression	NN	32562	32572	O	None	None	None
7041	PMC5539754.nxml.gz	PMC5539754.nxml.gz_169	32499	32580	models	NNS	32573	32579	O	None	None	None
7042	PMC5539754.nxml.gz	PMC5539754.nxml.gz_169	32499	32580	.	.	32579	32580	O	None	None	None
7043	PMC5539754.nxml.gz	PMC5539754.nxml.gz_170	32581	32809	Furthermore	RB	32581	32592	O	None	None	None
7044	PMC5539754.nxml.gz	PMC5539754.nxml.gz_170	32581	32809	,	,	32592	32593	O	None	None	None
7045	PMC5539754.nxml.gz	PMC5539754.nxml.gz_170	32581	32809	only	RB	32594	32598	O	None	None	None
7046	PMC5539754.nxml.gz	PMC5539754.nxml.gz_170	32581	32809	women	NNS	32599	32604	B	NCBITaxon_EXT_2021_10_26_Instance_3651	None	None
7047	PMC5539754.nxml.gz	PMC5539754.nxml.gz_170	32581	32809	who	WP	32605	32608	O	None	None	None
7048	PMC5539754.nxml.gz	PMC5539754.nxml.gz_170	32581	32809	attended	VBD	32609	32617	O	None	None	None
7049	PMC5539754.nxml.gz	PMC5539754.nxml.gz_170	32581	32809	the	DT	32618	32621	O	None	None	None
7050	PMC5539754.nxml.gz	PMC5539754.nxml.gz_170	32581	32809	2	CD	32622	32623	O	None	None	None
7051	PMC5539754.nxml.gz	PMC5539754.nxml.gz_170	32581	32809	-	:	32623	32624	O	None	None	None
7052	PMC5539754.nxml.gz	PMC5539754.nxml.gz_170	32581	32809	year	NN	32624	32628	O	None	None	None
7053	PMC5539754.nxml.gz	PMC5539754.nxml.gz_170	32581	32809	follow	SYM	32629	32635	O	None	None	None
7054	PMC5539754.nxml.gz	PMC5539754.nxml.gz_170	32581	32809	-	:	32635	32636	O	None	None	None
7055	PMC5539754.nxml.gz	PMC5539754.nxml.gz_170	32581	32809	up	RB	32636	32638	O	None	None	None
7056	PMC5539754.nxml.gz	PMC5539754.nxml.gz_170	32581	32809	appointment	NN	32639	32650	O	None	None	None
7057	PMC5539754.nxml.gz	PMC5539754.nxml.gz_170	32581	32809	had	VBD	32651	32654	O	None	None	None
7058	PMC5539754.nxml.gz	PMC5539754.nxml.gz_170	32581	32809	pregnancy	NN	32655	32664	O	None	None	None
7059	PMC5539754.nxml.gz	PMC5539754.nxml.gz_170	32581	32809	serum	NN	32665	32670	O	None	None	None
7060	PMC5539754.nxml.gz	PMC5539754.nxml.gz_170	32581	32809	25OHD	CD	32671	32676	O	None	None	None
7061	PMC5539754.nxml.gz	PMC5539754.nxml.gz_170	32581	32809	measured	VBN	32677	32685	O	None	None	None
7062	PMC5539754.nxml.gz	PMC5539754.nxml.gz_170	32581	32809	,	,	32685	32686	O	None	None	None
7063	PMC5539754.nxml.gz	PMC5539754.nxml.gz_170	32581	32809	and	CC	32687	32690	O	None	None	None
7064	PMC5539754.nxml.gz	PMC5539754.nxml.gz_170	32581	32809	some	DT	32691	32695	O	None	None	None
7065	PMC5539754.nxml.gz	PMC5539754.nxml.gz_170	32581	32809	differences	NNS	32696	32707	O	None	None	None
7066	PMC5539754.nxml.gz	PMC5539754.nxml.gz_170	32581	32809	were	VBD	32708	32712	O	None	None	None
7067	PMC5539754.nxml.gz	PMC5539754.nxml.gz_170	32581	32809	observed	VBN	32713	32721	O	None	None	None
7068	PMC5539754.nxml.gz	PMC5539754.nxml.gz_170	32581	32809	in	IN	32722	32724	O	None	None	None
7069	PMC5539754.nxml.gz	PMC5539754.nxml.gz_170	32581	32809	the	DT	32725	32728	O	None	None	None
7070	PMC5539754.nxml.gz	PMC5539754.nxml.gz_170	32581	32809	baseline	NN	32729	32737	O	None	None	None
7071	PMC5539754.nxml.gz	PMC5539754.nxml.gz_170	32581	32809	characteristics	NNS	32738	32753	O	None	None	None
7072	PMC5539754.nxml.gz	PMC5539754.nxml.gz_170	32581	32809	of	IN	32754	32756	O	None	None	None
7073	PMC5539754.nxml.gz	PMC5539754.nxml.gz_170	32581	32809	those	DT	32757	32762	O	None	None	None
7074	PMC5539754.nxml.gz	PMC5539754.nxml.gz_170	32581	32809	included	VBN	32763	32771	O	None	None	None
7075	PMC5539754.nxml.gz	PMC5539754.nxml.gz_170	32581	32809	and	CC	32772	32775	O	None	None	None
7076	PMC5539754.nxml.gz	PMC5539754.nxml.gz_170	32581	32809	excluded	VBN	32776	32784	O	None	None	None
7077	PMC5539754.nxml.gz	PMC5539754.nxml.gz_170	32581	32809	from	IN	32785	32789	O	None	None	None
7078	PMC5539754.nxml.gz	PMC5539754.nxml.gz_170	32581	32809	this	DT	32790	32794	O	None	None	None
7079	PMC5539754.nxml.gz	PMC5539754.nxml.gz_170	32581	32809	analysis	NN	32795	32803	O	None	None	None
7080	PMC5539754.nxml.gz	PMC5539754.nxml.gz_170	32581	32809	[	VBZ	32804	32805	O	None	None	None
7081	PMC5539754.nxml.gz	PMC5539754.nxml.gz_170	32581	32809	48	CD	32805	32807	O	None	None	None
7082	PMC5539754.nxml.gz	PMC5539754.nxml.gz_170	32581	32809	].	NN	32807	32809	O	None	None	None
7083	PMC5539754.nxml.gz	PMC5539754.nxml.gz_171	32810	32976	Our	PRP$	32810	32813	O	None	None	None
7084	PMC5539754.nxml.gz	PMC5539754.nxml.gz_171	32810	32976	research	NN	32814	32822	O	None	None	None
7085	PMC5539754.nxml.gz	PMC5539754.nxml.gz_171	32810	32976	would	MD	32823	32828	O	None	None	None
7086	PMC5539754.nxml.gz	PMC5539754.nxml.gz_171	32810	32976	be	VB	32829	32831	O	None	None	None
7087	PMC5539754.nxml.gz	PMC5539754.nxml.gz_171	32810	32976	strengthened	VBN	32832	32844	O	None	None	None
7088	PMC5539754.nxml.gz	PMC5539754.nxml.gz_171	32810	32976	with	IN	32845	32849	O	None	None	None
7089	PMC5539754.nxml.gz	PMC5539754.nxml.gz_171	32810	32976	the	DT	32850	32853	O	None	None	None
7090	PMC5539754.nxml.gz	PMC5539754.nxml.gz_171	32810	32976	addition	NN	32854	32862	O	None	None	None
7091	PMC5539754.nxml.gz	PMC5539754.nxml.gz_171	32810	32976	of	IN	32863	32865	O	None	None	None
7092	PMC5539754.nxml.gz	PMC5539754.nxml.gz_171	32810	32976	HbA1cdata	NNP	32866	32875	O	None	None	None
7093	PMC5539754.nxml.gz	PMC5539754.nxml.gz_171	32810	32976	in	IN	32876	32878	O	None	None	None
7094	PMC5539754.nxml.gz	PMC5539754.nxml.gz_171	32810	32976	pregnancy	NN	32879	32888	O	None	None	None
7095	PMC5539754.nxml.gz	PMC5539754.nxml.gz_171	32810	32976	and	CC	32889	32892	O	None	None	None
7096	PMC5539754.nxml.gz	PMC5539754.nxml.gz_171	32810	32976	additional	JJ	32893	32903	O	None	None	None
7097	PMC5539754.nxml.gz	PMC5539754.nxml.gz_171	32810	32976	maternal	JJ	32904	32912	O	None	None	None
7098	PMC5539754.nxml.gz	PMC5539754.nxml.gz_171	32810	32976	lifestyle	NN	32913	32922	O	None	None	None
7099	PMC5539754.nxml.gz	PMC5539754.nxml.gz_171	32810	32976	variables	NNS	32923	32932	O	None	None	None
7100	PMC5539754.nxml.gz	PMC5539754.nxml.gz_171	32810	32976	to	TO	32933	32935	O	None	None	None
7101	PMC5539754.nxml.gz	PMC5539754.nxml.gz_171	32810	32976	allow	VB	32936	32941	O	None	None	None
7102	PMC5539754.nxml.gz	PMC5539754.nxml.gz_171	32810	32976	the	DT	32942	32945	O	None	None	None
7103	PMC5539754.nxml.gz	PMC5539754.nxml.gz_171	32810	32976	associations	NNS	32946	32958	O	None	None	None
7104	PMC5539754.nxml.gz	PMC5539754.nxml.gz_171	32810	32976	to	TO	32959	32961	O	None	None	None
7105	PMC5539754.nxml.gz	PMC5539754.nxml.gz_171	32810	32976	be	VB	32962	32964	O	None	None	None
7106	PMC5539754.nxml.gz	PMC5539754.nxml.gz_171	32810	32976	teased	VBN	32965	32971	O	None	None	None
7107	PMC5539754.nxml.gz	PMC5539754.nxml.gz_171	32810	32976	out	RP	32972	32975	O	None	None	None
7108	PMC5539754.nxml.gz	PMC5539754.nxml.gz_171	32810	32976	.	.	32975	32976	O	None	None	None
7109	PMC5539754.nxml.gz	PMC5539754.nxml.gz_172	32977	33256	The	DT	32977	32980	O	None	None	None
7110	PMC5539754.nxml.gz	PMC5539754.nxml.gz_172	32977	33256	use	NN	32981	32984	O	None	None	None
7111	PMC5539754.nxml.gz	PMC5539754.nxml.gz_172	32977	33256	of	IN	32985	32987	O	None	None	None
7112	PMC5539754.nxml.gz	PMC5539754.nxml.gz_172	32977	33256	GTT	NNP	32988	32991	O	None	None	None
7113	PMC5539754.nxml.gz	PMC5539754.nxml.gz_172	32977	33256	(	(	32992	32993	O	None	None	None
7114	PMC5539754.nxml.gz	PMC5539754.nxml.gz_172	32977	33256	75	CD	32993	32995	O	None	None	None
7115	PMC5539754.nxml.gz	PMC5539754.nxml.gz_172	32977	33256	g	NN	32996	32997	O	None	None	None
7116	PMC5539754.nxml.gz	PMC5539754.nxml.gz_172	32977	33256	glucose	JJ	32998	33005	O	None	None	None
7117	PMC5539754.nxml.gz	PMC5539754.nxml.gz_172	32977	33256	load	NN	33006	33010	O	None	None	None
7118	PMC5539754.nxml.gz	PMC5539754.nxml.gz_172	32977	33256	),	VBZ	33010	33012	O	None	None	None
7119	PMC5539754.nxml.gz	PMC5539754.nxml.gz_172	32977	33256	rather	RB	33013	33019	O	None	None	None
7120	PMC5539754.nxml.gz	PMC5539754.nxml.gz_172	32977	33256	than	IN	33020	33024	O	None	None	None
7121	PMC5539754.nxml.gz	PMC5539754.nxml.gz_172	32977	33256	glucose	VB	33025	33032	O	None	None	None
7122	PMC5539754.nxml.gz	PMC5539754.nxml.gz_172	32977	33256	challenge	JJ	33033	33042	O	None	None	None
7123	PMC5539754.nxml.gz	PMC5539754.nxml.gz_172	32977	33256	test	NN	33043	33047	O	None	None	None
7124	PMC5539754.nxml.gz	PMC5539754.nxml.gz_172	32977	33256	,	,	33047	33048	O	None	None	None
7125	PMC5539754.nxml.gz	PMC5539754.nxml.gz_172	32977	33256	would	MD	33049	33054	O	None	None	None
7126	PMC5539754.nxml.gz	PMC5539754.nxml.gz_172	32977	33256	have	VB	33055	33059	O	None	None	None
7127	PMC5539754.nxml.gz	PMC5539754.nxml.gz_172	32977	33256	allowed	VBN	33060	33067	O	None	None	None
7128	PMC5539754.nxml.gz	PMC5539754.nxml.gz_172	32977	33256	for	IN	33068	33071	O	None	None	None
7129	PMC5539754.nxml.gz	PMC5539754.nxml.gz_172	32977	33256	better	JJR	33072	33078	O	None	None	None
7130	PMC5539754.nxml.gz	PMC5539754.nxml.gz_172	32977	33256	comparison	NN	33079	33089	O	None	None	None
7131	PMC5539754.nxml.gz	PMC5539754.nxml.gz_172	32977	33256	with	IN	33090	33094	O	None	None	None
7132	PMC5539754.nxml.gz	PMC5539754.nxml.gz_172	32977	33256	the	DT	33095	33098	O	None	None	None
7133	PMC5539754.nxml.gz	PMC5539754.nxml.gz_172	32977	33256	seasonal	JJ	33099	33107	O	None	None	None
7134	PMC5539754.nxml.gz	PMC5539754.nxml.gz_172	32977	33256	gestational	JJ	33108	33119	O	None	None	None
7135	PMC5539754.nxml.gz	PMC5539754.nxml.gz_172	32977	33256	diabetes	NNS	33120	33128	O	None	None	None
7136	PMC5539754.nxml.gz	PMC5539754.nxml.gz_172	32977	33256	papers	NNS	33129	33135	O	None	None	None
7137	PMC5539754.nxml.gz	PMC5539754.nxml.gz_172	32977	33256	discussed	VBD	33136	33145	O	None	None	None
7138	PMC5539754.nxml.gz	PMC5539754.nxml.gz_172	32977	33256	,	,	33145	33146	O	None	None	None
7139	PMC5539754.nxml.gz	PMC5539754.nxml.gz_172	32977	33256	however	RB	33147	33154	O	None	None	None
7140	PMC5539754.nxml.gz	PMC5539754.nxml.gz_172	32977	33256	universal	JJ	33155	33164	O	None	None	None
7141	PMC5539754.nxml.gz	PMC5539754.nxml.gz_172	32977	33256	screening	VBG	33165	33174	O	None	None	None
7142	PMC5539754.nxml.gz	PMC5539754.nxml.gz_172	32977	33256	for	IN	33175	33178	O	None	None	None
7143	PMC5539754.nxml.gz	PMC5539754.nxml.gz_172	32977	33256	gestational	JJ	33179	33190	O	None	None	None
7144	PMC5539754.nxml.gz	PMC5539754.nxml.gz_172	32977	33256	diabetes	NNS	33191	33199	O	None	None	None
7145	PMC5539754.nxml.gz	PMC5539754.nxml.gz_172	32977	33256	using	VBG	33200	33205	O	None	None	None
7146	PMC5539754.nxml.gz	PMC5539754.nxml.gz_172	32977	33256	GTT	NNP	33206	33209	O	None	None	None
7147	PMC5539754.nxml.gz	PMC5539754.nxml.gz_172	32977	33256	is	VBZ	33210	33212	O	None	None	None
7148	PMC5539754.nxml.gz	PMC5539754.nxml.gz_172	32977	33256	not	RB	33213	33216	O	None	None	None
7149	PMC5539754.nxml.gz	PMC5539754.nxml.gz_172	32977	33256	currently	RB	33217	33226	O	None	None	None
7150	PMC5539754.nxml.gz	PMC5539754.nxml.gz_172	32977	33256	standard	JJ	33227	33235	O	None	None	None
7151	PMC5539754.nxml.gz	PMC5539754.nxml.gz_172	32977	33256	practice	NN	33236	33244	O	None	None	None
7152	PMC5539754.nxml.gz	PMC5539754.nxml.gz_172	32977	33256	in	IN	33245	33247	O	None	None	None
7153	PMC5539754.nxml.gz	PMC5539754.nxml.gz_172	32977	33256	Ireland	NNP	33248	33255	O	None	None	None
7154	PMC5539754.nxml.gz	PMC5539754.nxml.gz_172	32977	33256	.	.	33255	33256	O	None	None	None
7155	PMC5539754.nxml.gz	PMC5539754.nxml.gz_173	33257	33347	Additionally	RB	33257	33269	O	None	None	None
7156	PMC5539754.nxml.gz	PMC5539754.nxml.gz_173	33257	33347	,	,	33269	33270	O	None	None	None
7157	PMC5539754.nxml.gz	PMC5539754.nxml.gz_173	33257	33347	our	PRP$	33271	33274	O	None	None	None
7158	PMC5539754.nxml.gz	PMC5539754.nxml.gz_173	33257	33347	findings	NNS	33275	33283	O	None	None	None
7159	PMC5539754.nxml.gz	PMC5539754.nxml.gz_173	33257	33347	are	VBP	33284	33287	O	None	None	None
7160	PMC5539754.nxml.gz	PMC5539754.nxml.gz_173	33257	33347	observational	JJ	33288	33301	O	None	None	None
7161	PMC5539754.nxml.gz	PMC5539754.nxml.gz_173	33257	33347	in	IN	33302	33304	O	None	None	None
7162	PMC5539754.nxml.gz	PMC5539754.nxml.gz_173	33257	33347	nature	JJ	33305	33311	O	None	None	None
7163	PMC5539754.nxml.gz	PMC5539754.nxml.gz_173	33257	33347	thus	RB	33312	33316	O	None	None	None
7164	PMC5539754.nxml.gz	PMC5539754.nxml.gz_173	33257	33347	we	PRP	33317	33319	O	None	None	None
7165	PMC5539754.nxml.gz	PMC5539754.nxml.gz_173	33257	33347	cannot	VBP	33320	33326	O	None	None	None
7166	PMC5539754.nxml.gz	PMC5539754.nxml.gz_173	33257	33347	determine	JJ	33327	33336	O	None	None	None
7167	PMC5539754.nxml.gz	PMC5539754.nxml.gz_173	33257	33347	causality	NN	33337	33346	O	None	None	None
7168	PMC5539754.nxml.gz	PMC5539754.nxml.gz_173	33257	33347	.	.	33346	33347	O	None	None	None
7169	PMC5539754.nxml.gz	PMC5539754.nxml.gz_174	33349	33600	Conclusions	NNS	33349	33360	O	None	None	None
7170	PMC5539754.nxml.gz	PMC5539754.nxml.gz_174	33349	33600	Women	NNS	33361	33366	B	NCBITaxon_EXT_2021_10_26_Instance_3652	None	None
7171	PMC5539754.nxml.gz	PMC5539754.nxml.gz_174	33349	33600	who	WP	33367	33370	O	None	None	None
7172	PMC5539754.nxml.gz	PMC5539754.nxml.gz_174	33349	33600	attend	VBP	33371	33377	O	None	None	None
7173	PMC5539754.nxml.gz	PMC5539754.nxml.gz_174	33349	33600	their	PRP$	33378	33383	O	None	None	None
7174	PMC5539754.nxml.gz	PMC5539754.nxml.gz_174	33349	33600	first	JJ	33384	33389	O	None	None	None
7175	PMC5539754.nxml.gz	PMC5539754.nxml.gz_174	33349	33600	antenatal	JJ	33390	33399	O	None	None	None
7176	PMC5539754.nxml.gz	PMC5539754.nxml.gz_174	33349	33600	visit	NN	33400	33405	O	None	None	None
7177	PMC5539754.nxml.gz	PMC5539754.nxml.gz_174	33349	33600	during	IN	33406	33412	O	None	None	None
7178	PMC5539754.nxml.gz	PMC5539754.nxml.gz_174	33349	33600	the	DT	33413	33416	O	None	None	None
7179	PMC5539754.nxml.gz	PMC5539754.nxml.gz_174	33349	33600	months	NNS	33417	33423	O	None	None	None
7180	PMC5539754.nxml.gz	PMC5539754.nxml.gz_174	33349	33600	of	IN	33424	33426	O	None	None	None
7181	PMC5539754.nxml.gz	PMC5539754.nxml.gz_174	33349	33600	extended	JJ	33427	33435	O	None	None	None
7182	PMC5539754.nxml.gz	PMC5539754.nxml.gz_174	33349	33600	winter	NN	33436	33442	O	None	None	None
7183	PMC5539754.nxml.gz	PMC5539754.nxml.gz_174	33349	33600	were	VBD	33443	33447	O	None	None	None
7184	PMC5539754.nxml.gz	PMC5539754.nxml.gz_174	33349	33600	more	RBR	33448	33452	O	None	None	None
7185	PMC5539754.nxml.gz	PMC5539754.nxml.gz_174	33349	33600	likely	JJ	33453	33459	O	None	None	None
7186	PMC5539754.nxml.gz	PMC5539754.nxml.gz_174	33349	33600	to	TO	33460	33462	O	None	None	None
7187	PMC5539754.nxml.gz	PMC5539754.nxml.gz_174	33349	33600	have	VB	33463	33467	O	None	None	None
7188	PMC5539754.nxml.gz	PMC5539754.nxml.gz_174	33349	33600	raised	VBN	33468	33474	O	None	None	None
7189	PMC5539754.nxml.gz	PMC5539754.nxml.gz_174	33349	33600	insulin	NN	33475	33482	O	None	None	None
7190	PMC5539754.nxml.gz	PMC5539754.nxml.gz_174	33349	33600	resistance	NN	33483	33493	O	None	None	None
7191	PMC5539754.nxml.gz	PMC5539754.nxml.gz_174	33349	33600	in	IN	33494	33496	O	None	None	None
7192	PMC5539754.nxml.gz	PMC5539754.nxml.gz_174	33349	33600	early	JJ	33497	33502	O	None	None	None
7193	PMC5539754.nxml.gz	PMC5539754.nxml.gz_174	33349	33600	and	CC	33503	33506	O	None	None	None
7194	PMC5539754.nxml.gz	PMC5539754.nxml.gz_174	33349	33600	late	JJ	33507	33511	O	None	None	None
7195	PMC5539754.nxml.gz	PMC5539754.nxml.gz_174	33349	33600	pregnancy	NN	33512	33521	O	None	None	None
7196	PMC5539754.nxml.gz	PMC5539754.nxml.gz_174	33349	33600	,	,	33521	33522	O	None	None	None
7197	PMC5539754.nxml.gz	PMC5539754.nxml.gz_174	33349	33600	and	CC	33523	33526	O	None	None	None
7198	PMC5539754.nxml.gz	PMC5539754.nxml.gz_174	33349	33600	increased	VBD	33527	33536	O	None	None	None
7199	PMC5539754.nxml.gz	PMC5539754.nxml.gz_174	33349	33600	fasting	VBG	33537	33544	O	None	None	None
7200	PMC5539754.nxml.gz	PMC5539754.nxml.gz_174	33349	33600	glucose	RB	33545	33552	O	None	None	None
7201	PMC5539754.nxml.gz	PMC5539754.nxml.gz_174	33349	33600	in	IN	33553	33555	O	None	None	None
7202	PMC5539754.nxml.gz	PMC5539754.nxml.gz_174	33349	33600	late	JJ	33556	33560	O	None	None	None
7203	PMC5539754.nxml.gz	PMC5539754.nxml.gz_174	33349	33600	pregnancy	NN	33561	33570	O	None	None	None
7204	PMC5539754.nxml.gz	PMC5539754.nxml.gz_174	33349	33600	,	,	33570	33571	O	None	None	None
7205	PMC5539754.nxml.gz	PMC5539754.nxml.gz_174	33349	33600	independent	JJ	33572	33583	O	None	None	None
7206	PMC5539754.nxml.gz	PMC5539754.nxml.gz_174	33349	33600	of	IN	33584	33586	O	None	None	None
7207	PMC5539754.nxml.gz	PMC5539754.nxml.gz_174	33349	33600	25OHD	CD	33587	33592	O	None	None	None
7208	PMC5539754.nxml.gz	PMC5539754.nxml.gz_174	33349	33600	status	NN	33593	33599	O	None	None	None
7209	PMC5539754.nxml.gz	PMC5539754.nxml.gz_174	33349	33600	.	.	33599	33600	O	None	None	None
7210	PMC5539754.nxml.gz	PMC5539754.nxml.gz_175	33601	33768	Participants	NNS	33601	33613	O	None	None	None
7211	PMC5539754.nxml.gz	PMC5539754.nxml.gz_175	33601	33768	at	IN	33614	33616	O	None	None	None
7212	PMC5539754.nxml.gz	PMC5539754.nxml.gz_175	33601	33768	risk	NN	33617	33621	O	None	None	None
7213	PMC5539754.nxml.gz	PMC5539754.nxml.gz_175	33601	33768	of	IN	33622	33624	O	None	None	None
7214	PMC5539754.nxml.gz	PMC5539754.nxml.gz_175	33601	33768	vitamin	NN	33625	33632	O	None	None	None
7215	PMC5539754.nxml.gz	PMC5539754.nxml.gz_175	33601	33768	D	NNP	33633	33634	O	None	None	None
7216	PMC5539754.nxml.gz	PMC5539754.nxml.gz_175	33601	33768	deficiency	NN	33635	33645	O	None	None	None
7217	PMC5539754.nxml.gz	PMC5539754.nxml.gz_175	33601	33768	at	IN	33646	33648	O	None	None	None
7218	PMC5539754.nxml.gz	PMC5539754.nxml.gz_175	33601	33768	their	PRP$	33649	33654	O	None	None	None
7219	PMC5539754.nxml.gz	PMC5539754.nxml.gz_175	33601	33768	first	JJ	33655	33660	O	None	None	None
7220	PMC5539754.nxml.gz	PMC5539754.nxml.gz_175	33601	33768	antenatal	JJ	33661	33670	O	None	None	None
7221	PMC5539754.nxml.gz	PMC5539754.nxml.gz_175	33601	33768	visit	NN	33671	33676	O	None	None	None
7222	PMC5539754.nxml.gz	PMC5539754.nxml.gz_175	33601	33768	were	VBD	33677	33681	O	None	None	None
7223	PMC5539754.nxml.gz	PMC5539754.nxml.gz_175	33601	33768	likely	JJ	33682	33688	O	None	None	None
7224	PMC5539754.nxml.gz	PMC5539754.nxml.gz_175	33601	33768	to	TO	33689	33691	O	None	None	None
7225	PMC5539754.nxml.gz	PMC5539754.nxml.gz_175	33601	33768	have	VB	33692	33696	O	None	None	None
7226	PMC5539754.nxml.gz	PMC5539754.nxml.gz_175	33601	33768	increased	VBN	33697	33706	O	None	None	None
7227	PMC5539754.nxml.gz	PMC5539754.nxml.gz_175	33601	33768	fasting	VBG	33707	33714	O	None	None	None
7228	PMC5539754.nxml.gz	PMC5539754.nxml.gz_175	33601	33768	glucose	NN	33715	33722	O	None	None	None
7229	PMC5539754.nxml.gz	PMC5539754.nxml.gz_175	33601	33768	at	IN	33723	33725	O	None	None	None
7230	PMC5539754.nxml.gz	PMC5539754.nxml.gz_175	33601	33768	28	CD	33726	33728	O	None	None	None
7231	PMC5539754.nxml.gz	PMC5539754.nxml.gz_175	33601	33768	weeks	NNS	33729	33734	O	None	None	None
7232	PMC5539754.nxml.gz	PMC5539754.nxml.gz_175	33601	33768	’	JJ	33734	33735	O	None	None	None
7233	PMC5539754.nxml.gz	PMC5539754.nxml.gz_175	33601	33768	gestation	NN	33736	33745	O	None	None	None
7234	PMC5539754.nxml.gz	PMC5539754.nxml.gz_175	33601	33768	,	,	33745	33746	O	None	None	None
7235	PMC5539754.nxml.gz	PMC5539754.nxml.gz_175	33601	33768	regardless	RB	33747	33757	O	None	None	None
7236	PMC5539754.nxml.gz	PMC5539754.nxml.gz_175	33601	33768	of	IN	33758	33760	O	None	None	None
7237	PMC5539754.nxml.gz	PMC5539754.nxml.gz_175	33601	33768	season	NN	33761	33767	O	None	None	None
7238	PMC5539754.nxml.gz	PMC5539754.nxml.gz_175	33601	33768	.	.	33767	33768	O	None	None	None
7239	PMC5539754.nxml.gz	PMC5539754.nxml.gz_176	33769	33956	While	IN	33769	33774	O	None	None	None
7240	PMC5539754.nxml.gz	PMC5539754.nxml.gz_176	33769	33956	no	DT	33775	33777	O	None	None	None
7241	PMC5539754.nxml.gz	PMC5539754.nxml.gz_176	33769	33956	interaction	NN	33778	33789	O	None	None	None
7242	PMC5539754.nxml.gz	PMC5539754.nxml.gz_176	33769	33956	effect	NN	33790	33796	O	None	None	None
7243	PMC5539754.nxml.gz	PMC5539754.nxml.gz_176	33769	33956	was	VBD	33797	33800	O	None	None	None
7244	PMC5539754.nxml.gz	PMC5539754.nxml.gz_176	33769	33956	observed	VBN	33801	33809	O	None	None	None
7245	PMC5539754.nxml.gz	PMC5539754.nxml.gz_176	33769	33956	between	IN	33810	33817	O	None	None	None
7246	PMC5539754.nxml.gz	PMC5539754.nxml.gz_176	33769	33956	season	NN	33818	33824	O	None	None	None
7247	PMC5539754.nxml.gz	PMC5539754.nxml.gz_176	33769	33956	and	CC	33825	33828	O	None	None	None
7248	PMC5539754.nxml.gz	PMC5539754.nxml.gz_176	33769	33956	vitamin	NN	33829	33836	O	None	None	None
7249	PMC5539754.nxml.gz	PMC5539754.nxml.gz_176	33769	33956	D	NNP	33837	33838	O	None	None	None
7250	PMC5539754.nxml.gz	PMC5539754.nxml.gz_176	33769	33956	with	IN	33839	33843	O	None	None	None
7251	PMC5539754.nxml.gz	PMC5539754.nxml.gz_176	33769	33956	regards	NNS	33844	33851	O	None	None	None
7252	PMC5539754.nxml.gz	PMC5539754.nxml.gz_176	33769	33956	to	TO	33852	33854	O	None	None	None
7253	PMC5539754.nxml.gz	PMC5539754.nxml.gz_176	33769	33956	glucose	VB	33855	33862	O	None	None	None
7254	PMC5539754.nxml.gz	PMC5539754.nxml.gz_176	33769	33956	homeostasis	NN	33863	33874	O	None	None	None
7255	PMC5539754.nxml.gz	PMC5539754.nxml.gz_176	33769	33956	,	,	33874	33875	O	None	None	None
7256	PMC5539754.nxml.gz	PMC5539754.nxml.gz_176	33769	33956	it	PRP	33876	33878	O	None	None	None
7257	PMC5539754.nxml.gz	PMC5539754.nxml.gz_176	33769	33956	is	VBZ	33879	33881	O	None	None	None
7258	PMC5539754.nxml.gz	PMC5539754.nxml.gz_176	33769	33956	well	RB	33882	33886	O	None	None	None
7259	PMC5539754.nxml.gz	PMC5539754.nxml.gz_176	33769	33956	recognised	VBN	33887	33897	O	None	None	None
7260	PMC5539754.nxml.gz	PMC5539754.nxml.gz_176	33769	33956	that	IN	33898	33902	O	None	None	None
7261	PMC5539754.nxml.gz	PMC5539754.nxml.gz_176	33769	33956	25OHD	CD	33903	33908	O	None	None	None
7262	PMC5539754.nxml.gz	PMC5539754.nxml.gz_176	33769	33956	declines	NNS	33909	33917	O	None	None	None
7263	PMC5539754.nxml.gz	PMC5539754.nxml.gz_176	33769	33956	in	IN	33918	33920	O	None	None	None
7264	PMC5539754.nxml.gz	PMC5539754.nxml.gz_176	33769	33956	winter	NN	33921	33927	O	None	None	None
7265	PMC5539754.nxml.gz	PMC5539754.nxml.gz_176	33769	33956	,	,	33927	33928	O	None	None	None
7266	PMC5539754.nxml.gz	PMC5539754.nxml.gz_176	33769	33956	and	CC	33929	33932	O	None	None	None
7267	PMC5539754.nxml.gz	PMC5539754.nxml.gz_176	33769	33956	is	VBZ	33933	33935	O	None	None	None
7268	PMC5539754.nxml.gz	PMC5539754.nxml.gz_176	33769	33956	a	DT	33936	33937	O	None	None	None
7269	PMC5539754.nxml.gz	PMC5539754.nxml.gz_176	33769	33956	modifiable	JJ	33938	33948	O	None	None	None
7270	PMC5539754.nxml.gz	PMC5539754.nxml.gz_176	33769	33956	factor	NN	33949	33955	O	None	None	None
7271	PMC5539754.nxml.gz	PMC5539754.nxml.gz_176	33769	33956	.	.	33955	33956	O	None	None	None
7272	PMC5539754.nxml.gz	PMC5539754.nxml.gz_177	33957	34153	Our	PRP$	33957	33960	O	None	None	None
7273	PMC5539754.nxml.gz	PMC5539754.nxml.gz_177	33957	34153	novel	JJ	33961	33966	O	None	None	None
7274	PMC5539754.nxml.gz	PMC5539754.nxml.gz_177	33957	34153	finding	NN	33967	33974	O	None	None	None
7275	PMC5539754.nxml.gz	PMC5539754.nxml.gz_177	33957	34153	of	IN	33975	33977	O	None	None	None
7276	PMC5539754.nxml.gz	PMC5539754.nxml.gz_177	33957	34153	the	DT	33978	33981	O	None	None	None
7277	PMC5539754.nxml.gz	PMC5539754.nxml.gz_177	33957	34153	association	NN	33982	33993	O	None	None	None
7278	PMC5539754.nxml.gz	PMC5539754.nxml.gz_177	33957	34153	between	IN	33994	34001	O	None	None	None
7279	PMC5539754.nxml.gz	PMC5539754.nxml.gz_177	33957	34153	season	NN	34002	34008	O	None	None	None
7280	PMC5539754.nxml.gz	PMC5539754.nxml.gz_177	33957	34153	and	CC	34009	34012	O	None	None	None
7281	PMC5539754.nxml.gz	PMC5539754.nxml.gz_177	33957	34153	insulin	NN	34013	34020	O	None	None	None
7282	PMC5539754.nxml.gz	PMC5539754.nxml.gz_177	33957	34153	resistance	NN	34021	34031	O	None	None	None
7283	PMC5539754.nxml.gz	PMC5539754.nxml.gz_177	33957	34153	,	,	34031	34032	O	None	None	None
7284	PMC5539754.nxml.gz	PMC5539754.nxml.gz_177	33957	34153	independent	JJ	34033	34044	O	None	None	None
7285	PMC5539754.nxml.gz	PMC5539754.nxml.gz_177	33957	34153	of	IN	34045	34047	O	None	None	None
7286	PMC5539754.nxml.gz	PMC5539754.nxml.gz_177	33957	34153	25OHD	CD	34048	34053	O	None	None	None
7287	PMC5539754.nxml.gz	PMC5539754.nxml.gz_177	33957	34153	,	,	34053	34054	O	None	None	None
7288	PMC5539754.nxml.gz	PMC5539754.nxml.gz_177	33957	34153	could	MD	34055	34060	O	None	None	None
7289	PMC5539754.nxml.gz	PMC5539754.nxml.gz_177	33957	34153	reflect	VB	34061	34068	O	None	None	None
7290	PMC5539754.nxml.gz	PMC5539754.nxml.gz_177	33957	34153	circannual	JJ	34069	34079	O	None	None	None
7291	PMC5539754.nxml.gz	PMC5539754.nxml.gz_177	33957	34153	rhythm	NN	34080	34086	O	None	None	None
7292	PMC5539754.nxml.gz	PMC5539754.nxml.gz_177	33957	34153	or	CC	34087	34089	O	None	None	None
7293	PMC5539754.nxml.gz	PMC5539754.nxml.gz_177	33957	34153	seasonal	JJ	34090	34098	O	None	None	None
7294	PMC5539754.nxml.gz	PMC5539754.nxml.gz_177	33957	34153	lifestyle	JJ	34099	34108	O	None	None	None
7295	PMC5539754.nxml.gz	PMC5539754.nxml.gz_177	33957	34153	behaviours	NNS	34109	34119	O	None	None	None
7296	PMC5539754.nxml.gz	PMC5539754.nxml.gz_177	33957	34153	and	CC	34120	34123	O	None	None	None
7297	PMC5539754.nxml.gz	PMC5539754.nxml.gz_177	33957	34153	requires	VBZ	34124	34132	O	None	None	None
7298	PMC5539754.nxml.gz	PMC5539754.nxml.gz_177	33957	34153	further	JJ	34133	34140	O	None	None	None
7299	PMC5539754.nxml.gz	PMC5539754.nxml.gz_177	33957	34153	exploration	NN	34141	34152	O	None	None	None
7300	PMC5539754.nxml.gz	PMC5539754.nxml.gz_177	33957	34153	.	.	34152	34153	O	None	None	None
7301	PMC5539754.nxml.gz	PMC5539754.nxml.gz_178	34155	34170	PubMed	JJ	34155	34161	O	None	None	None
7302	PMC5539754.nxml.gz	PMC5539754.nxml.gz_178	34155	34170	Central	NNP	34162	34169	O	None	None	None
7303	PMC5539754.nxml.gz	PMC5539754.nxml.gz_178	34155	34170	:	:	34169	34170	O	None	None	None
