eval_f = 0.9466208
eval_precision = 0.9261765
eval_recall = 0.9686224
global_step = 6143
loss = 0.34769964
