eval_f = 0.88237387
eval_precision = 0.85441375
eval_recall = 0.91795665
global_step = 6143
loss = 0.36319047
