eval_f = 0.9242114
eval_precision = 0.8905381
eval_recall = 0.9606751
global_step = 6158
loss = 4.534155
