eval_f = 0.94900644
eval_precision = 0.9413793
eval_recall = 0.95689654
global_step = 6143
loss = 0.36293885
