eval_f = 0.9638734
eval_precision = 0.93194443
eval_recall = 1.0
global_step = 6143
loss = 0.19906944
